AnoMes,PAG_PFPJ,REC_PFPJ,PAG_REGIAO,REC_REGIAO,PAG_IDADE,REC_IDADE,FORMAINICIACAO,NATUREZA,FINALIDADE,VALOR,QUANTIDADE
202411,PF,PJ,NORDESTE,NORTE,entre 30 e 39 anos,Nao se aplica,MANU,P2G,Pix,"31488,37",5
202411,PF,PF,NORDESTE,SUDESTE,entre 50 e 59 anos,entre 40 e 49 anos,MANU,P2P,Pix,"17702192,83",93119
202411,PF,PJ,SUDESTE,SUL,mais de 60 anos,Nao se aplica,DICT,P2G,Pix,"21802,41",39
202411,PJ,PF,SUL,SUL,Nao se aplica,entre 50 e 59 anos,DICT,B2P,Pix,"4398553782,39",3242867
202411,PF,PJ,NORTE,SUL,entre 40 e 49 anos,Nao se aplica,QRDN,P2G,Pix,"366494,02",796
202411,PF,PJ,SUL,CENTRO-OESTE,entre 50 e 59 anos,Nao se aplica,QRES,P2G,Pix,"7374,1",92
202411,PF,PF,SUL,NORTE,até 19 anos,entre 30 e 39 anos,QRES,P2P,Pix,"126822,58",5720
202411,PF,PF,SUDESTE,Nao informado,entre 20 e 29 anos,até 19 anos,QRES,P2P,Pix,"3790,95",57
202411,PF,PF,CENTRO-OESTE,SUDESTE,mais de 60 anos,mais de 60 anos,QRDN,P2P,Pix,"69036,47",1270
202411,PF,PJ,NORDESTE,NORDESTE,entre 20 e 29 anos,Nao se aplica,MANU,P2G,Pix,"182825,26",457
202411,PF,PF,SUL,NORTE,entre 40 e 49 anos,entre 50 e 59 anos,Nao disponivel,P2P,Nao disponivel,"12938,1",93
202411,PF,PF,NORDESTE,NORDESTE,entre 50 e 59 anos,mais de 60 anos,QRDN,P2P,Pix,"11495527,09",320080
202411,PF,PJ,Nao informado,CENTRO-OESTE,mais de 60 anos,Nao se aplica,QRDN,P2B,Pix,"259637,56",1087
202411,PJ,PF,Nao informado,NORDESTE,Nao se aplica,entre 30 e 39 anos,DICT,B2P,Pix,"1574467,61",1559
202411,PF,PF,Nao informado,SUL,entre 40 e 49 anos,entre 50 e 59 anos,DICT,P2P,Pix,"3075524,26",3261
202411,PF,PF,NORTE,NORTE,entre 30 e 39 anos,entre 50 e 59 anos,Nao disponivel,P2P,Nao disponivel,"1382915,76",7388
202411,PF,PF,NORTE,NORTE,até 19 anos,até 19 anos,Nao disponivel,P2P,Nao disponivel,"1444079,19",27070
202411,PF,PF,NORDESTE,Nao informado,entre 40 e 49 anos,mais de 60 anos,MANU,P2P,Pix,"73021,47",238
202411,PF,PF,SUDESTE,SUDESTE,entre 50 e 59 anos,mais de 60 anos,Nao disponivel,P2P,Nao disponivel,"4311063,51",11513
202411,PF,PF,SUL,SUDESTE,entre 40 e 49 anos,entre 20 e 29 anos,Nao disponivel,P2P,Nao disponivel,"132433,98",713
202411,PF,PF,NORTE,NORTE,entre 50 e 59 anos,entre 40 e 49 anos,Nao disponivel,P2P,Nao disponivel,"630774,51",3417
202411,PF,PF,NORTE,NORTE,entre 40 e 49 anos,até 19 anos,QRES,P2P,Pix,"2611976,94",62477
202411,PF,PF,SUL,Nao informado,entre 30 e 39 anos,Nao informado,MANU,P2P,Pix,50,1
202411,PF,PF,SUL,Nao informado,entre 20 e 29 anos,entre 20 e 29 anos,Nao disponivel,P2P,Nao disponivel,"26690,31",43
202411,PF,PF,Nao informado,Nao informado,entre 50 e 59 anos,até 19 anos,QRES,P2P,Pix,183,7
202411,PF,PF,CENTRO-OESTE,NORTE,entre 40 e 49 anos,até 19 anos,Nao disponivel,P2P,Nao disponivel,"15986,23",182
202411,PF,PF,CENTRO-OESTE,SUDESTE,entre 30 e 39 anos,entre 40 e 49 anos,INIC,P2P,Pix,"24,9",1
202411,PF,PF,NORDESTE,SUL,até 19 anos,entre 50 e 59 anos,DICT,P2P,Pix,"1205742,27",13390
202411,PF,PF,CENTRO-OESTE,CENTRO-OESTE,até 19 anos,entre 40 e 49 anos,Nao disponivel,P2P,Nao disponivel,"1260465,54",8928
202411,PF,PJ,SUL,NORDESTE,entre 30 e 39 anos,Nao se aplica,QRES,P2B,Pix,"8022721,01",137994
202411,PJ,PF,SUL,CENTRO-OESTE,Nao se aplica,entre 50 e 59 anos,DICT,G2P,Pix,"26911,35",127
202411,PF,PF,NORTE,NORTE,até 19 anos,até 19 anos,QRES,P2P,Pix,"5143612,65",115706
202411,PF,PF,NORDESTE,SUDESTE,mais de 60 anos,Nao informado,QRES,P2P,Pix,"571039,07",358
202411,PF,PF,NORTE,Nao informado,entre 40 e 49 anos,até 19 anos,Nao disponivel,P2P,Nao disponivel,"446,02",5
202411,PF,PF,SUDESTE,NORTE,entre 20 e 29 anos,entre 30 e 39 anos,MANU,P2P,Pix,"5216483,56",33049
202411,PF,PF,CENTRO-OESTE,CENTRO-OESTE,entre 20 e 29 anos,entre 30 e 39 anos,MANU,P2P,Pix,"207906533,75",1128726
202411,PF,PJ,NORTE,SUDESTE,até 19 anos,Nao se aplica,MANU,P2B,Pix,"599679,87",8402
202411,PF,PF,Nao informado,SUDESTE,entre 20 e 29 anos,mais de 60 anos,MANU,P2P,Pix,"531799,32",558
202411,PF,PF,SUL,SUDESTE,entre 30 e 39 anos,até 19 anos,Nao disponivel,P2P,Nao disponivel,"26787,3",617
202411,PF,PF,SUL,NORTE,até 19 anos,entre 20 e 29 anos,MANU,P2P,Pix,"477638,8",6663
202411,PF,PF,NORTE,SUL,até 19 anos,entre 50 e 59 anos,Nao disponivel,P2P,Nao disponivel,"6702,58",90
202411,PF,PF,Nao informado,NORTE,entre 40 e 49 anos,entre 30 e 39 anos,Nao disponivel,P2P,Nao disponivel,"4071,54",22
202411,PF,PF,NORDESTE,CENTRO-OESTE,entre 40 e 49 anos,até 19 anos,DICT,P2P,Pix,"7183746,08",66097
202411,PF,PF,NORTE,NORDESTE,mais de 60 anos,entre 50 e 59 anos,DICT,P2P,Pix,"14932191,43",35816
202411,PF,PF,Nao informado,SUDESTE,entre 40 e 49 anos,entre 40 e 49 anos,Nao disponivel,P2P,Nao disponivel,"20073,14",36
202411,PF,PF,NORDESTE,CENTRO-OESTE,entre 40 e 49 anos,entre 40 e 49 anos,QRES,P2P,Pix,2135806,44322
202411,PJ,PJ,SUDESTE,SUDESTE,Nao se aplica,Nao se aplica,MANU,B2B,Pix,"344370112983,88",24051950
202411,PJ,PF,SUL,SUDESTE,Nao se aplica,entre 40 e 49 anos,QRDN,B2P,Pix,1142284,12118
202411,PF,PF,CENTRO-OESTE,Nao informado,até 19 anos,entre 20 e 29 anos,QRDN,P2P,Pix,"2155,13",31
202411,PF,PF,NORDESTE,NORTE,entre 50 e 59 anos,entre 20 e 29 anos,QRES,P2P,Pix,"386646,15",7468
202411,PF,PJ,NORDESTE,NORTE,até 19 anos,Nao se aplica,QRDN,P2G,Pix,"39313,05",244
202411,PJ,PF,NORDESTE,NORTE,Nao se aplica,mais de 60 anos,QRDN,B2P,Pix,"46953,18",764
202411,PF,PF,CENTRO-OESTE,SUDESTE,entre 30 e 39 anos,até 19 anos,QRES,P2P,Pix,"286479,09",4507
202411,PF,PF,CENTRO-OESTE,CENTRO-OESTE,Nao informado,entre 30 e 39 anos,DICT,P2P,Pix,"1504,42",7
202411,PF,PJ,Nao informado,SUDESTE,entre 30 e 39 anos,Nao se aplica,QRDN,P2B,Pix Saque,"3733,16",17
202411,PF,PJ,NORTE,NORTE,entre 30 e 39 anos,Nao se aplica,MANU,P2B,Pix,"305649183,49",837778
202411,PF,PF,SUDESTE,SUDESTE,entre 50 e 59 anos,Nao informado,QRDN,P2P,Pix,"60414,81",85
202411,PF,PF,CENTRO-OESTE,CENTRO-OESTE,entre 30 e 39 anos,entre 20 e 29 anos,QRES,P2P,Pix,"27009488,65",428444
202411,PJ,PF,NORTE,NORDESTE,Nao se aplica,até 19 anos,QRDN,B2P,Pix,"27378,39",272
202411,PF,PJ,SUDESTE,CENTRO-OESTE,entre 40 e 49 anos,Nao se aplica,QRDN,P2B,Pix Saque,"119681,41",630
202411,PF,PF,CENTRO-OESTE,SUL,entre 40 e 49 anos,mais de 60 anos,Nao disponivel,P2P,Nao disponivel,"93849,31",89
202411,PF,PF,NORDESTE,CENTRO-OESTE,entre 20 e 29 anos,até 19 anos,QRDN,P2P,Pix,"316964,99",6477
202411,PJ,PJ,NORTE,SUL,Nao se aplica,Nao se aplica,DICT,B2B,Pix,"515290056,55",50866
202411,PF,PF,CENTRO-OESTE,SUDESTE,mais de 60 anos,entre 30 e 39 anos,QRES,P2P,Pix,"843997,1",4953
202411,PJ,PF,SUDESTE,SUL,Nao se aplica,entre 20 e 29 anos,DICT,G2P,Pix,"146053,06",57
202411,PJ,PF,NORDESTE,Nao informado,Nao se aplica,até 19 anos,Nao disponivel,B2P,Nao disponivel,"796,17",15
202411,PF,PJ,SUDESTE,CENTRO-OESTE,entre 50 e 59 anos,Nao se aplica,QRDN,P2B,Pix Saque,"129786,45",449
202411,PF,PF,Nao informado,SUDESTE,entre 20 e 29 anos,até 19 anos,Nao disponivel,P2P,Nao disponivel,"1370,34",5
202411,PF,PF,Nao informado,SUDESTE,entre 50 e 59 anos,até 19 anos,MANU,P2P,Pix,"48414,65",233
202411,PF,PJ,Nao informado,NORTE,entre 20 e 29 anos,Nao se aplica,MANU,P2B,Pix,"112385,32",414
202411,PF,PJ,NORDESTE,NORTE,mais de 60 anos,Nao se aplica,MANU,P2G,Pix,"615,14",2
202411,PF,PF,CENTRO-OESTE,CENTRO-OESTE,entre 40 e 49 anos,entre 20 e 29 anos,DICT,P2P,Pix,"1050436097,5",4338431
202411,PF,PF,NORTE,NORDESTE,entre 50 e 59 anos,entre 40 e 49 anos,DICT,P2P,Pix,"38399909,24",117532
202411,PF,PF,SUL,SUL,entre 40 e 49 anos,entre 20 e 29 anos,QRES,P2P,Pix,"20838810,48",260691
202411,PF,PF,SUDESTE,CENTRO-OESTE,entre 30 e 39 anos,entre 20 e 29 anos,QRES,P2P,Pix,"1682958,43",29685
202411,PF,PF,SUL,NORDESTE,entre 40 e 49 anos,entre 30 e 39 anos,QRES,P2P,Pix,"1163131,15",22260
202411,PJ,PF,CENTRO-OESTE,CENTRO-OESTE,Nao se aplica,Nao informado,MANU,B2P,Pix,"1339,1",1
202411,PF,PJ,SUDESTE,SUL,entre 40 e 49 anos,Nao se aplica,DICT,P2G,Pix,"40694,87",88
202411,PF,PF,SUDESTE,NORTE,até 19 anos,até 19 anos,MANU,P2P,Pix,"259707,69",8607
202411,PF,PF,SUL,NORTE,até 19 anos,mais de 60 anos,MANU,P2P,Pix,"36384,43",444
202411,PJ,PF,SUDESTE,NORTE,Nao se aplica,entre 40 e 49 anos,Nao disponivel,G2P,Nao disponivel,"3700,92",5
202411,PF,PJ,NORDESTE,NORDESTE,entre 50 e 59 anos,Nao se aplica,Nao disponivel,P2G,Nao disponivel,250,1
202411,PF,PF,SUL,SUDESTE,entre 50 e 59 anos,entre 50 e 59 anos,QRES,P2P,Pix,"909202,4",8961
202411,PF,PF,NORDESTE,Nao informado,entre 40 e 49 anos,até 19 anos,DICT,P2P,Pix,"134177,2",776
202411,PF,PF,SUDESTE,SUL,entre 40 e 49 anos,entre 50 e 59 anos,MANU,P2P,Pix,"12859020,57",24596
202411,PF,PF,NORTE,SUL,entre 50 e 59 anos,entre 50 e 59 anos,DICT,P2P,Pix,"9257186,34",25891
202411,PF,PF,SUDESTE,Nao informado,mais de 60 anos,até 19 anos,QRDN,P2P,Pix,"73,9",2
202411,PF,PF,SUDESTE,CENTRO-OESTE,até 19 anos,entre 20 e 29 anos,DICT,P2P,Pix,"6725828,22",74898
202411,PF,PF,Nao informado,CENTRO-OESTE,entre 20 e 29 anos,entre 20 e 29 anos,MANU,P2P,Pix,"175007,83",787
202411,PF,PF,NORTE,CENTRO-OESTE,entre 20 e 29 anos,entre 40 e 49 anos,Nao disponivel,P2P,Nao disponivel,"111075,53",588
202411,PF,PF,Nao informado,Nao informado,entre 50 e 59 anos,entre 50 e 59 anos,Nao disponivel,P2P,Nao disponivel,44102,7
202411,PJ,PF,NORTE,CENTRO-OESTE,Nao se aplica,mais de 60 anos,Nao disponivel,B2P,Nao disponivel,"33736,5",77
202411,PJ,PF,NORTE,CENTRO-OESTE,Nao se aplica,entre 30 e 39 anos,MANU,G2P,Pix,"16917,66",8
202411,PF,PF,CENTRO-OESTE,SUDESTE,entre 30 e 39 anos,mais de 60 anos,QRDN,P2P,Pix,"465064,33",12517
202411,PF,PF,NORTE,NORDESTE,até 19 anos,mais de 60 anos,DICT,P2P,Pix,"810705,98",10662
202411,PF,PJ,SUDESTE,NORDESTE,entre 40 e 49 anos,Nao se aplica,DICT,P2G,Pix,"26027,05",77
202411,PF,PF,CENTRO-OESTE,CENTRO-OESTE,entre 40 e 49 anos,entre 50 e 59 anos,Nao disponivel,P2P,Nao disponivel,"1972352,24",5057
202411,PF,PF,CENTRO-OESTE,SUDESTE,até 19 anos,até 19 anos,DICT,P2P,Pix,"2821954,31",91869
202411,PF,PF,CENTRO-OESTE,SUL,até 19 anos,entre 30 e 39 anos,Nao disponivel,P2P,Nao disponivel,"27090,45",236
202411,PF,PJ,NORDESTE,NORTE,entre 20 e 29 anos,Nao se aplica,DICT,P2B,Pix,"53793646,07",81284
202411,PF,PF,CENTRO-OESTE,Nao informado,mais de 60 anos,entre 50 e 59 anos,Nao disponivel,P2P,Nao disponivel,200,1
202411,PJ,PJ,CENTRO-OESTE,SUL,Nao se aplica,Nao se aplica,QRDN,B2G,Pix,"5330368,09",3122
202411,PF,PF,NORTE,SUDESTE,entre 30 e 39 anos,entre 50 e 59 anos,QRES,P2P,Pix,"1488161,53",27024
202411,PF,PF,CENTRO-OESTE,SUDESTE,entre 20 e 29 anos,entre 20 e 29 anos,QRDN,P2P,Pix,"1025990,36",27975
202411,PF,PJ,SUDESTE,CENTRO-OESTE,entre 40 e 49 anos,Nao se aplica,QRES,P2B,Pix,"51285019,12",185507
202411,PF,PF,NORTE,NORTE,até 19 anos,mais de 60 anos,QRES,P2P,Pix,"2904091,36",205352
202411,PF,PF,CENTRO-OESTE,SUL,mais de 60 anos,entre 20 e 29 anos,MANU,P2P,Pix,"708888,4",1706
202411,PF,PJ,NORTE,SUDESTE,entre 50 e 59 anos,Nao se aplica,QRES,P2G,Pix,"3591,49",46
202411,PF,PJ,NORDESTE,NORDESTE,entre 20 e 29 anos,Nao se aplica,MANU,P2B,Pix Saque,6675,27
202411,PF,PF,NORTE,SUDESTE,entre 20 e 29 anos,até 19 anos,DICT,P2P,Pix,"4745167,98",65348
202411,PF,PJ,Nao informado,CENTRO-OESTE,entre 40 e 49 anos,Nao se aplica,QRDN,P2B,Pix,"906099,63",6699
202411,PF,PJ,SUL,NORDESTE,entre 50 e 59 anos,Nao se aplica,QRES,P2G,Pix,"524,81",29
202411,PF,PF,NORDESTE,Nao informado,entre 30 e 39 anos,mais de 60 anos,MANU,P2P,Pix,"122149,6",215
202411,PF,PF,NORTE,CENTRO-OESTE,entre 40 e 49 anos,entre 40 e 49 anos,DICT,P2P,Pix,"64203349,03",170540
202411,PF,PF,NORTE,NORDESTE,entre 20 e 29 anos,entre 40 e 49 anos,MANU,P2P,Pix,"6588109,1",45976
202411,PF,PF,SUL,CENTRO-OESTE,entre 40 e 49 anos,entre 40 e 49 anos,Nao disponivel,P2P,Nao disponivel,"88760,7",223
202411,PF,PF,Nao informado,CENTRO-OESTE,entre 30 e 39 anos,até 19 anos,MANU,P2P,Pix,"13148,36",102
202411,PF,PF,CENTRO-OESTE,SUDESTE,entre 40 e 49 anos,entre 30 e 39 anos,Nao disponivel,P2P,Nao disponivel,"480463,09",815
202411,PJ,PF,NORDESTE,SUDESTE,Nao se aplica,entre 40 e 49 anos,QRES,G2P,Pix,"9,5",1
202411,PF,PJ,NORTE,NORTE,entre 20 e 29 anos,Nao se aplica,QRDN,P2G,Pix,"21892438,1",72058
202411,PF,PF,NORDESTE,SUDESTE,entre 40 e 49 anos,entre 50 e 59 anos,QRES,P2P,Pix,"5189291,48",117675
202411,PJ,PJ,SUL,NORDESTE,Nao se aplica,Nao se aplica,QRES,B2G,Pix,"3511,39",21
202411,PF,PF,SUDESTE,NORTE,entre 40 e 49 anos,entre 50 e 59 anos,Nao disponivel,P2P,Nao disponivel,"35232,33",184
202411,PJ,PJ,NORDESTE,SUDESTE,Nao se aplica,Nao se aplica,DICT,B2B,Pix,"3983971216,06",464393
202411,PF,PJ,NORDESTE,NORTE,entre 50 e 59 anos,Nao se aplica,MANU,P2G,Pix,"29,28",1
202411,PJ,PF,NORDESTE,SUL,Nao se aplica,Nao informado,DICT,B2P,Pix,"170,42",6
202411,PF,PF,SUL,NORTE,até 19 anos,entre 40 e 49 anos,DICT,P2P,Pix,"1595829,9",20040
202411,PF,PF,NORTE,NORTE,entre 40 e 49 anos,mais de 60 anos,QRDN,P2P,Pix,"8065749,09",291722
202411,PF,PF,NORTE,NORTE,entre 20 e 29 anos,entre 30 e 39 anos,QRES,P2P,Pix,"57113277,21",1754191
202411,PF,PF,NORTE,Nao informado,entre 40 e 49 anos,entre 40 e 49 anos,DICT,P2P,Pix,"2261800,54",7750
202411,PF,PJ,SUDESTE,NORDESTE,entre 40 e 49 anos,Nao se aplica,QRDN,P2B,Pix Troco,"459,45",9
202411,PF,PF,SUDESTE,NORDESTE,mais de 60 anos,entre 50 e 59 anos,QRES,P2P,Pix,"1293642,51",20131
202411,PF,PF,SUL,SUL,entre 30 e 39 anos,até 19 anos,DICT,P2P,Pix,"237090605,22",1966750
202411,PF,PF,CENTRO-OESTE,NORDESTE,até 19 anos,entre 20 e 29 anos,MANU,P2P,Pix,"1638926,85",21916
202411,PF,PF,SUDESTE,SUDESTE,entre 20 e 29 anos,mais de 60 anos,Nao disponivel,P2P,Nao disponivel,"7055645,09",20748
202411,PF,PJ,Nao informado,SUDESTE,entre 50 e 59 anos,Nao se aplica,QRES,P2B,Pix,"2188228,44",6708
202411,PF,PF,SUL,CENTRO-OESTE,até 19 anos,entre 40 e 49 anos,QRDN,P2P,Pix,"66346,58",2282
202411,PJ,PJ,SUL,NORTE,Nao se aplica,Nao se aplica,Nao disponivel,B2B,Nao disponivel,"4965355,55",5352
202411,PF,PF,SUDESTE,NORDESTE,entre 30 e 39 anos,entre 50 e 59 anos,Nao disponivel,P2P,Nao disponivel,"372103,38",1409
202411,PF,PF,SUDESTE,CENTRO-OESTE,até 19 anos,mais de 60 anos,QRES,P2P,Pix,"77944,97",4777
202411,PF,PJ,SUDESTE,NORTE,entre 20 e 29 anos,Nao se aplica,QRES,P2G,Pix,"10783,43",25
202411,PJ,PJ,NORTE,NORTE,Nao se aplica,Nao se aplica,QRDN,G2G,Pix,"87848,5",157
202411,PF,PF,Nao informado,SUL,entre 50 e 59 anos,entre 30 e 39 anos,QRDN,P2P,Pix,"10329,02",103
202411,PF,PF,SUDESTE,Nao informado,mais de 60 anos,mais de 60 anos,Nao disponivel,P2P,Nao disponivel,930,3
202411,PF,PJ,NORTE,SUDESTE,entre 30 e 39 anos,Nao se aplica,QRDN,P2G,Pix,"416521,07",1274
202411,PF,PF,NORTE,NORDESTE,entre 50 e 59 anos,mais de 60 anos,QRDN,P2P,Pix,"195049,63",4348
202411,PJ,PJ,SUL,SUL,Nao se aplica,Nao se aplica,MANU,G2G,Pix,"831038924,8",2639
202411,PF,PJ,Nao informado,SUL,entre 40 e 49 anos,Nao se aplica,MANU,P2B,Pix,"2750276,26",1207
202411,PJ,PF,NORDESTE,NORDESTE,Nao se aplica,entre 20 e 29 anos,QRES,B2P,Pix,"48997429,62",252400
202411,PF,PJ,NORDESTE,NORTE,mais de 60 anos,Nao se aplica,QRDN,P2B,Pix,"8939908,25",144914
202411,PF,PF,Nao informado,SUDESTE,Nao informado,entre 40 e 49 anos,Nao disponivel,P2P,Nao disponivel,1,1
202411,PF,PF,Nao informado,SUDESTE,entre 40 e 49 anos,até 19 anos,QRDN,P2P,Pix,"592,92",28
202411,PF,PF,Nao informado,SUDESTE,Nao informado,entre 40 e 49 anos,QRDN,P2P,Pix,"368,73",22
202411,PF,PJ,Nao informado,SUDESTE,entre 50 e 59 anos,Nao se aplica,QRES,P2G,Pix,"2084,09",11
202411,PF,PF,CENTRO-OESTE,SUDESTE,mais de 60 anos,até 19 anos,DICT,P2P,Pix,"3405252,16",14242
202411,PF,PF,SUL,NORTE,mais de 60 anos,até 19 anos,QRDN,P2P,Pix,"2000,88",41
202411,PF,PJ,Nao informado,Nao informado,entre 20 e 29 anos,Nao se aplica,QRDN,P2B,Pix,"65354,19",1574
202411,PJ,PJ,SUDESTE,SUDESTE,Nao se aplica,Nao se aplica,MANU,G2G,Pix,"821189312,91",6266
202411,PF,PF,SUDESTE,SUDESTE,entre 20 e 29 anos,entre 40 e 49 anos,QRDN,P2P,Pix,"83347709,87",3520401
202411,PF,PJ,SUL,NORTE,entre 20 e 29 anos,Nao se aplica,QRDN,P2G,Pix,"160286,68",361
202411,PF,PJ,NORTE,NORTE,mais de 60 anos,Nao se aplica,QRDN,P2B,Pix Troco,"9680,47",28
202411,PF,PF,SUL,Nao informado,até 19 anos,entre 30 e 39 anos,MANU,P2P,Pix,"16127,14",150
202411,PF,PF,NORTE,SUDESTE,até 19 anos,até 19 anos,MANU,P2P,Pix,"272011,46",9557
202411,PF,PF,SUL,SUDESTE,entre 30 e 39 anos,entre 50 e 59 anos,Nao disponivel,P2P,Nao disponivel,"158023,53",606
202411,PF,PF,NORDESTE,SUDESTE,Nao informado,entre 40 e 49 anos,MANU,P2P,Pix,81,2
202411,PF,PF,NORDESTE,SUL,entre 20 e 29 anos,mais de 60 anos,MANU,P2P,Pix,"2569152,66",9736
202411,PJ,PF,CENTRO-OESTE,Nao informado,Nao se aplica,entre 40 e 49 anos,DICT,B2P,Pix,"4337613,82",2698
202411,PF,PF,NORDESTE,NORDESTE,mais de 60 anos,entre 30 e 39 anos,QRDN,P2P,Pix,"12875825,98",276965
202411,PF,PF,NORDESTE,CENTRO-OESTE,entre 30 e 39 anos,Nao informado,DICT,P2P,Pix,190,1
202411,PF,PF,SUDESTE,SUDESTE,entre 20 e 29 anos,entre 30 e 39 anos,QRDN,P2P,Pix,"90385916,12",3449955
202411,PF,PJ,SUL,SUL,até 19 anos,Nao se aplica,INIC,P2B,Pix,"773,79",7
202411,PF,PF,Nao informado,CENTRO-OESTE,entre 30 e 39 anos,entre 50 e 59 anos,QRES,P2P,Pix,"19250,9",378
202411,PF,PJ,Nao informado,SUL,entre 30 e 39 anos,Nao se aplica,DICT,P2G,Pix,150,1
202411,PF,PJ,SUL,SUL,entre 20 e 29 anos,Nao se aplica,QRDN,P2G,Pix,"39970093,71",152641
202411,PF,PF,NORDESTE,CENTRO-OESTE,entre 40 e 49 anos,entre 40 e 49 anos,DICT,P2P,Pix,"75518869,94",278265
202411,PF,PF,SUL,CENTRO-OESTE,entre 20 e 29 anos,entre 30 e 39 anos,DICT,P2P,Pix,"23605743,74",97014
202411,PF,PF,CENTRO-OESTE,NORDESTE,entre 50 e 59 anos,entre 40 e 49 anos,MANU,P2P,Pix,"5691985,73",25334
202411,PF,PF,SUL,NORTE,entre 50 e 59 anos,entre 20 e 29 anos,QRDN,P2P,Pix,"54483,81",1321
202411,PF,PJ,SUL,SUL,entre 20 e 29 anos,Nao se aplica,QRDN,P2B,Pix Saque,"32030130,55",112888
202411,PJ,PF,SUDESTE,NORDESTE,Nao se aplica,entre 40 e 49 anos,MANU,G2P,Pix,"79097,91",64
202411,PF,PF,SUDESTE,CENTRO-OESTE,mais de 60 anos,entre 40 e 49 anos,Nao disponivel,P2P,Nao disponivel,"86911,05",153
202411,PF,PF,Nao informado,SUL,mais de 60 anos,entre 40 e 49 anos,MANU,P2P,Pix,"237215,91",199
202411,PF,PJ,SUL,NORDESTE,mais de 60 anos,Nao se aplica,DICT,P2G,Pix,"1428,88",6
202411,PF,PF,Nao informado,SUDESTE,entre 50 e 59 anos,entre 40 e 49 anos,DICT,P2P,Pix,"7659440,61",7590
202411,PF,PF,NORDESTE,SUL,mais de 60 anos,até 19 anos,MANU,P2P,Pix,"35807,25",670
202411,PF,PF,NORTE,Nao informado,entre 30 e 39 anos,mais de 60 anos,QRDN,P2P,Pix,"5340,38",140
202411,PF,PF,SUL,NORTE,entre 50 e 59 anos,entre 20 e 29 anos,Nao disponivel,P2P,Nao disponivel,"19870,01",129
202411,PF,PF,SUDESTE,NORTE,entre 50 e 59 anos,até 19 anos,Nao disponivel,P2P,Nao disponivel,"2831,17",193
202411,PF,PF,CENTRO-OESTE,SUDESTE,entre 50 e 59 anos,mais de 60 anos,DICT,P2P,Pix,"45660261,71",59983
202411,PF,PF,NORDESTE,NORTE,entre 30 e 39 anos,entre 40 e 49 anos,QRDN,P2P,Pix,"1703204,16",59586
202411,PF,PF,SUDESTE,Nao informado,mais de 60 anos,entre 30 e 39 anos,QRDN,P2P,Pix,"10873,08",43
202411,PF,PF,NORTE,Nao informado,entre 40 e 49 anos,até 19 anos,QRES,P2P,Pix,"3207,47",40
202411,PF,PF,CENTRO-OESTE,CENTRO-OESTE,entre 50 e 59 anos,mais de 60 anos,QRDN,P2P,Pix,"3234467,15",76450
202411,PF,PF,NORTE,SUDESTE,entre 50 e 59 anos,entre 20 e 29 anos,MANU,P2P,Pix,"1742128,51",16059
202411,PF,PJ,NORTE,SUDESTE,entre 20 e 29 anos,Nao se aplica,QRDN,P2B,Pix Saque,"240283,82",1125
202411,PF,PJ,SUL,SUDESTE,entre 40 e 49 anos,Nao se aplica,INIC,P2B,Pix,"27484,39",1972
202411,PF,PF,SUDESTE,Nao informado,mais de 60 anos,Nao informado,QRES,P2P,Pix,2,2
202411,PF,PF,SUDESTE,Nao informado,entre 40 e 49 anos,entre 30 e 39 anos,DICT,P2P,Pix,"5874362,9",10803
202411,PF,PF,NORTE,NORTE,entre 20 e 29 anos,entre 40 e 49 anos,DICT,P2P,Pix,"951701399,25",6367417
202411,PF,PF,Nao informado,SUL,até 19 anos,entre 20 e 29 anos,MANU,P2P,Pix,6579,93
202411,PF,PF,NORDESTE,Nao informado,entre 20 e 29 anos,Nao informado,MANU,P2P,Pix,"605,9",29
202411,PJ,PF,NORTE,CENTRO-OESTE,Nao se aplica,entre 50 e 59 anos,DICT,B2P,Pix,"83562675,55",74658
202411,PF,PF,SUL,Nao informado,entre 50 e 59 anos,até 19 anos,MANU,P2P,Pix,"3019,23",55
202411,PF,PF,Nao informado,CENTRO-OESTE,entre 40 e 49 anos,mais de 60 anos,DICT,P2P,Pix,"2158515,4",1413
202411,PF,PF,CENTRO-OESTE,NORTE,entre 20 e 29 anos,entre 50 e 59 anos,QRDN,P2P,Pix,371693,14555
202411,PF,PJ,Nao informado,CENTRO-OESTE,entre 50 e 59 anos,Nao se aplica,DICT,P2B,Pix,"4199573,92",1532
202411,PF,PF,SUL,SUDESTE,entre 40 e 49 anos,até 19 anos,Nao disponivel,P2P,Nao disponivel,"13918,07",620
202411,PF,PJ,NORDESTE,CENTRO-OESTE,entre 40 e 49 anos,Nao se aplica,QRDN,P2B,Pix,"90967790,93",1030344
202411,PF,PF,SUL,CENTRO-OESTE,entre 40 e 49 anos,entre 50 e 59 anos,Nao disponivel,P2P,Nao disponivel,"19794,54",82
202411,PF,PJ,Nao informado,Nao informado,até 19 anos,Nao se aplica,QRDN,P2G,Pix,25,1
202411,PJ,PF,Nao informado,NORTE,Nao se aplica,mais de 60 anos,QRDN,B2P,Pix,6047,4
202411,PF,PF,NORDESTE,SUDESTE,entre 50 e 59 anos,mais de 60 anos,QRES,P2P,Pix,"1181895,1",17945
202411,PF,PF,CENTRO-OESTE,SUL,entre 50 e 59 anos,até 19 anos,Nao disponivel,P2P,Nao disponivel,"2524,6",62
202411,PF,PF,NORDESTE,SUL,entre 30 e 39 anos,mais de 60 anos,QRES,P2P,Pix,"406427,08",9381
202411,Nao disponivel,Nao disponivel,Nao informado,Nao informado,Nao informado,Nao informado,Nao disponivel,Nao disponivel,Nao disponivel,"8984,85",45
202411,PF,PF,Nao informado,SUDESTE,entre 50 e 59 anos,entre 20 e 29 anos,DICT,P2P,Pix,"2671610,17",4214
202411,PF,PJ,Nao informado,CENTRO-OESTE,entre 40 e 49 anos,Nao se aplica,DICT,P2B,Pix,"4217177,97",3019
202411,PF,PF,CENTRO-OESTE,Nao informado,entre 30 e 39 anos,mais de 60 anos,DICT,P2P,Pix,"632912,22",475
202411,PJ,PF,NORDESTE,CENTRO-OESTE,Nao se aplica,mais de 60 anos,QRES,B2P,Pix,"138017,83",972
202411,PF,PJ,SUDESTE,SUDESTE,até 19 anos,Nao se aplica,DICT,P2B,Pix,"435767078,37",2577526
202411,PF,PJ,SUDESTE,NORTE,até 19 anos,Nao se aplica,QRDN,P2G,Pix,"26419,97",70
202411,PF,PF,CENTRO-OESTE,CENTRO-OESTE,mais de 60 anos,mais de 60 anos,DICT,P2P,Pix,"2231042710,17",1927226
202411,PF,PF,NORDESTE,NORTE,entre 20 e 29 anos,entre 30 e 39 anos,MANU,P2P,Pix,"10453762,8",81446
202411,PF,PF,Nao informado,Nao informado,até 19 anos,entre 40 e 49 anos,MANU,P2P,Pix,"57643,45",364
202411,PF,PF,SUL,CENTRO-OESTE,mais de 60 anos,mais de 60 anos,QRES,P2P,Pix,"48038,7",571
202411,PJ,PJ,NORDESTE,NORDESTE,Nao se aplica,Nao se aplica,Nao disponivel,G2B,Nao disponivel,"590,78",1
202411,PF,PF,NORDESTE,NORDESTE,mais de 60 anos,entre 20 e 29 anos,QRDN,P2P,Pix,"8735884,7",189395
202411,PF,PJ,SUDESTE,NORDESTE,até 19 anos,Nao se aplica,QRDN,P2G,Pix,"61438,63",487
202411,PF,PF,Nao informado,SUL,mais de 60 anos,até 19 anos,DICT,P2P,Pix,"46011,28",176
202411,PJ,PF,SUDESTE,CENTRO-OESTE,Nao se aplica,até 19 anos,QRES,B2P,Pix,"164667,46",841
202411,PF,PF,SUL,NORDESTE,entre 30 e 39 anos,entre 40 e 49 anos,QRDN,P2P,Pix,"560143,36",16408
202411,PF,PF,NORDESTE,CENTRO-OESTE,até 19 anos,mais de 60 anos,DICT,P2P,Pix,"1128578,92",14443
202411,PF,PF,Nao informado,NORTE,entre 30 e 39 anos,entre 40 e 49 anos,Nao disponivel,P2P,Nao disponivel,"51554,41",15
202411,PF,PJ,SUDESTE,SUL,até 19 anos,Nao se aplica,DICT,P2G,Pix,"12640,74",15
202411,PF,PF,CENTRO-OESTE,SUL,entre 40 e 49 anos,até 19 anos,DICT,P2P,Pix,"3609751,26",18654
202411,PF,PF,CENTRO-OESTE,NORDESTE,entre 20 e 29 anos,entre 50 e 59 anos,QRDN,P2P,Pix,"485375,1",19057
202411,PF,PF,CENTRO-OESTE,NORTE,até 19 anos,entre 30 e 39 anos,DICT,P2P,Pix,"5036871,62",51275
202411,PF,PJ,NORDESTE,SUL,entre 20 e 29 anos,Nao se aplica,QRES,P2B,Pix Saque,"251,91",7
202411,PF,PF,NORTE,SUL,entre 40 e 49 anos,entre 30 e 39 anos,QRES,P2P,Pix,"686193,69",13452
202411,PF,PF,CENTRO-OESTE,NORDESTE,entre 50 e 59 anos,entre 20 e 29 anos,MANU,P2P,Pix,"3787496,5",27071
202411,PJ,PF,SUDESTE,SUDESTE,Nao se aplica,entre 20 e 29 anos,QRES,G2P,Pix,"3354,08",14
202411,PF,PF,NORTE,NORDESTE,mais de 60 anos,entre 30 e 39 anos,MANU,P2P,Pix,"2108777,17",12055
202411,PF,PF,NORTE,NORDESTE,entre 30 e 39 anos,até 19 anos,QRDN,P2P,Pix,"195754,15",4683
202411,PF,PF,SUL,SUDESTE,entre 30 e 39 anos,mais de 60 anos,QRDN,P2P,Pix,"430276,1",12004
202411,PF,PF,NORTE,NORDESTE,até 19 anos,Nao informado,QRES,P2P,Pix,32,2
202411,PJ,PF,SUDESTE,SUDESTE,Nao se aplica,entre 50 e 59 anos,QRDN,B2P,Pix,"15082157,58",228038
202411,PF,PF,SUL,NORTE,entre 30 e 39 anos,entre 40 e 49 anos,QRDN,P2P,Pix,"291225,33",8532
202411,PF,PF,NORDESTE,NORDESTE,entre 50 e 59 anos,entre 50 e 59 anos,MANU,P2P,Pix,"1647393024,16",5139623
202411,PF,PJ,CENTRO-OESTE,SUDESTE,entre 50 e 59 anos,Nao se aplica,DICT,P2G,Pix,"61265,23",91
202411,PF,PF,CENTRO-OESTE,NORDESTE,entre 20 e 29 anos,mais de 60 anos,Nao disponivel,P2P,Nao disponivel,"67354,19",253
202411,PF,PF,CENTRO-OESTE,CENTRO-OESTE,entre 20 e 29 anos,entre 40 e 49 anos,DICT,P2P,Pix,"921809146,88",4041384
202411,PF,PJ,SUDESTE,CENTRO-OESTE,até 19 anos,Nao se aplica,DICT,P2B,Pix,"8099330,74",21235
202411,PF,PF,SUL,CENTRO-OESTE,até 19 anos,até 19 anos,DICT,P2P,Pix,"1065657,46",27436
202411,PF,PF,NORTE,CENTRO-OESTE,entre 30 e 39 anos,entre 40 e 49 anos,QRES,P2P,Pix,"2540454,86",51094
202411,PF,PF,NORDESTE,SUDESTE,entre 30 e 39 anos,mais de 60 anos,MANU,P2P,Pix,"23833005,25",92498
202411,PF,PF,SUL,SUDESTE,entre 50 e 59 anos,até 19 anos,Nao disponivel,P2P,Nao disponivel,"7536,39",377
202411,PF,PF,NORTE,SUDESTE,mais de 60 anos,entre 20 e 29 anos,MANU,P2P,Pix,"633377,36",3858
202411,PF,PJ,NORTE,SUDESTE,entre 20 e 29 anos,Nao se aplica,DICT,P2B,Pix,"105985149,58",163889
202411,PJ,PF,NORTE,CENTRO-OESTE,Nao se aplica,até 19 anos,Nao disponivel,B2P,Nao disponivel,"6112,41",117
202411,PF,PF,SUL,CENTRO-OESTE,entre 50 e 59 anos,entre 20 e 29 anos,QRDN,P2P,Pix,"71861,48",1459
202411,PF,PJ,CENTRO-OESTE,CENTRO-OESTE,entre 30 e 39 anos,Nao se aplica,MANU,P2G,Pix,"392029,83",276
202411,PF,PF,NORTE,NORTE,entre 50 e 59 anos,mais de 60 anos,QRDN,P2P,Pix,"3774074,05",123906
202411,PF,PF,SUDESTE,CENTRO-OESTE,entre 30 e 39 anos,até 19 anos,QRES,P2P,Pix,244191,4775
202411,PF,PF,NORDESTE,SUDESTE,entre 20 e 29 anos,mais de 60 anos,QRDN,P2P,Pix,"2438894,1",103417
202411,PF,PF,NORTE,CENTRO-OESTE,entre 50 e 59 anos,entre 50 e 59 anos,DICT,P2P,Pix,"23021308,27",51194
202411,PF,PJ,SUL,SUDESTE,entre 30 e 39 anos,Nao se aplica,QRES,P2B,Pix,"518935935,89",2856858
202411,PF,PJ,SUDESTE,NORTE,mais de 60 anos,Nao se aplica,Nao disponivel,P2B,Nao disponivel,"300021,9",24
202411,PF,PF,NORDESTE,NORTE,entre 30 e 39 anos,entre 50 e 59 anos,DICT,P2P,Pix,"32971922,89",131950
202411,PF,PJ,NORTE,SUL,mais de 60 anos,Nao se aplica,MANU,P2B,Pix,"2651301,8",1562
202411,PF,PJ,SUL,SUDESTE,entre 20 e 29 anos,Nao se aplica,QRDN,P2B,Pix Troco,"1060,1",3
202411,PF,PF,NORDESTE,SUDESTE,entre 30 e 39 anos,entre 40 e 49 anos,DICT,P2P,Pix,"382303510,96",1740717
202411,PJ,PF,NORTE,SUDESTE,Nao se aplica,mais de 60 anos,QRDN,B2P,Pix,"36709,89",550
202411,PF,PF,Nao informado,SUDESTE,até 19 anos,até 19 anos,DICT,P2P,Pix,"19341,31",496
202411,PJ,PF,CENTRO-OESTE,CENTRO-OESTE,Nao se aplica,mais de 60 anos,Nao disponivel,B2P,Nao disponivel,"5241927,51",5289
202411,PF,PF,SUDESTE,NORTE,até 19 anos,entre 30 e 39 anos,QRES,P2P,Pix,"156702,65",6484
202411,PF,PF,CENTRO-OESTE,SUDESTE,entre 40 e 49 anos,entre 50 e 59 anos,MANU,P2P,Pix,"9407721,73",22874
202411,PF,PJ,CENTRO-OESTE,SUL,até 19 anos,Nao se aplica,QRDN,P2G,Pix,"22920,32",102
202411,PF,PJ,SUDESTE,CENTRO-OESTE,entre 30 e 39 anos,Nao se aplica,DICT,P2B,Pix,"198019359,02",196369
202411,PF,PF,NORTE,SUL,entre 30 e 39 anos,mais de 60 anos,QRDN,P2P,Pix,"206620,47",6469
202411,PF,PF,NORDESTE,NORDESTE,entre 20 e 29 anos,até 19 anos,QRES,P2P,Pix,"13495423,3",375538
202411,PJ,PF,SUL,Nao informado,Nao se aplica,entre 50 e 59 anos,DICT,B2P,Pix,"5531709,07",3184
202411,PF,PF,SUDESTE,Nao informado,entre 20 e 29 anos,mais de 60 anos,QRES,P2P,Pix,"16802,26",1024
202411,PF,PF,CENTRO-OESTE,CENTRO-OESTE,entre 40 e 49 anos,entre 40 e 49 anos,INIC,P2P,Pix,"3095108,17",3956
202411,PF,PF,SUDESTE,CENTRO-OESTE,mais de 60 anos,até 19 anos,MANU,P2P,Pix,"326671,25",1859
202411,PF,PJ,SUL,NORTE,entre 30 e 39 anos,Nao se aplica,MANU,P2G,Pix,560,2
202411,PJ,PF,NORTE,SUL,Nao se aplica,entre 30 e 39 anos,Nao disponivel,B2P,Nao disponivel,"29977,19",164
202411,PF,PF,SUDESTE,NORDESTE,mais de 60 anos,entre 40 e 49 anos,Nao disponivel,P2P,Nao disponivel,"61381,02",372
202411,PF,PF,NORDESTE,NORDESTE,entre 20 e 29 anos,Nao informado,QRDN,P2P,Pix,2,1
202411,PF,PJ,SUL,NORDESTE,entre 40 e 49 anos,Nao se aplica,QRDN,P2B,Pix Saque,"20832,48",158
202411,PJ,PF,CENTRO-OESTE,Nao informado,Nao se aplica,entre 40 e 49 anos,MANU,G2P,Pix,"149160,85",40
202411,PF,PF,NORDESTE,SUDESTE,mais de 60 anos,até 19 anos,QRES,P2P,Pix,"223739,73",1539
202411,PF,PF,SUL,SUL,entre 20 e 29 anos,mais de 60 anos,QRES,P2P,Pix,"15735414,09",338066
202411,PF,PF,CENTRO-OESTE,SUDESTE,entre 30 e 39 anos,entre 50 e 59 anos,QRDN,P2P,Pix,"728701,74",22347
202411,PF,PF,SUDESTE,NORDESTE,mais de 60 anos,entre 20 e 29 anos,QRDN,P2P,Pix,"727181,66",15394
202411,PF,PF,SUL,CENTRO-OESTE,entre 20 e 29 anos,entre 30 e 39 anos,QRDN,P2P,Pix,"338992,59",9521
202411,PF,PF,Nao informado,CENTRO-OESTE,mais de 60 anos,entre 20 e 29 anos,QRES,P2P,Pix,"1620,61",23
202411,PF,PJ,Nao informado,NORDESTE,entre 20 e 29 anos,Nao se aplica,QRDN,P2B,Pix,"1587978,06",29095
202411,PF,PF,SUL,Nao informado,entre 30 e 39 anos,entre 20 e 29 anos,QRES,P2P,Pix,"73274,62",681
202411,PF,PF,SUL,CENTRO-OESTE,entre 30 e 39 anos,entre 30 e 39 anos,DICT,P2P,Pix,"48515346,95",135436
202411,PF,PF,CENTRO-OESTE,NORTE,entre 50 e 59 anos,entre 30 e 39 anos,MANU,P2P,Pix,"5547746,53",17605
202411,PJ,PF,CENTRO-OESTE,SUDESTE,Nao se aplica,mais de 60 anos,Nao disponivel,B2P,Nao disponivel,"428978,64",1397
202411,PJ,PJ,NORTE,SUL,Nao se aplica,Nao se aplica,DICT,G2B,Pix,"60923,8",22
202411,PF,PF,SUDESTE,SUL,entre 20 e 29 anos,entre 30 e 39 anos,INIC,P2P,Pix,75,2
202411,PF,PF,SUL,Nao informado,entre 40 e 49 anos,entre 30 e 39 anos,MANU,P2P,Pix,"460777,3",1692
202411,PF,PF,SUL,NORDESTE,mais de 60 anos,entre 50 e 59 anos,QRDN,P2P,Pix,"61201,82",1122
202411,PJ,PF,Nao informado,NORTE,Nao se aplica,entre 30 e 39 anos,QRES,B2P,Pix,"1744,99",18
202411,PF,PF,NORTE,NORTE,entre 50 e 59 anos,até 19 anos,DICT,P2P,Pix,"82335106,72",837161
202411,PJ,PF,SUL,Nao informado,Nao se aplica,até 19 anos,QRDN,B2P,Pix,640,6
202411,PF,PF,SUL,NORTE,mais de 60 anos,entre 40 e 49 anos,QRDN,P2P,Pix,"39353,55",690
202411,PF,PJ,SUDESTE,SUL,entre 50 e 59 anos,Nao se aplica,QRDN,P2B,Pix Saque,"646225,71",2885
202411,PF,PF,NORTE,Nao informado,mais de 60 anos,entre 50 e 59 anos,QRDN,P2P,Pix,513,16
202411,PF,PF,NORDESTE,CENTRO-OESTE,entre 30 e 39 anos,até 19 anos,QRES,P2P,Pix,"237747,87",5957
202411,PF,PF,Nao informado,NORDESTE,até 19 anos,entre 20 e 29 anos,QRES,P2P,Pix,"5565,92",228
202411,PF,PF,NORTE,SUL,entre 20 e 29 anos,entre 30 e 39 anos,MANU,P2P,Pix,"6634772,77",40838
202411,PF,PJ,SUDESTE,SUL,entre 40 e 49 anos,Nao se aplica,Nao disponivel,P2B,Nao disponivel,"1123956,26",615
202411,PF,PF,Nao informado,SUL,entre 20 e 29 anos,entre 40 e 49 anos,Nao disponivel,P2P,Nao disponivel,"8316,95",16
202411,PF,PF,NORTE,CENTRO-OESTE,entre 30 e 39 anos,entre 30 e 39 anos,Nao disponivel,P2P,Nao disponivel,"206116,36",864
202411,PF,PF,NORDESTE,SUDESTE,mais de 60 anos,entre 30 e 39 anos,DICT,P2P,Pix,"93740675,39",235792
202411,PF,PF,NORTE,SUDESTE,entre 50 e 59 anos,entre 30 e 39 anos,Nao disponivel,P2P,Nao disponivel,"29507,63",94
202411,PF,PF,Nao informado,SUDESTE,entre 50 e 59 anos,até 19 anos,Nao disponivel,P2P,Nao disponivel,40,2
202411,PJ,PJ,NORTE,NORTE,Nao se aplica,Nao se aplica,MANU,B2B,Pix,"9240652752,69",4146605
202411,PF,PF,NORTE,SUDESTE,entre 20 e 29 anos,Nao informado,INIC,P2P,Pix,"923,08",7
202411,PF,PF,NORDESTE,NORDESTE,entre 20 e 29 anos,entre 50 e 59 anos,QRES,P2P,Pix,"116543761,59",4134313
202411,PJ,PF,NORTE,SUL,Nao se aplica,entre 20 e 29 anos,Nao disponivel,B2P,Nao disponivel,"29746,27",132
202411,PF,PF,NORDESTE,CENTRO-OESTE,entre 30 e 39 anos,mais de 60 anos,Nao disponivel,P2P,Nao disponivel,"148537,16",206
202411,PF,PJ,SUDESTE,NORDESTE,entre 20 e 29 anos,Nao se aplica,QRDN,P2B,Pix Troco,"310,13",4
202411,PF,PF,NORTE,SUL,entre 20 e 29 anos,até 19 anos,QRES,P2P,Pix,"116024,52",3176
202411,PF,PF,NORTE,CENTRO-OESTE,até 19 anos,entre 30 e 39 anos,Nao disponivel,P2P,Nao disponivel,"68686,89",341
202411,PF,PF,CENTRO-OESTE,NORDESTE,entre 40 e 49 anos,Nao informado,DICT,P2P,Pix,48,4
202411,PF,PF,SUL,SUL,entre 20 e 29 anos,entre 20 e 29 anos,QRES,P2P,Pix,"224245151,4",1024637
202411,PF,PF,NORTE,Nao informado,entre 30 e 39 anos,entre 40 e 49 anos,DICT,P2P,Pix,"2368301,49",9300
202411,PF,PF,SUDESTE,Nao informado,entre 40 e 49 anos,até 19 anos,MANU,P2P,Pix,"25075,75",108
202411,PF,PF,CENTRO-OESTE,SUL,entre 40 e 49 anos,entre 40 e 49 anos,Nao disponivel,P2P,Nao disponivel,"107167,73",238
202411,PF,PJ,NORDESTE,SUDESTE,entre 30 e 39 anos,Nao se aplica,MANU,P2G,Pix,"19141,1",56
202411,PJ,PJ,SUL,Nao informado,Nao se aplica,Nao se aplica,Nao disponivel,B2B,Nao disponivel,"31167,71",116
202411,PF,PF,NORDESTE,SUDESTE,entre 20 e 29 anos,mais de 60 anos,Nao disponivel,P2P,Nao disponivel,"309659,46",1204
202411,PJ,PF,NORDESTE,SUL,Nao se aplica,entre 40 e 49 anos,DICT,G2P,Pix,"140720,02",36
202411,PF,PF,SUDESTE,NORDESTE,entre 40 e 49 anos,até 19 anos,QRES,P2P,Pix,"828976,41",15456
202411,PJ,PF,SUL,CENTRO-OESTE,Nao se aplica,mais de 60 anos,QRDN,B2P,Pix,"37913,57",511
202411,PJ,PF,NORDESTE,NORTE,Nao se aplica,entre 50 e 59 anos,DICT,G2P,Pix,"172762,54",29
202411,PJ,PF,NORTE,SUL,Nao se aplica,mais de 60 anos,QRES,B2P,Pix,"84913,87",272
202411,PF,PJ,SUDESTE,SUDESTE,entre 50 e 59 anos,Nao se aplica,QRDN,P2G,Pix,"92877824,65",247156
202411,PJ,PF,Nao informado,Nao informado,Nao se aplica,mais de 60 anos,MANU,G2P,Pix,1000,1
202411,PF,PJ,SUL,CENTRO-OESTE,entre 40 e 49 anos,Nao se aplica,DICT,P2G,Pix,"25323,45",16
202411,PJ,PJ,SUL,NORDESTE,Nao se aplica,Nao se aplica,DICT,G2B,Pix,"1645712,93",70
202411,PF,PF,NORTE,NORDESTE,entre 50 e 59 anos,mais de 60 anos,DICT,P2P,Pix,"12298855,78",30861
202411,PF,PF,Nao informado,SUDESTE,entre 50 e 59 anos,entre 30 e 39 anos,QRES,P2P,Pix,"37503,12",346
202411,PJ,PF,NORDESTE,NORDESTE,Nao se aplica,até 19 anos,DICT,B2P,Pix,"418519774,7",2029128
202411,PF,PF,CENTRO-OESTE,CENTRO-OESTE,entre 40 e 49 anos,entre 20 e 29 anos,QRES,P2P,Pix,"19317376,66",284476
202411,PF,PF,CENTRO-OESTE,CENTRO-OESTE,entre 40 e 49 anos,mais de 60 anos,QRES,P2P,Pix,"14277809,26",249175
202411,PF,PF,Nao informado,SUL,entre 50 e 59 anos,entre 20 e 29 anos,DICT,P2P,Pix,"1211662,63",2013
202411,PF,PJ,SUDESTE,NORDESTE,mais de 60 anos,Nao se aplica,MANU,P2G,Pix,"112274,57",7
202411,PF,PF,Nao informado,CENTRO-OESTE,entre 30 e 39 anos,entre 40 e 49 anos,Nao disponivel,P2P,Nao disponivel,3250,18
202411,PF,PJ,NORTE,SUDESTE,mais de 60 anos,Nao se aplica,MANU,P2B,Pix,"11546448,67",6782
202411,PF,PF,NORDESTE,CENTRO-OESTE,entre 30 e 39 anos,entre 20 e 29 anos,MANU,P2P,Pix,"10323930,6",83362
202411,PF,PJ,CENTRO-OESTE,NORDESTE,entre 30 e 39 anos,Nao se aplica,INIC,P2B,Pix,2,1
202411,PJ,PF,NORDESTE,SUL,Nao se aplica,entre 40 e 49 anos,QRES,B2P,Pix,"1051795,97",2401
202411,PF,PF,NORDESTE,CENTRO-OESTE,entre 40 e 49 anos,até 19 anos,QRDN,P2P,Pix,"55965,67",1650
202411,PF,PF,NORTE,NORTE,entre 40 e 49 anos,Nao informado,DICT,P2P,Pix,6597,44
202411,PF,PF,SUL,Nao informado,entre 50 e 59 anos,mais de 60 anos,MANU,P2P,Pix,"98613,03",149
202411,PF,PF,SUL,Nao informado,entre 30 e 39 anos,mais de 60 anos,DICT,P2P,Pix,"871195,62",958
202411,PF,PJ,NORTE,NORTE,entre 50 e 59 anos,Nao se aplica,MANU,P2G,Pix,"87742,66",161
202411,PF,PF,NORDESTE,NORTE,até 19 anos,mais de 60 anos,DICT,P2P,Pix,"798764,28",8894
202411,PF,PF,NORDESTE,NORDESTE,entre 20 e 29 anos,entre 20 e 29 anos,Nao disponivel,P2P,Nao disponivel,"41998033,5",224459
202411,PF,PF,NORTE,SUDESTE,entre 50 e 59 anos,entre 20 e 29 anos,DICT,P2P,Pix,"16815111,62",64061
202411,PF,PF,NORTE,Nao informado,entre 40 e 49 anos,mais de 60 anos,Nao disponivel,P2P,Nao disponivel,250,1
202411,PF,PF,CENTRO-OESTE,NORDESTE,mais de 60 anos,entre 40 e 49 anos,QRDN,P2P,Pix,"214470,67",3909
202411,PF,PF,Nao informado,NORTE,entre 40 e 49 anos,entre 40 e 49 anos,DICT,P2P,Pix,"2427368,16",6318
202411,PJ,PF,NORTE,SUL,Nao se aplica,entre 20 e 29 anos,DICT,G2P,Pix,"13299,97",10
202411,PF,PF,CENTRO-OESTE,CENTRO-OESTE,mais de 60 anos,entre 30 e 39 anos,QRES,P2P,Pix,"10064033,63",77509
202411,PF,PF,NORDESTE,SUDESTE,mais de 60 anos,mais de 60 anos,Nao disponivel,P2P,Nao disponivel,"65778,65",179
202411,PF,PF,Nao informado,NORTE,entre 20 e 29 anos,entre 50 e 59 anos,MANU,P2P,Pix,"140711,41",673
202411,PF,PF,NORTE,NORTE,mais de 60 anos,entre 30 e 39 anos,Nao disponivel,P2P,Nao disponivel,"402719,56",1487
202411,PJ,PF,SUDESTE,SUL,Nao se aplica,entre 50 e 59 anos,MANU,G2P,Pix,"49843,14",21
202411,PF,PF,NORDESTE,SUDESTE,entre 40 e 49 anos,entre 40 e 49 anos,QRDN,P2P,Pix,"4759763,88",142545
202411,PJ,PJ,Nao informado,Nao informado,Nao se aplica,Nao se aplica,INIC,B2B,Pix,10302,6
202411,PF,PF,CENTRO-OESTE,SUL,entre 30 e 39 anos,entre 50 e 59 anos,DICT,P2P,Pix,"23513500,04",48460
202411,PF,PF,NORDESTE,SUL,entre 40 e 49 anos,até 19 anos,QRES,P2P,Pix,"81900,94",1833
202411,PF,PF,NORTE,NORTE,até 19 anos,entre 40 e 49 anos,QRES,P2P,Pix,"10541099,77",591120
202411,PF,PF,SUL,NORDESTE,até 19 anos,mais de 60 anos,QRES,P2P,Pix,"47982,91",2687
202411,PF,PF,NORDESTE,SUDESTE,entre 40 e 49 anos,entre 50 e 59 anos,Nao disponivel,P2P,Nao disponivel,"439197,6",1173
202411,PJ,PF,CENTRO-OESTE,SUL,Nao se aplica,mais de 60 anos,QRES,B2P,Pix,"137110,81",589
202411,PF,PF,NORDESTE,CENTRO-OESTE,entre 40 e 49 anos,entre 50 e 59 anos,QRDN,P2P,Pix,"669685,04",22239
202411,PF,PJ,CENTRO-OESTE,SUL,entre 20 e 29 anos,Nao se aplica,QRDN,P2B,Pix Saque,"646657,82",2041
202411,PF,PJ,SUL,SUL,entre 40 e 49 anos,Nao se aplica,QRDN,P2G,Pix,"90468315,88",219010
202411,PF,PJ,SUL,SUL,até 19 anos,Nao se aplica,QRES,P2B,Pix Saque,"14276,9",155
202411,PF,PF,SUL,CENTRO-OESTE,entre 30 e 39 anos,entre 50 e 59 anos,QRDN,P2P,Pix,"276537,51",5789
202411,PF,PJ,NORDESTE,NORDESTE,até 19 anos,Nao se aplica,MANU,P2G,Pix,"25604,18",54
202411,PF,PJ,SUDESTE,CENTRO-OESTE,entre 40 e 49 anos,Nao se aplica,MANU,P2G,Pix,"770712,17",29
202411,PJ,PJ,CENTRO-OESTE,NORTE,Nao se aplica,Nao se aplica,QRDN,B2G,Pix,"15857470,55",3303
202411,PF,PJ,Nao informado,Nao informado,entre 50 e 59 anos,Nao se aplica,QRDN,P2B,Pix Saque,5903,19
202411,PF,PF,SUL,SUDESTE,entre 20 e 29 anos,Nao informado,INIC,P2P,Pix,"2104,18",5
202411,PJ,PF,NORDESTE,Nao informado,Nao se aplica,entre 20 e 29 anos,QRES,B2P,Pix,"13858,45",113
202411,PF,PF,CENTRO-OESTE,NORTE,entre 20 e 29 anos,entre 50 e 59 anos,DICT,P2P,Pix,"16485881,12",59281
202411,PF,PF,SUL,NORTE,mais de 60 anos,entre 30 e 39 anos,MANU,P2P,Pix,"4798397,77",3228
202411,PF,PF,Nao informado,SUDESTE,mais de 60 anos,até 19 anos,MANU,P2P,Pix,"21153,16",104
202411,PF,PF,CENTRO-OESTE,SUDESTE,entre 30 e 39 anos,até 19 anos,DICT,P2P,Pix,"7833634,39",61291
202411,PF,PF,Nao informado,NORDESTE,Nao informado,entre 50 e 59 anos,MANU,P2P,Pix,235,6
202411,PF,PJ,CENTRO-OESTE,NORTE,entre 20 e 29 anos,Nao se aplica,MANU,P2G,Pix,"1010,76",3
202411,PF,PF,NORDESTE,SUDESTE,entre 50 e 59 anos,até 19 anos,QRES,P2P,Pix,"300471,77",3918
202411,PF,PF,NORDESTE,NORDESTE,até 19 anos,entre 30 e 39 anos,INIC,P2P,Pix,2,1
202411,PF,PF,NORTE,NORTE,mais de 60 anos,mais de 60 anos,QRDN,P2P,Pix,"1989813,4",40705
202411,PF,PJ,NORDESTE,Nao informado,mais de 60 anos,Nao se aplica,QRDN,P2G,Pix,"94,5",1
202411,PF,PJ,CENTRO-OESTE,SUDESTE,entre 30 e 39 anos,Nao se aplica,QRDN,P2B,Pix,"1809460406,59",23351735
202411,PF,PF,NORDESTE,SUDESTE,entre 30 e 39 anos,entre 30 e 39 anos,Nao disponivel,P2P,Nao disponivel,"1381192,35",6422
202411,PJ,PJ,CENTRO-OESTE,SUDESTE,Nao se aplica,Nao se aplica,QRES,B2G,Pix,"202591,1",116
202411,PF,PF,SUL,NORDESTE,entre 30 e 39 anos,entre 50 e 59 anos,DICT,P2P,Pix,"16965556,29",62102
202411,PF,PF,SUL,Nao informado,entre 40 e 49 anos,até 19 anos,QRES,P2P,Pix,1241,7
202411,PF,PF,CENTRO-OESTE,Nao informado,entre 50 e 59 anos,entre 50 e 59 anos,DICT,P2P,Pix,"863078,91",1244
202411,PF,PJ,Nao informado,SUL,entre 50 e 59 anos,Nao se aplica,DICT,P2G,Pix,"582,33",1
202411,PF,PF,Nao informado,Nao informado,entre 30 e 39 anos,até 19 anos,Nao disponivel,P2P,Nao disponivel,"171,5",5
202411,PF,PF,NORDESTE,NORTE,entre 20 e 29 anos,entre 40 e 49 anos,QRDN,P2P,Pix,"1578457,55",64443
202411,PF,PF,NORDESTE,SUDESTE,entre 30 e 39 anos,entre 50 e 59 anos,DICT,P2P,Pix,"187018565,69",857932
202411,PJ,PF,NORTE,SUDESTE,Nao se aplica,entre 30 e 39 anos,QRDN,B2P,Pix,"695605,49",2147
202411,PF,PF,SUDESTE,NORTE,mais de 60 anos,entre 20 e 29 anos,MANU,P2P,Pix,"1734177,26",7911
202411,PF,PJ,NORDESTE,NORTE,entre 40 e 49 anos,Nao se aplica,QRES,P2B,Pix,"8673790,72",65310
202411,PF,PF,SUDESTE,CENTRO-OESTE,até 19 anos,entre 50 e 59 anos,QRES,P2P,Pix,"124258,58",5488
202411,PF,PF,CENTRO-OESTE,SUL,mais de 60 anos,entre 30 e 39 anos,DICT,P2P,Pix,"20080936,24",29740
202411,PF,PF,Nao informado,NORDESTE,Nao informado,entre 30 e 39 anos,QRES,P2P,Pix,"115,3",6
202411,PF,PJ,SUL,NORDESTE,entre 40 e 49 anos,Nao se aplica,QRES,P2G,Pix,"1389,81",64
202411,PJ,PF,SUL,Nao informado,Nao se aplica,entre 40 e 49 anos,MANU,B2P,Pix,"3533100,42",1007
202411,PF,PF,CENTRO-OESTE,SUDESTE,mais de 60 anos,entre 40 e 49 anos,Nao disponivel,P2P,Nao disponivel,"91475,73",147
202411,PJ,PF,NORDESTE,Nao informado,Nao se aplica,entre 30 e 39 anos,MANU,B2P,Pix,"610090,55",1261
202411,PF,PF,SUL,SUL,entre 40 e 49 anos,mais de 60 anos,DICT,P2P,Pix,"1027842993,67",2345750
202411,PF,PJ,CENTRO-OESTE,CENTRO-OESTE,mais de 60 anos,Nao se aplica,MANU,P2B,Pix,"214949204,37",132451
202411,PF,PF,NORTE,NORDESTE,entre 30 e 39 anos,entre 40 e 49 anos,QRES,P2P,Pix,"3645334,22",80274
202411,PF,PF,NORDESTE,NORDESTE,até 19 anos,entre 20 e 29 anos,MANU,P2P,Pix,"100009667,71",1651057
202411,PF,PF,NORDESTE,SUDESTE,entre 30 e 39 anos,entre 40 e 49 anos,Nao disponivel,P2P,Nao disponivel,"910131,71",4654
202411,PJ,PF,CENTRO-OESTE,NORDESTE,Nao se aplica,até 19 anos,Nao disponivel,B2P,Nao disponivel,"84942,54",1638
202411,PF,PF,SUDESTE,NORTE,entre 50 e 59 anos,entre 40 e 49 anos,QRDN,P2P,Pix,"227894,71",6550
202411,PF,PF,NORDESTE,NORTE,entre 50 e 59 anos,entre 30 e 39 anos,DICT,P2P,Pix,"31423289,61",118773
202411,PF,PJ,NORTE,CENTRO-OESTE,entre 20 e 29 anos,Nao se aplica,Nao disponivel,P2B,Nao disponivel,"523308,21",390
202411,PJ,PF,SUDESTE,NORDESTE,Nao se aplica,entre 30 e 39 anos,QRDN,B2P,Pix,"1174934,91",17738
202411,PF,PF,Nao informado,SUL,entre 40 e 49 anos,mais de 60 anos,MANU,P2P,Pix,"1088678,77",754
202411,PF,PF,SUL,NORTE,mais de 60 anos,mais de 60 anos,QRES,P2P,Pix,"36998,98",466
202411,PF,PJ,NORDESTE,SUDESTE,até 19 anos,Nao se aplica,QRDN,P2B,Pix Troco,"71,19",1
202411,PF,PF,SUL,NORTE,entre 40 e 49 anos,entre 20 e 29 anos,DICT,P2P,Pix,"22199160,47",122725
202411,PJ,PJ,CENTRO-OESTE,SUDESTE,Nao se aplica,Nao se aplica,MANU,G2G,Pix,"334434,19",74
202411,PF,PF,SUDESTE,CENTRO-OESTE,entre 30 e 39 anos,entre 30 e 39 anos,MANU,P2P,Pix,"22379882,83",79981
202411,PJ,PJ,Nao informado,Nao informado,Nao se aplica,Nao se aplica,QRES,B2B,Pix,"66974,18",104
202411,PJ,PJ,NORTE,CENTRO-OESTE,Nao se aplica,Nao se aplica,MANU,B2G,Pix,"4845,27",4
202411,PJ,PF,SUDESTE,SUDESTE,Nao se aplica,entre 30 e 39 anos,QRES,B2P,Pix,"215452364,78",573085
202411,PF,PF,NORDESTE,CENTRO-OESTE,entre 40 e 49 anos,até 19 anos,MANU,P2P,Pix,"1352575,26",17928
202411,PF,PF,CENTRO-OESTE,Nao informado,entre 40 e 49 anos,entre 20 e 29 anos,MANU,P2P,Pix,"137055,79",1021
202411,PJ,PF,NORDESTE,NORTE,Nao se aplica,mais de 60 anos,MANU,G2P,Pix,"17254,07",6
202411,PF,PF,SUDESTE,CENTRO-OESTE,entre 30 e 39 anos,mais de 60 anos,QRDN,P2P,Pix,"464742,23",12877
202411,PF,PF,SUDESTE,Nao informado,entre 50 e 59 anos,entre 50 e 59 anos,MANU,P2P,Pix,"2132682,92",1066
202411,PF,PF,SUDESTE,SUDESTE,Nao informado,entre 20 e 29 anos,DICT,P2P,Pix,"3204,94",23
202411,PF,PF,SUDESTE,SUDESTE,entre 30 e 39 anos,entre 20 e 29 anos,MANU,P2P,Pix,"896832116,57",5346442
202411,PJ,PF,NORTE,NORDESTE,Nao se aplica,entre 40 e 49 anos,QRDN,B2P,Pix,"381592,74",4352
202411,PF,PF,CENTRO-OESTE,NORDESTE,entre 30 e 39 anos,entre 30 e 39 anos,QRES,P2P,Pix,"3899337,57",76751
202411,PF,PJ,CENTRO-OESTE,SUL,entre 40 e 49 anos,Nao se aplica,QRDN,P2B,Pix Saque,"387272,99",1283
202411,PJ,PF,NORTE,NORDESTE,Nao se aplica,entre 30 e 39 anos,MANU,B2P,Pix,"8861833,32",8473
202411,PJ,PF,CENTRO-OESTE,CENTRO-OESTE,Nao se aplica,entre 50 e 59 anos,DICT,B2P,Pix,"2569221891,92",1834421
202411,PF,PJ,NORTE,NORDESTE,entre 50 e 59 anos,Nao se aplica,QRDN,P2B,Pix,"85555923,05",2270876
202411,PF,PF,Nao informado,SUDESTE,entre 30 e 39 anos,entre 40 e 49 anos,Nao disponivel,P2P,Nao disponivel,"32889,84",32
202411,PF,PF,NORDESTE,NORTE,entre 40 e 49 anos,entre 20 e 29 anos,DICT,P2P,Pix,"40248639,38",213448
202411,PF,PF,Nao informado,SUDESTE,até 19 anos,entre 50 e 59 anos,QRES,P2P,Pix,"1386,43",86
202411,PF,PJ,NORDESTE,CENTRO-OESTE,até 19 anos,Nao se aplica,QRES,P2B,Pix,"5804983,7",50036
202411,PF,PF,SUDESTE,SUDESTE,mais de 60 anos,mais de 60 anos,QRES,P2P,Pix,"129016164,54",387962
202411,PF,PF,CENTRO-OESTE,NORDESTE,entre 20 e 29 anos,entre 30 e 39 anos,MANU,P2P,Pix,"11654568,34",82119
202411,PF,PJ,NORTE,NORDESTE,entre 20 e 29 anos,Nao se aplica,DICT,P2B,Pix,"38653255,23",76906
202411,PF,PF,CENTRO-OESTE,SUL,mais de 60 anos,entre 50 e 59 anos,QRES,P2P,Pix,"103169,49",918
202411,PF,PJ,NORTE,SUL,mais de 60 anos,Nao se aplica,INIC,P2B,Pix,"10463,9",55
202411,PF,PJ,Nao informado,CENTRO-OESTE,mais de 60 anos,Nao se aplica,QRDN,P2B,Pix Saque,"2136,67",4
202411,PF,PJ,NORDESTE,NORDESTE,até 19 anos,Nao se aplica,DICT,P2B,Pix,"190655619,98",1199375
202411,PF,PF,CENTRO-OESTE,Nao informado,entre 20 e 29 anos,entre 30 e 39 anos,MANU,P2P,Pix,"309144,98",1331
202411,PJ,PF,NORDESTE,NORTE,Nao se aplica,entre 20 e 29 anos,QRDN,B2P,Pix,"112166,44",1662
202411,PF,PF,Nao informado,SUDESTE,entre 20 e 29 anos,entre 50 e 59 anos,MANU,P2P,Pix,"506558,24",753
202411,PJ,PF,NORTE,CENTRO-OESTE,Nao se aplica,entre 30 e 39 anos,QRDN,B2P,Pix,"221745,65",2441
202411,PJ,PF,SUDESTE,SUDESTE,Nao se aplica,entre 20 e 29 anos,DICT,G2P,Pix,"12660250,45",13220
202411,PF,PF,NORTE,NORTE,entre 50 e 59 anos,entre 50 e 59 anos,INIC,P2P,Pix,"986919,36",1567
202411,PF,PF,SUDESTE,NORTE,entre 30 e 39 anos,entre 40 e 49 anos,Nao disponivel,P2P,Nao disponivel,"147394,73",690
202411,PF,PF,SUL,SUDESTE,entre 50 e 59 anos,até 19 anos,DICT,P2P,Pix,"4359672,34",28360
202411,PF,PJ,SUL,NORDESTE,mais de 60 anos,Nao se aplica,QRDN,P2B,Pix Troco,"118,5",1
202411,PJ,PF,CENTRO-OESTE,NORDESTE,Nao se aplica,até 19 anos,QRES,B2P,Pix,"114513,99",633
202411,PF,PF,NORTE,SUL,entre 30 e 39 anos,até 19 anos,MANU,P2P,Pix,"520069,94",5542
202411,PF,PF,CENTRO-OESTE,CENTRO-OESTE,entre 50 e 59 anos,até 19 anos,DICT,P2P,Pix,"109490983,71",775268
202411,PF,PF,SUDESTE,SUL,entre 30 e 39 anos,mais de 60 anos,MANU,P2P,Pix,"15163318,4",19892
202411,PF,PJ,CENTRO-OESTE,SUDESTE,mais de 60 anos,Nao se aplica,MANU,P2B,Pix,"101082173,65",9688
202411,PF,PF,NORDESTE,NORDESTE,até 19 anos,entre 40 e 49 anos,QRES,P2P,Pix,"35961168,38",1935662
202411,PF,PF,SUDESTE,SUDESTE,entre 40 e 49 anos,entre 40 e 49 anos,QRDN,P2P,Pix,"89078830,96",2365860
202411,PF,PF,CENTRO-OESTE,SUL,entre 20 e 29 anos,até 19 anos,QRES,P2P,Pix,"44345,41",1528
202411,PJ,PF,SUDESTE,NORDESTE,Nao se aplica,mais de 60 anos,MANU,G2P,Pix,"117307,98",49
202411,PF,PJ,CENTRO-OESTE,NORTE,mais de 60 anos,Nao se aplica,QRES,P2G,Pix,"587,08",10
202411,PF,PF,NORTE,NORDESTE,mais de 60 anos,mais de 60 anos,Nao disponivel,P2P,Nao disponivel,"8375,53",39
202411,PF,PF,SUL,NORDESTE,entre 40 e 49 anos,até 19 anos,Nao disponivel,P2P,Nao disponivel,"14745,48",366
202411,PF,PJ,Nao informado,Nao informado,entre 40 e 49 anos,Nao se aplica,QRES,P2B,Pix,"53041,15",613
202411,PJ,PF,NORDESTE,NORTE,Nao se aplica,entre 30 e 39 anos,Nao disponivel,B2P,Nao disponivel,"646123,52",10090
202411,PF,PF,NORDESTE,SUL,entre 40 e 49 anos,mais de 60 anos,QRDN,P2P,Pix,"140861,29",4128
202411,PF,PF,Nao informado,NORTE,mais de 60 anos,entre 30 e 39 anos,QRES,P2P,Pix,"8480,95",91
202411,PF,PF,Nao informado,CENTRO-OESTE,Nao informado,entre 50 e 59 anos,DICT,P2P,Pix,50,1
202411,PF,PF,NORTE,SUDESTE,entre 40 e 49 anos,até 19 anos,QRDN,P2P,Pix,"29513,78",908
202411,PF,PF,NORTE,NORDESTE,entre 20 e 29 anos,entre 30 e 39 anos,QRES,P2P,Pix,"3243745,64",82860
202411,PJ,PJ,SUL,NORDESTE,Nao se aplica,Nao se aplica,MANU,B2G,Pix,"632959,57",64
202411,PF,PF,NORTE,Nao informado,mais de 60 anos,entre 20 e 29 anos,QRES,P2P,Pix,"30240,75",66
202411,PF,PJ,SUDESTE,NORTE,entre 50 e 59 anos,Nao se aplica,DICT,P2G,Pix,"64694,54",22
202411,PF,PF,Nao informado,NORDESTE,Nao informado,até 19 anos,MANU,P2P,Pix,4,1
202411,PF,PF,SUDESTE,NORTE,entre 30 e 39 anos,mais de 60 anos,MANU,P2P,Pix,"4768713,36",7245
202411,PF,PF,Nao informado,CENTRO-OESTE,até 19 anos,até 19 anos,Nao disponivel,P2P,Nao disponivel,10,1
202411,PF,PF,NORTE,NORDESTE,até 19 anos,mais de 60 anos,Nao disponivel,P2P,Nao disponivel,"29198,81",64
202411,PF,PJ,Nao informado,NORTE,até 19 anos,Nao se aplica,QRDN,P2B,Pix,"25754,35",723
202411,PF,PF,SUL,SUDESTE,entre 40 e 49 anos,entre 40 e 49 anos,MANU,P2P,Pix,"19467481,07",53531
202411,PF,PF,SUL,CENTRO-OESTE,até 19 anos,até 19 anos,MANU,P2P,Pix,"214839,98",4767
202411,PF,PF,NORDESTE,CENTRO-OESTE,até 19 anos,até 19 anos,QRES,P2P,Pix,"144340,39",7259
202411,PF,PJ,SUL,SUL,entre 50 e 59 anos,Nao se aplica,Nao disponivel,P2B,Nao disponivel,"4114708,58",2287
202411,PJ,PF,SUDESTE,SUDESTE,Nao se aplica,entre 40 e 49 anos,QRES,B2P,Pix,"175267712,05",585557
202411,PF,PJ,NORTE,CENTRO-OESTE,entre 20 e 29 anos,Nao se aplica,QRES,P2B,Pix Saque,"1020,66",14
202411,PF,PJ,NORDESTE,NORDESTE,entre 50 e 59 anos,Nao se aplica,Nao disponivel,P2B,Nao disponivel,"3480274,82",2666
202411,PJ,PF,SUDESTE,SUL,Nao se aplica,mais de 60 anos,DICT,G2P,Pix,"40375,84",35
202411,PF,PF,NORDESTE,SUL,entre 50 e 59 anos,mais de 60 anos,Nao disponivel,P2P,Nao disponivel,"24303,13",52
202411,PF,PF,SUDESTE,SUDESTE,até 19 anos,entre 40 e 49 anos,INIC,P2P,Pix,"39,98",1
202411,PF,PF,NORTE,SUL,entre 40 e 49 anos,entre 30 e 39 anos,Nao disponivel,P2P,Nao disponivel,"35631,56",222
202411,PJ,PJ,NORTE,SUL,Nao se aplica,Nao se aplica,QRDN,B2G,Pix,"563571,8",381
202411,PF,PF,SUDESTE,NORDESTE,entre 40 e 49 anos,entre 30 e 39 anos,QRDN,P2P,Pix,"5768620,79",176999
202411,PF,PJ,SUL,CENTRO-OESTE,mais de 60 anos,Nao se aplica,QRES,P2G,Pix,"5078,03",66
202411,PF,PF,NORTE,NORTE,entre 40 e 49 anos,entre 50 e 59 anos,DICT,P2P,Pix,"855532245,51",3516528
202411,PF,PJ,SUL,NORTE,até 19 anos,Nao se aplica,QRES,P2G,Pix,"30,68",1
202411,PF,PF,NORTE,Nao informado,entre 40 e 49 anos,entre 20 e 29 anos,MANU,P2P,Pix,"473623,03",4526
202411,PJ,PF,SUDESTE,Nao informado,Nao se aplica,Nao informado,MANU,B2P,Pix,"27848,66",49
202411,PJ,PF,SUL,SUDESTE,Nao se aplica,mais de 60 anos,DICT,G2P,Pix,"33061,29",211
202411,PF,PF,NORDESTE,CENTRO-OESTE,entre 50 e 59 anos,entre 50 e 59 anos,MANU,P2P,Pix,"3142683,08",13292
202411,PF,PF,Nao informado,CENTRO-OESTE,entre 40 e 49 anos,entre 50 e 59 anos,QRDN,P2P,Pix,"8202,94",152
202411,PF,PF,SUDESTE,NORDESTE,entre 40 e 49 anos,entre 50 e 59 anos,Nao disponivel,P2P,Nao disponivel,"287204,66",998
202411,PF,PF,SUDESTE,CENTRO-OESTE,entre 40 e 49 anos,entre 20 e 29 anos,Nao disponivel,P2P,Nao disponivel,"160593,14",642
202411,PF,PF,SUL,SUDESTE,entre 40 e 49 anos,mais de 60 anos,MANU,P2P,Pix,"12884933,33",17916
202411,PF,PF,NORDESTE,SUL,mais de 60 anos,mais de 60 anos,Nao disponivel,P2P,Nao disponivel,"10512,54",21
202411,PF,PF,Nao informado,Nao informado,até 19 anos,entre 30 e 39 anos,Nao disponivel,P2P,Nao disponivel,"544,7",11
202411,PJ,PF,NORTE,SUL,Nao se aplica,entre 20 e 29 anos,QRDN,B2P,Pix,"25391,12",470
202411,PF,PJ,SUL,CENTRO-OESTE,mais de 60 anos,Nao se aplica,QRES,P2B,Pix,"4295120,63",12399
202411,PF,PF,NORTE,SUDESTE,entre 20 e 29 anos,entre 40 e 49 anos,DICT,P2P,Pix,"35216179,47",186462
202411,PF,PF,NORDESTE,SUDESTE,entre 20 e 29 anos,mais de 60 anos,QRES,P2P,Pix,"3375813,87",109398
202411,PF,PF,CENTRO-OESTE,NORDESTE,até 19 anos,entre 50 e 59 anos,QRES,P2P,Pix,"199291,08",10099
202411,PF,PF,NORDESTE,NORTE,entre 50 e 59 anos,entre 50 e 59 anos,MANU,P2P,Pix,"2485779,93",12862
202411,PF,PJ,SUL,SUL,entre 30 e 39 anos,Nao se aplica,MANU,P2G,Pix,"955564,41",1199
202411,PF,PF,SUL,NORTE,entre 20 e 29 anos,entre 40 e 49 anos,DICT,P2P,Pix,"13994841,67",84511
202411,PF,PJ,SUDESTE,SUDESTE,Nao informado,Nao se aplica,QRES,P2B,Pix,"1882,82",8
202411,PF,PF,Nao informado,NORDESTE,mais de 60 anos,entre 30 e 39 anos,DICT,P2P,Pix,"2050177,12",2640
202411,PF,PF,NORDESTE,NORTE,entre 20 e 29 anos,mais de 60 anos,MANU,P2P,Pix,"1986453,96",12566
202411,PF,PJ,Nao informado,SUL,entre 50 e 59 anos,Nao se aplica,QRES,P2G,Pix,"126,24",2
202411,PF,PF,CENTRO-OESTE,NORDESTE,mais de 60 anos,entre 50 e 59 anos,MANU,P2P,Pix,"1868661,82",5395
202411,PF,PF,CENTRO-OESTE,NORDESTE,entre 50 e 59 anos,mais de 60 anos,MANU,P2P,Pix,"3159027,17",6458
202411,PF,PF,NORTE,CENTRO-OESTE,mais de 60 anos,entre 20 e 29 anos,MANU,P2P,Pix,"605129,24",3736
202411,PF,PF,CENTRO-OESTE,SUL,entre 40 e 49 anos,entre 30 e 39 anos,DICT,P2P,Pix,"36801352,59",93271
202411,PF,PF,SUL,SUL,entre 30 e 39 anos,entre 50 e 59 anos,DICT,P2P,Pix,"1261845612,48",4129712
202411,PF,PF,NORTE,SUDESTE,mais de 60 anos,entre 50 e 59 anos,MANU,P2P,Pix,"1894924,77",3925
202411,PF,PF,SUDESTE,NORDESTE,entre 20 e 29 anos,até 19 anos,MANU,P2P,Pix,"5063120,28",67080
202411,PF,PF,NORDESTE,NORTE,entre 30 e 39 anos,mais de 60 anos,QRES,P2P,Pix,"808588,06",26363
202411,PF,PF,SUL,SUDESTE,mais de 60 anos,entre 50 e 59 anos,QRES,P2P,Pix,"542069,85",3749
202411,PF,PF,SUDESTE,NORTE,até 19 anos,entre 40 e 49 anos,DICT,P2P,Pix,"2276874,52",26280
202411,PF,PF,SUDESTE,CENTRO-OESTE,entre 30 e 39 anos,mais de 60 anos,INIC,P2P,Pix,35,1
202411,PF,PF,NORDESTE,SUL,entre 20 e 29 anos,até 19 anos,MANU,P2P,Pix,"873443,11",11520
202411,PF,PF,NORTE,NORTE,entre 30 e 39 anos,até 19 anos,MANU,P2P,Pix,"43658998,62",719564
202411,PF,PF,NORDESTE,SUDESTE,entre 40 e 49 anos,entre 20 e 29 anos,DICT,P2P,Pix,"136572218,18",783344
202411,PF,PJ,SUL,NORDESTE,entre 30 e 39 anos,Nao se aplica,DICT,P2G,Pix,"32100,64",15
202411,PF,PF,SUL,NORTE,entre 20 e 29 anos,entre 50 e 59 anos,Nao disponivel,P2P,Nao disponivel,"48525,84",171
202411,PF,PF,NORDESTE,SUL,entre 30 e 39 anos,entre 40 e 49 anos,DICT,P2P,Pix,"41150352,58",171190
202411,PJ,PJ,NORTE,NORTE,Nao se aplica,Nao se aplica,QRES,G2G,Pix,"75655,16",2
202411,PJ,PF,SUDESTE,NORTE,Nao se aplica,entre 50 e 59 anos,DICT,B2P,Pix,"214344858,19",1132484
202411,PF,PF,CENTRO-OESTE,NORTE,até 19 anos,entre 20 e 29 anos,QRDN,P2P,Pix,"352402,4",5520
202411,PF,PJ,NORDESTE,SUDESTE,entre 40 e 49 anos,Nao se aplica,MANU,P2B,Pix,"59763944,59",115805
202411,PF,PF,NORTE,NORTE,entre 30 e 39 anos,entre 40 e 49 anos,QRES,P2P,Pix,"63681675,04",1834356
202411,PF,PF,NORDESTE,SUL,entre 50 e 59 anos,entre 20 e 29 anos,QRES,P2P,Pix,"173766,06",3175
202411,PF,PF,Nao informado,SUL,mais de 60 anos,entre 20 e 29 anos,QRDN,P2P,Pix,"1266,18",19
202411,PF,PF,SUDESTE,SUDESTE,entre 40 e 49 anos,mais de 60 anos,QRES,P2P,Pix,80261866,1193809
202411,PF,PF,SUDESTE,NORDESTE,entre 20 e 29 anos,entre 20 e 29 anos,DICT,P2P,Pix,"278822424,77",2072142
202411,PF,PJ,SUDESTE,SUDESTE,mais de 60 anos,Nao se aplica,QRDN,P2B,Pix Troco,"337450,13",1116
202411,PJ,PF,NORTE,SUL,Nao se aplica,entre 40 e 49 anos,Nao disponivel,B2P,Nao disponivel,"61965,23",124
202411,PF,PJ,NORTE,SUDESTE,entre 20 e 29 anos,Nao se aplica,QRES,P2B,Pix,"127316529,63",1363385
202411,PF,PF,SUL,Nao informado,entre 50 e 59 anos,entre 40 e 49 anos,QRDN,P2P,Pix,"5643,58",28
202411,PF,PF,NORDESTE,NORTE,mais de 60 anos,entre 50 e 59 anos,QRES,P2P,Pix,"231615,27",3567
202411,PF,PF,NORDESTE,SUDESTE,entre 20 e 29 anos,entre 50 e 59 anos,DICT,P2P,Pix,"121686141,6",769044
202411,PF,PF,CENTRO-OESTE,SUL,até 19 anos,entre 20 e 29 anos,QRDN,P2P,Pix,"48936,13",1928
202411,PF,PF,NORDESTE,Nao informado,entre 30 e 39 anos,entre 20 e 29 anos,QRDN,P2P,Pix,"17236,25",1588
202411,PF,PF,SUL,SUL,entre 40 e 49 anos,entre 20 e 29 anos,Nao disponivel,P2P,Nao disponivel,"2143983,66",11295
202411,PF,PJ,SUDESTE,CENTRO-OESTE,entre 20 e 29 anos,Nao se aplica,DICT,P2G,Pix,"7854,07",21
202411,PF,PF,Nao informado,NORTE,entre 20 e 29 anos,entre 30 e 39 anos,QRDN,P2P,Pix,"21414,5",685
202411,PJ,PJ,NORTE,NORTE,Nao se aplica,Nao se aplica,QRES,B2B,Pix,"377566452,54",600749
202411,PF,PF,SUDESTE,Nao informado,entre 40 e 49 anos,entre 20 e 29 anos,QRES,P2P,Pix,"69630,2",548
202411,PF,PJ,SUL,NORTE,entre 50 e 59 anos,Nao se aplica,QRDN,P2G,Pix,"451676,87",369
202411,PF,PF,NORTE,CENTRO-OESTE,até 19 anos,entre 40 e 49 anos,QRES,P2P,Pix,"351231,51",14572
202411,PF,PF,SUL,SUDESTE,entre 50 e 59 anos,mais de 60 anos,Nao disponivel,P2P,Nao disponivel,"117406,04",136
202411,PF,PJ,NORDESTE,NORDESTE,mais de 60 anos,Nao se aplica,QRDN,P2B,Pix Saque,"5913357,95",22140
202411,PF,PF,Nao informado,NORDESTE,entre 20 e 29 anos,entre 40 e 49 anos,MANU,P2P,Pix,"251260,77",1273
202411,PF,PF,NORDESTE,Nao informado,entre 30 e 39 anos,entre 20 e 29 anos,DICT,P2P,Pix,"2326220,25",15704
202411,PJ,PJ,SUDESTE,NORDESTE,Nao se aplica,Nao se aplica,MANU,B2B,Pix,"8483487773,11",1054649
202411,PF,PF,NORDESTE,SUDESTE,entre 20 e 29 anos,mais de 60 anos,MANU,P2P,Pix,"16056623,07",87404
202411,PF,PF,NORTE,CENTRO-OESTE,entre 50 e 59 anos,até 19 anos,QRDN,P2P,Pix,"18345,54",576
202411,PF,PF,CENTRO-OESTE,Nao informado,até 19 anos,Nao informado,MANU,P2P,Pix,10,1
202411,PF,PJ,Nao informado,Nao informado,entre 30 e 39 anos,Nao se aplica,MANU,P2B,Pix,"31997,8",345
202411,PF,PF,NORTE,SUL,mais de 60 anos,até 19 anos,Nao disponivel,P2P,Nao disponivel,"7163,67",23
202411,PF,PF,SUL,SUDESTE,entre 50 e 59 anos,Nao informado,QRDN,P2P,Pix,"3177,92",6
202411,PF,PF,Nao informado,Nao informado,entre 40 e 49 anos,entre 30 e 39 anos,MANU,P2P,Pix,"475280,87",1138
202411,PF,PJ,SUDESTE,SUL,entre 30 e 39 anos,Nao se aplica,QRES,P2B,Pix,"337517981,03",1251573
202411,PF,PF,CENTRO-OESTE,CENTRO-OESTE,mais de 60 anos,até 19 anos,Nao disponivel,P2P,Nao disponivel,"43506,65",532
202411,PF,PF,CENTRO-OESTE,NORTE,até 19 anos,entre 40 e 49 anos,QRES,P2P,Pix,"221986,37",8687
202411,PJ,PF,SUL,Nao informado,Nao se aplica,entre 40 e 49 anos,QRES,B2P,Pix,"369643,56",238
202411,PF,PF,SUDESTE,NORTE,entre 30 e 39 anos,entre 30 e 39 anos,DICT,P2P,Pix,"78115808,35",270729
202411,PF,PF,CENTRO-OESTE,SUL,até 19 anos,entre 50 e 59 anos,QRES,P2P,Pix,"67708,21",2872
202411,PJ,PF,NORDESTE,NORDESTE,Nao se aplica,até 19 anos,Nao disponivel,B2P,Nao disponivel,"1211508,81",38221
202411,PF,PF,SUL,SUL,entre 40 e 49 anos,entre 50 e 59 anos,MANU,P2P,Pix,"204189772,85",651574
202411,PF,PF,NORTE,SUL,até 19 anos,entre 30 e 39 anos,MANU,P2P,Pix,"439904,27",4541
202411,PJ,PF,NORDESTE,SUL,Nao se aplica,entre 40 e 49 anos,DICT,B2P,Pix,"287307260,48",1478909
202411,PJ,PF,CENTRO-OESTE,SUL,Nao se aplica,entre 40 e 49 anos,MANU,G2P,Pix,"8761932,44",5538
202411,PF,PJ,NORDESTE,SUDESTE,entre 30 e 39 anos,Nao se aplica,QRES,P2B,Pix,"697640161,5",5299314
202411,PF,PJ,SUL,CENTRO-OESTE,mais de 60 anos,Nao se aplica,QRDN,P2B,Pix,"44670711,21",147601
202411,PF,PF,NORDESTE,SUL,entre 30 e 39 anos,mais de 60 anos,QRDN,P2P,Pix,"364465,74",8427
202411,PF,PJ,SUDESTE,CENTRO-OESTE,entre 40 e 49 anos,Nao se aplica,QRDN,P2G,Pix,"190906651,51",641209
202411,PF,PF,SUL,Nao informado,entre 20 e 29 anos,mais de 60 anos,Nao disponivel,P2P,Nao disponivel,300,1
202411,PF,PJ,SUL,CENTRO-OESTE,entre 30 e 39 anos,Nao se aplica,QRDN,P2G,Pix,"65079410,98",272301
202411,PF,PF,SUDESTE,SUDESTE,mais de 60 anos,entre 30 e 39 anos,MANU,P2P,Pix,"587875236,65",1418739
202411,PF,PJ,Nao informado,SUDESTE,entre 50 e 59 anos,Nao se aplica,MANU,P2B,Pix,"3795366,81",1247
202411,PF,PF,NORTE,CENTRO-OESTE,entre 50 e 59 anos,entre 30 e 39 anos,QRES,P2P,Pix,"716151,47",8358
202411,PF,PF,Nao informado,Nao informado,entre 20 e 29 anos,entre 40 e 49 anos,QRES,P2P,Pix,"20339,26",485
202411,PF,PF,NORDESTE,CENTRO-OESTE,até 19 anos,entre 30 e 39 anos,QRES,P2P,Pix,"580034,16",23085
202411,PF,PF,SUL,Nao informado,entre 40 e 49 anos,entre 50 e 59 anos,QRDN,P2P,Pix,"3012,44",32
202411,PF,PF,CENTRO-OESTE,SUDESTE,entre 40 e 49 anos,entre 30 e 39 anos,QRDN,P2P,Pix,"1138437,16",21972
202411,PF,PJ,Nao informado,NORDESTE,mais de 60 anos,Nao se aplica,QRDN,P2B,Pix Saque,"1564,73",4
202411,PJ,PJ,SUL,SUL,Nao se aplica,Nao se aplica,QRES,B2G,Pix,"1643531,9",6365
202411,PF,PF,Nao informado,CENTRO-OESTE,entre 30 e 39 anos,até 19 anos,QRDN,P2P,Pix,"927,84",35
202411,PJ,PF,NORDESTE,NORDESTE,Nao se aplica,mais de 60 anos,DICT,G2P,Pix,"39661743,29",5454
202411,PF,PF,SUL,SUDESTE,entre 40 e 49 anos,entre 40 e 49 anos,QRES,P2P,Pix,3225124,32893
202411,PF,PF,NORTE,CENTRO-OESTE,entre 20 e 29 anos,entre 30 e 39 anos,Nao disponivel,P2P,Nao disponivel,"161341,17",962
202411,PF,PF,Nao informado,SUL,mais de 60 anos,entre 40 e 49 anos,QRDN,P2P,Pix,"2353,61",42
202411,PF,PF,NORDESTE,SUL,mais de 60 anos,entre 50 e 59 anos,QRES,P2P,Pix,"99957,65",1057
202411,PF,PF,SUL,SUL,até 19 anos,entre 50 e 59 anos,QRDN,P2P,Pix,"2191478,14",118258
202411,PF,PF,Nao informado,NORDESTE,entre 30 e 39 anos,entre 20 e 29 anos,Nao disponivel,P2P,Nao disponivel,"12366,77",42
202411,PJ,PF,CENTRO-OESTE,NORTE,Nao se aplica,entre 30 e 39 anos,MANU,G2P,Pix,"1695143,75",1373
202411,PJ,PF,SUDESTE,SUL,Nao se aplica,entre 40 e 49 anos,Nao disponivel,B2P,Nao disponivel,"30134766,96",262414
202411,PF,PF,CENTRO-OESTE,SUDESTE,mais de 60 anos,até 19 anos,MANU,P2P,Pix,"281197,32",1742
202411,PF,PJ,Nao informado,NORTE,entre 30 e 39 anos,Nao se aplica,QRES,P2B,Pix,"579637,14",2082
202411,PF,PJ,NORTE,SUDESTE,entre 30 e 39 anos,Nao se aplica,DICT,P2B,Pix,"168025463,27",212977
202411,PF,PF,NORDESTE,SUDESTE,até 19 anos,entre 20 e 29 anos,Nao disponivel,P2P,Nao disponivel,"333163,52",4015
202411,PF,PF,SUDESTE,SUL,entre 20 e 29 anos,entre 50 e 59 anos,QRES,P2P,Pix,"923795,07",23658
202411,PF,PF,SUDESTE,SUL,entre 30 e 39 anos,entre 20 e 29 anos,DICT,P2P,Pix,"84363527,83",382220
202411,PF,PF,Nao informado,NORDESTE,entre 50 e 59 anos,entre 40 e 49 anos,Nao disponivel,P2P,Nao disponivel,"1181,61",6
202411,PF,PF,NORDESTE,Nao informado,entre 40 e 49 anos,entre 30 e 39 anos,MANU,P2P,Pix,"714204,73",8005
202411,PF,PF,CENTRO-OESTE,CENTRO-OESTE,entre 30 e 39 anos,Nao informado,DICT,P2P,Pix,"5075,92",14
202411,PF,PJ,NORTE,NORDESTE,entre 50 e 59 anos,Nao se aplica,Nao disponivel,P2B,Nao disponivel,"31256,27",56
202411,PJ,PF,SUDESTE,CENTRO-OESTE,Nao se aplica,entre 30 e 39 anos,MANU,B2P,Pix,"653376459,03",1060662
202411,PF,PJ,CENTRO-OESTE,CENTRO-OESTE,entre 50 e 59 anos,Nao se aplica,QRDN,P2B,Pix,"383255942,91",3659935
202411,PF,PF,CENTRO-OESTE,NORDESTE,mais de 60 anos,entre 40 e 49 anos,QRES,P2P,Pix,"508038,46",7175
202411,PJ,PF,SUDESTE,SUDESTE,Nao se aplica,entre 30 e 39 anos,QRDN,G2P,Pix,"422466,93",26
202411,PF,PF,NORTE,NORDESTE,entre 20 e 29 anos,entre 30 e 39 anos,MANU,P2P,Pix,"9156036,47",72274
202411,PF,PJ,CENTRO-OESTE,SUDESTE,entre 20 e 29 anos,Nao se aplica,MANU,P2G,Pix,"17458,16",29
202411,PF,PF,SUL,SUL,entre 30 e 39 anos,entre 30 e 39 anos,MANU,P2P,Pix,"3005403154,06",7676418
202411,PF,PF,Nao informado,SUDESTE,entre 30 e 39 anos,até 19 anos,QRES,P2P,Pix,"4182,05",123
202411,PJ,PJ,SUDESTE,NORDESTE,Nao se aplica,Nao se aplica,QRES,B2B,Pix,"23575479,7",65978
202411,PF,PJ,NORTE,NORTE,Nao informado,Nao se aplica,QRDN,P2B,Pix,"4958,23",91
202411,PF,PJ,NORDESTE,SUL,entre 30 e 39 anos,Nao se aplica,INIC,P2B,Pix,"6191,07",35
202411,PF,PJ,SUDESTE,SUDESTE,entre 50 e 59 anos,Nao se aplica,MANU,P2G,Pix,"1620848,49",2290
202411,PJ,PF,CENTRO-OESTE,Nao informado,Nao se aplica,entre 50 e 59 anos,MANU,G2P,Pix,"733730,81",34
202411,PF,PF,Nao informado,NORDESTE,entre 40 e 49 anos,até 19 anos,Nao disponivel,P2P,Nao disponivel,"20,9",7
202411,PF,PF,NORTE,NORDESTE,entre 20 e 29 anos,mais de 60 anos,QRDN,P2P,Pix,"449301,67",14031
202411,PF,PF,NORDESTE,Nao informado,entre 50 e 59 anos,até 19 anos,MANU,P2P,Pix,"7780,5",123
202411,PF,PF,NORTE,Nao informado,até 19 anos,mais de 60 anos,QRES,P2P,Pix,"6606,77",1083
202411,PF,PJ,CENTRO-OESTE,SUL,entre 20 e 29 anos,Nao se aplica,DICT,P2G,Pix,"10943,41",34
202411,PF,PJ,NORTE,NORTE,entre 40 e 49 anos,Nao se aplica,QRDN,P2B,Pix,"758325967,72",9477374
202411,PF,PF,Nao informado,NORTE,entre 30 e 39 anos,mais de 60 anos,QRES,P2P,Pix,"15667,27",380
202411,PF,PF,CENTRO-OESTE,Nao informado,mais de 60 anos,entre 20 e 29 anos,Nao disponivel,P2P,Nao disponivel,100,1
202411,PF,PF,SUDESTE,Nao informado,entre 30 e 39 anos,entre 50 e 59 anos,QRDN,P2P,Pix,"13407,6",464
202411,PF,PF,SUDESTE,NORDESTE,entre 30 e 39 anos,até 19 anos,MANU,P2P,Pix,"5484916,16",64498
202411,PF,PF,SUDESTE,NORDESTE,até 19 anos,entre 40 e 49 anos,QRDN,P2P,Pix,"692490,54",44571
202411,PF,PF,Nao informado,CENTRO-OESTE,entre 40 e 49 anos,entre 40 e 49 anos,QRES,P2P,Pix,"64876,46",504
202411,PJ,PF,NORDESTE,SUL,Nao se aplica,entre 20 e 29 anos,MANU,B2P,Pix,"9169041,13",61014
202411,PF,PF,SUL,Nao informado,entre 30 e 39 anos,entre 20 e 29 anos,QRDN,P2P,Pix,"14649,88",255
202411,PF,PJ,SUL,NORTE,entre 50 e 59 anos,Nao se aplica,QRES,P2G,Pix,"2733,05",14
202411,PF,PF,SUDESTE,NORDESTE,entre 20 e 29 anos,entre 40 e 49 anos,MANU,P2P,Pix,"29407917,77",185860
202411,PF,PF,SUDESTE,CENTRO-OESTE,entre 40 e 49 anos,mais de 60 anos,DICT,P2P,Pix,"46521181,91",70791
202411,PF,PF,Nao informado,NORDESTE,entre 40 e 49 anos,entre 40 e 49 anos,DICT,P2P,Pix,"4366957,61",7804
202411,PF,PF,NORDESTE,NORTE,até 19 anos,entre 40 e 49 anos,QRES,P2P,Pix,"373955,11",20194
202411,PF,PF,SUDESTE,NORDESTE,entre 50 e 59 anos,entre 20 e 29 anos,DICT,P2P,Pix,"143149471,36",721817
202411,PF,PF,NORDESTE,SUDESTE,Nao informado,entre 20 e 29 anos,MANU,P2P,Pix,1167,15
202411,PJ,PF,Nao informado,NORTE,Nao se aplica,entre 20 e 29 anos,MANU,B2P,Pix,"45436,54",39
202411,PF,PJ,CENTRO-OESTE,CENTRO-OESTE,até 19 anos,Nao se aplica,Nao disponivel,P2B,Nao disponivel,"796776,5",2060
202411,PF,PF,NORTE,NORTE,entre 40 e 49 anos,Nao informado,Nao disponivel,P2P,Nao disponivel,60,2
202411,PF,PF,Nao informado,Nao informado,entre 50 e 59 anos,entre 50 e 59 anos,QRDN,P2P,Pix,"4858,58",27
202411,PF,PF,Nao informado,NORTE,entre 30 e 39 anos,entre 30 e 39 anos,QRES,P2P,Pix,"82545,42",1206
202411,PF,PJ,CENTRO-OESTE,Nao informado,entre 30 e 39 anos,Nao se aplica,Nao disponivel,P2B,Nao disponivel,170,1
202411,PF,PJ,NORDESTE,Nao informado,entre 20 e 29 anos,Nao se aplica,QRDN,P2B,Pix,"402134,4",5144
202411,PF,PF,SUL,NORDESTE,entre 20 e 29 anos,entre 30 e 39 anos,QRDN,P2P,Pix,"540488,53",18091
202411,PF,PJ,Nao informado,SUL,entre 30 e 39 anos,Nao se aplica,QRDN,P2B,Pix,"5154822,75",41212
202411,PF,PF,CENTRO-OESTE,SUL,entre 20 e 29 anos,entre 40 e 49 anos,QRDN,P2P,Pix,"299142,34",9286
202411,PF,PJ,SUL,Nao informado,entre 40 e 49 anos,Nao se aplica,QRES,P2B,Pix,"10003,22",29
202411,PF,PJ,CENTRO-OESTE,CENTRO-OESTE,Nao informado,Nao se aplica,QRES,P2B,Pix,138,2
202411,PF,PJ,NORDESTE,CENTRO-OESTE,entre 40 e 49 anos,Nao se aplica,QRES,P2B,Pix,"37514083,82",175097
202411,PF,PF,Nao informado,CENTRO-OESTE,entre 20 e 29 anos,entre 30 e 39 anos,Nao disponivel,P2P,Nao disponivel,2208,11
202411,PF,PJ,NORTE,CENTRO-OESTE,entre 50 e 59 anos,Nao se aplica,DICT,P2B,Pix,52695042,46712
202411,PF,PF,SUDESTE,NORDESTE,mais de 60 anos,entre 30 e 39 anos,MANU,P2P,Pix,"17354498,01",55441
202411,PJ,PF,SUL,CENTRO-OESTE,Nao se aplica,entre 20 e 29 anos,QRES,B2P,Pix,"413392,86",1557
202411,PF,PJ,NORDESTE,NORTE,entre 20 e 29 anos,Nao se aplica,QRES,P2B,Pix,"9241921,34",105165
202411,PF,PF,NORTE,SUL,até 19 anos,entre 40 e 49 anos,QRES,P2P,Pix,"168622,93",7689
202411,PF,PF,NORDESTE,NORDESTE,entre 30 e 39 anos,Nao informado,MANU,P2P,Pix,"1296,5",22
202411,PF,PJ,NORDESTE,NORDESTE,entre 50 e 59 anos,Nao se aplica,DICT,P2B,Pix,"2056799303,71",3478331
202411,PF,PJ,NORDESTE,NORDESTE,entre 50 e 59 anos,Nao se aplica,INIC,P2B,Pix,50,1
202411,PF,PF,Nao informado,SUDESTE,entre 30 e 39 anos,entre 40 e 49 anos,QRES,P2P,Pix,"123796,95",1780
202411,PF,PJ,SUL,NORDESTE,entre 20 e 29 anos,Nao se aplica,QRDN,P2G,Pix,"154593,73",429
202411,PF,PF,CENTRO-OESTE,SUL,entre 40 e 49 anos,mais de 60 anos,QRDN,P2P,Pix,"111621,31",2263
202411,PF,PF,SUDESTE,SUDESTE,até 19 anos,mais de 60 anos,DICT,P2P,Pix,"137925242,81",1384277
202411,PF,PF,CENTRO-OESTE,Nao informado,até 19 anos,entre 50 e 59 anos,QRDN,P2P,Pix,"748,45",28
202411,PF,PF,NORDESTE,SUL,até 19 anos,entre 40 e 49 anos,QRES,P2P,Pix,"217932,04",10438
202411,PF,PF,Nao informado,Nao informado,entre 50 e 59 anos,entre 20 e 29 anos,Nao disponivel,P2P,Nao disponivel,156,3
202411,PF,PJ,SUL,SUL,até 19 anos,Nao se aplica,DICT,P2B,Pix Saque,15,1
202411,PF,PJ,SUL,SUDESTE,até 19 anos,Nao se aplica,INIC,P2B,Pix,"273,61",19
202411,PJ,PF,SUL,NORTE,Nao se aplica,Nao informado,MANU,B2P,Pix,319,1
202411,PF,PJ,SUDESTE,CENTRO-OESTE,mais de 60 anos,Nao se aplica,QRES,P2B,Pix,"15011321,66",41033
202411,PF,PF,Nao informado,Nao informado,entre 20 e 29 anos,entre 50 e 59 anos,QRDN,P2P,Pix,142,5
202411,PF,PJ,SUL,Nao informado,entre 40 e 49 anos,Nao se aplica,QRDN,P2B,Pix,"294131,72",1205
202411,PF,PF,CENTRO-OESTE,SUDESTE,entre 50 e 59 anos,entre 30 e 39 anos,MANU,P2P,Pix,"10196618,97",25480
202411,PJ,PF,SUL,SUL,Nao se aplica,mais de 60 anos,DICT,B2P,Pix,"2840007083,26",1689734
202411,PJ,PF,SUDESTE,SUDESTE,Nao se aplica,entre 40 e 49 anos,Nao disponivel,B2P,Nao disponivel,"132846118,77",1228925
202411,PF,PF,NORDESTE,Nao informado,até 19 anos,entre 50 e 59 anos,QRES,P2P,Pix,"5218,85",450
202411,PJ,PF,NORTE,SUDESTE,Nao se aplica,entre 20 e 29 anos,QRDN,B2P,Pix,"146932,96",1111
202411,PJ,PF,NORDESTE,SUDESTE,Nao se aplica,entre 20 e 29 anos,DICT,G2P,Pix,"419269,28",270
202411,PF,PF,SUL,NORDESTE,entre 20 e 29 anos,entre 40 e 49 anos,Nao disponivel,P2P,Nao disponivel,"76884,4",467
202411,PF,PF,SUDESTE,SUL,mais de 60 anos,até 19 anos,MANU,P2P,Pix,"388397,23",2116
202411,PF,PF,NORTE,SUL,entre 40 e 49 anos,entre 50 e 59 anos,DICT,P2P,Pix,"16595660,92",51948
202411,PF,PF,NORTE,SUDESTE,entre 40 e 49 anos,Nao informado,INIC,P2P,Pix,"688,83",2
202411,PF,PJ,CENTRO-OESTE,SUDESTE,entre 20 e 29 anos,Nao se aplica,QRES,P2B,Pix Saque,366,3
202411,PF,PF,SUL,CENTRO-OESTE,até 19 anos,mais de 60 anos,QRDN,P2P,Pix,"22592,52",981
202411,PJ,PF,SUL,SUL,Nao se aplica,até 19 anos,QRDN,B2P,Pix,"294962,58",3713
202411,PF,PF,SUL,CENTRO-OESTE,entre 30 e 39 anos,até 19 anos,QRES,P2P,Pix,"54243,87",1039
202411,PF,PF,Nao informado,CENTRO-OESTE,entre 20 e 29 anos,até 19 anos,QRES,P2P,Pix,"748,7",41
202411,PF,PF,NORTE,CENTRO-OESTE,entre 20 e 29 anos,entre 20 e 29 anos,QRES,P2P,Pix,"2006324,01",41401
202411,PF,PJ,CENTRO-OESTE,SUDESTE,entre 20 e 29 anos,Nao se aplica,QRDN,P2B,Pix Saque,"89457,93",496
202411,PJ,PF,NORTE,NORDESTE,Nao se aplica,entre 40 e 49 anos,MANU,B2P,Pix,"8935268,02",4865
202411,PF,PF,NORDESTE,SUDESTE,até 19 anos,entre 40 e 49 anos,QRES,P2P,Pix,"2182379,41",115874
202411,PF,PJ,NORTE,SUL,entre 20 e 29 anos,Nao se aplica,DICT,P2B,Pix,"40658834,27",122515
202411,PJ,PF,NORDESTE,CENTRO-OESTE,Nao se aplica,mais de 60 anos,QRDN,B2P,Pix,"491918,85",694
202411,PF,PJ,Nao informado,NORDESTE,entre 20 e 29 anos,Nao se aplica,QRDN,P2G,Pix,12403,95
202411,PF,PF,SUDESTE,CENTRO-OESTE,mais de 60 anos,até 19 anos,Nao disponivel,P2P,Nao disponivel,"3033,97",194
202411,PF,PF,NORDESTE,Nao informado,entre 50 e 59 anos,Nao informado,QRES,P2P,Pix,2,1
202411,PJ,PF,NORTE,CENTRO-OESTE,Nao se aplica,mais de 60 anos,MANU,B2P,Pix,"33689204,13",1378
202411,PF,PF,SUL,NORDESTE,entre 50 e 59 anos,entre 20 e 29 anos,MANU,P2P,Pix,1311365,11034
202411,PJ,PF,NORDESTE,SUL,Nao se aplica,mais de 60 anos,Nao disponivel,B2P,Nao disponivel,"492346,9",2416
202411,PF,PJ,NORDESTE,NORTE,entre 40 e 49 anos,Nao se aplica,MANU,P2B,Pix,"8038767,73",16230
202411,PJ,PF,SUDESTE,Nao informado,Nao se aplica,entre 40 e 49 anos,Nao disponivel,B2P,Nao disponivel,"456940,75",1797
202411,PF,PF,NORTE,Nao informado,entre 30 e 39 anos,entre 50 e 59 anos,Nao disponivel,P2P,Nao disponivel,1900,2
202411,PF,PF,NORDESTE,NORTE,entre 30 e 39 anos,mais de 60 anos,Nao disponivel,P2P,Nao disponivel,"124392,62",168
202411,PF,PF,NORTE,Nao informado,entre 20 e 29 anos,até 19 anos,QRES,P2P,Pix,"22452,81",53
202411,PF,PF,Nao informado,Nao informado,entre 30 e 39 anos,entre 20 e 29 anos,QRES,P2P,Pix,"56179,83",342
202411,PF,PJ,NORDESTE,NORTE,entre 40 e 49 anos,Nao se aplica,MANU,P2G,Pix,77,5
202411,PF,PJ,SUL,NORTE,entre 20 e 29 anos,Nao se aplica,QRES,P2G,Pix,"83,86",5
202411,PJ,PF,CENTRO-OESTE,SUDESTE,Nao se aplica,Nao informado,QRDN,B2P,Pix,"575,95",2
202411,PF,PF,NORDESTE,Nao informado,entre 50 e 59 anos,até 19 anos,Nao disponivel,P2P,Nao disponivel,5,1
202411,PF,PF,SUL,CENTRO-OESTE,mais de 60 anos,entre 50 e 59 anos,MANU,P2P,Pix,"1588537,71",1662
202411,PF,PF,Nao informado,CENTRO-OESTE,entre 40 e 49 anos,entre 50 e 59 anos,Nao disponivel,P2P,Nao disponivel,"13,98",2
202411,PF,PJ,NORTE,SUDESTE,entre 40 e 49 anos,Nao se aplica,DICT,P2B,Pix,"144415593,78",155299
202411,PF,PF,NORTE,SUL,entre 50 e 59 anos,entre 20 e 29 anos,DICT,P2P,Pix,"9410487,96",39875
202411,PJ,PF,NORDESTE,NORDESTE,Nao se aplica,entre 40 e 49 anos,QRES,G2P,Pix,"2392,95",14
202411,PF,PF,Nao informado,CENTRO-OESTE,mais de 60 anos,até 19 anos,MANU,P2P,Pix,10045,37
202411,PF,PF,NORDESTE,CENTRO-OESTE,entre 30 e 39 anos,entre 30 e 39 anos,DICT,P2P,Pix,"126889575,33",595747
202411,PF,PF,SUL,Nao informado,até 19 anos,até 19 anos,DICT,P2P,Pix,"17142,7",425
202411,PF,PF,SUDESTE,Nao informado,entre 40 e 49 anos,entre 40 e 49 anos,Nao disponivel,P2P,Nao disponivel,"30587,68",31
202411,PF,PF,SUL,Nao informado,entre 50 e 59 anos,mais de 60 anos,QRDN,P2P,Pix,273,4
202411,PF,PF,CENTRO-OESTE,NORTE,mais de 60 anos,entre 30 e 39 anos,DICT,P2P,Pix,"33026556,4",56004
202411,PF,PF,NORDESTE,SUL,entre 20 e 29 anos,entre 40 e 49 anos,DICT,P2P,Pix,"28851985,33",168625
202411,PF,PJ,SUDESTE,NORDESTE,entre 20 e 29 anos,Nao se aplica,QRES,P2G,Pix,"7494,73",440
202411,PF,PJ,Nao informado,NORTE,entre 40 e 49 anos,Nao se aplica,QRDN,P2G,Pix,"11533,65",29
202411,PF,PF,SUDESTE,SUDESTE,entre 30 e 39 anos,até 19 anos,DICT,P2P,Pix,"670030872,94",7011231
202411,PF,PF,SUDESTE,NORDESTE,mais de 60 anos,entre 30 e 39 anos,DICT,P2P,Pix,"145963352,1",440950
202411,PF,PF,NORTE,NORTE,entre 50 e 59 anos,entre 40 e 49 anos,MANU,P2P,Pix,"137539164,17",833802
202411,PJ,PF,Nao informado,SUDESTE,Nao se aplica,entre 30 e 39 anos,QRES,B2P,Pix,"36025,68",90
202411,PJ,PF,CENTRO-OESTE,Nao informado,Nao se aplica,Nao informado,QRES,B2P,Pix,"523,33",4
202411,PJ,PF,NORTE,NORTE,Nao se aplica,até 19 anos,MANU,B2P,Pix,"9884199,05",42086
202411,PF,PF,NORTE,NORDESTE,mais de 60 anos,entre 20 e 29 anos,DICT,P2P,Pix,"13241113,5",49674
202411,PF,PF,NORDESTE,CENTRO-OESTE,entre 50 e 59 anos,entre 20 e 29 anos,QRES,P2P,Pix,"402856,28",6506
202411,PF,PF,Nao informado,Nao informado,entre 30 e 39 anos,mais de 60 anos,QRDN,P2P,Pix,"2676,6",50
202411,PF,PF,SUDESTE,SUL,até 19 anos,entre 30 e 39 anos,DICT,P2P,Pix,"6200144,54",58994
202411,PF,PF,NORTE,NORDESTE,até 19 anos,até 19 anos,MANU,P2P,Pix,"409713,56",12873
202411,PF,PJ,SUDESTE,CENTRO-OESTE,entre 30 e 39 anos,Nao se aplica,MANU,P2G,Pix,450,3
202411,PF,PJ,NORTE,SUL,entre 20 e 29 anos,Nao se aplica,QRES,P2B,Pix Saque,92,5
202411,PF,PF,CENTRO-OESTE,SUDESTE,entre 20 e 29 anos,entre 40 e 49 anos,MANU,P2P,Pix,"8779620,9",40916
202411,PF,PF,SUDESTE,NORDESTE,entre 30 e 39 anos,até 19 anos,Nao disponivel,P2P,Nao disponivel,"72068,38",1472
202411,PJ,PF,NORDESTE,CENTRO-OESTE,Nao se aplica,mais de 60 anos,Nao disponivel,B2P,Nao disponivel,"192989,91",1479
202411,PF,PF,SUDESTE,SUDESTE,entre 30 e 39 anos,mais de 60 anos,QRES,P2P,Pix,"88924919,44",1493473
202411,PF,PJ,SUDESTE,CENTRO-OESTE,entre 40 e 49 anos,Nao se aplica,QRES,P2B,Pix Saque,"34,55",3
202411,PJ,PF,NORDESTE,SUL,Nao se aplica,entre 30 e 39 anos,MANU,B2P,Pix,"18285400,36",72554
202411,PF,PF,NORTE,NORTE,entre 30 e 39 anos,entre 30 e 39 anos,QRDN,P2P,Pix,"50279189,94",1510471
202411,PF,PJ,SUDESTE,SUDESTE,entre 50 e 59 anos,Nao se aplica,MANU,P2B,Pix Saque,"1303,21",12
202411,PF,PF,NORDESTE,Nao informado,mais de 60 anos,mais de 60 anos,Nao disponivel,P2P,Nao disponivel,100,1
202411,PF,PF,Nao informado,SUL,entre 20 e 29 anos,entre 20 e 29 anos,DICT,P2P,Pix,"2320061,99",9852
202411,PF,PF,CENTRO-OESTE,SUL,até 19 anos,até 19 anos,DICT,P2P,Pix,"1109666,69",30237
202411,PF,PJ,CENTRO-OESTE,NORDESTE,entre 30 e 39 anos,Nao se aplica,MANU,P2G,Pix,"9016,06",8
202411,PF,PF,NORTE,Nao informado,até 19 anos,entre 20 e 29 anos,QRDN,P2P,Pix,1233,47
202411,PF,PF,NORDESTE,SUDESTE,entre 20 e 29 anos,entre 30 e 39 anos,QRES,P2P,Pix,"14856987,66",371072
202411,PF,PF,NORDESTE,NORTE,entre 40 e 49 anos,mais de 60 anos,QRES,P2P,Pix,"626857,98",16749
202411,PF,PF,NORTE,SUDESTE,até 19 anos,até 19 anos,QRES,P2P,Pix,"78671,09",6035
202411,PF,PF,SUL,SUDESTE,entre 30 e 39 anos,entre 40 e 49 anos,DICT,P2P,Pix,"113734960,59",341999
202411,PF,PF,NORDESTE,NORTE,entre 50 e 59 anos,entre 20 e 29 anos,Nao disponivel,P2P,Nao disponivel,"23651,55",173
202411,PF,PF,SUDESTE,NORTE,entre 50 e 59 anos,até 19 anos,QRDN,P2P,Pix,"18012,48",307
202411,PF,PF,SUL,Nao informado,até 19 anos,entre 50 e 59 anos,QRES,P2P,Pix,"1787,47",67
202411,PF,PF,Nao informado,NORTE,entre 50 e 59 anos,entre 50 e 59 anos,Nao disponivel,P2P,Nao disponivel,9,2
202411,PF,PF,Nao informado,NORTE,até 19 anos,entre 20 e 29 anos,DICT,P2P,Pix,"81071,26",874
202411,PF,PF,NORDESTE,SUL,entre 30 e 39 anos,até 19 anos,Nao disponivel,P2P,Nao disponivel,"19969,21",493
202411,PF,PJ,NORTE,Nao informado,entre 30 e 39 anos,Nao se aplica,DICT,P2B,Pix,"17683,65",40
202411,PJ,PJ,CENTRO-OESTE,SUDESTE,Nao se aplica,Nao se aplica,MANU,B2G,Pix,"541851,89",462
202411,PF,PF,CENTRO-OESTE,CENTRO-OESTE,entre 50 e 59 anos,entre 50 e 59 anos,INIC,P2P,Pix,"1091379,45",1787
202411,PF,PF,SUL,NORDESTE,entre 20 e 29 anos,entre 30 e 39 anos,QRES,P2P,Pix,"1200395,21",26542
202411,PF,PF,CENTRO-OESTE,SUL,entre 40 e 49 anos,entre 20 e 29 anos,QRES,P2P,Pix,"411723,06",5158
202411,PF,PF,Nao informado,CENTRO-OESTE,mais de 60 anos,entre 30 e 39 anos,MANU,P2P,Pix,"74988,01",156
202411,PF,PF,NORDESTE,SUL,entre 50 e 59 anos,entre 50 e 59 anos,Nao disponivel,P2P,Nao disponivel,"17903,11",59
202411,PJ,PF,CENTRO-OESTE,SUDESTE,Nao se aplica,mais de 60 anos,MANU,G2P,Pix,"82665725,84",13920
202411,PF,PJ,NORTE,SUL,mais de 60 anos,Nao se aplica,MANU,P2G,Pix,200,1
202411,PJ,PF,NORDESTE,SUDESTE,Nao se aplica,mais de 60 anos,Nao disponivel,B2P,Nao disponivel,"935467,55",7733
202411,PF,PF,CENTRO-OESTE,SUDESTE,mais de 60 anos,entre 50 e 59 anos,MANU,P2P,Pix,"6612360,23",7066
202411,PF,PJ,Nao informado,SUL,entre 40 e 49 anos,Nao se aplica,QRDN,P2B,Pix Saque,"19643,93",68
202411,PF,PF,SUDESTE,Nao informado,entre 20 e 29 anos,entre 20 e 29 anos,DICT,P2P,Pix,"2503733,36",9068
202411,PF,PF,CENTRO-OESTE,NORTE,até 19 anos,mais de 60 anos,MANU,P2P,Pix,"103739,02",1227
202411,PF,PJ,NORDESTE,CENTRO-OESTE,até 19 anos,Nao se aplica,QRDN,P2G,Pix,"1738309,03",29747
202411,PF,PJ,NORDESTE,NORDESTE,entre 30 e 39 anos,Nao se aplica,MANU,P2B,Pix,"726914285,14",2193663
202411,PF,PF,Nao informado,NORTE,entre 20 e 29 anos,entre 50 e 59 anos,Nao disponivel,P2P,Nao disponivel,"4338,98",9
202411,PF,PF,SUDESTE,NORTE,até 19 anos,entre 20 e 29 anos,MANU,P2P,Pix,"623236,89",8819
202411,PJ,PJ,CENTRO-OESTE,NORDESTE,Nao se aplica,Nao se aplica,MANU,B2G,Pix,"91871,36",311
202411,PJ,PF,NORDESTE,SUDESTE,Nao se aplica,mais de 60 anos,DICT,B2P,Pix,"206997324,85",701255
202411,PF,PF,SUL,SUDESTE,entre 40 e 49 anos,Nao informado,QRES,P2P,Pix,"650509,26",541
202411,PF,PF,Nao informado,Nao informado,mais de 60 anos,entre 20 e 29 anos,MANU,P2P,Pix,"64441,54",137
202411,PF,PJ,NORTE,CENTRO-OESTE,entre 40 e 49 anos,Nao se aplica,INIC,P2B,Pix,"3962,27",18
202411,PJ,PF,CENTRO-OESTE,NORTE,Nao se aplica,entre 20 e 29 anos,QRES,B2P,Pix,"537894,38",2917
202411,PF,PF,Nao informado,NORTE,entre 50 e 59 anos,entre 50 e 59 anos,QRDN,P2P,Pix,"1788,54",78
202411,PF,PF,NORTE,NORDESTE,entre 30 e 39 anos,até 19 anos,Nao disponivel,P2P,Nao disponivel,"27678,14",280
202411,PF,PF,Nao informado,NORTE,entre 20 e 29 anos,entre 40 e 49 anos,MANU,P2P,Pix,"290850,09",1895
202411,PF,PJ,NORDESTE,NORDESTE,até 19 anos,Nao se aplica,DICT,P2G,Pix,"58829,31",217
202411,PJ,PJ,SUL,NORDESTE,Nao se aplica,Nao se aplica,DICT,B2G,Pix,"3831,8",14
202411,PF,PJ,Nao informado,CENTRO-OESTE,até 19 anos,Nao se aplica,MANU,P2B,Pix,2526,26
202411,PF,PJ,SUDESTE,SUDESTE,mais de 60 anos,Nao se aplica,MANU,P2B,Pix,"1020424411,32",789873
202411,PF,PJ,CENTRO-OESTE,SUDESTE,mais de 60 anos,Nao se aplica,QRDN,P2B,Pix Troco,1706,8
202411,PF,PF,SUDESTE,Nao informado,entre 50 e 59 anos,até 19 anos,MANU,P2P,Pix,"30162,26",57
202411,PF,PF,SUDESTE,NORDESTE,até 19 anos,mais de 60 anos,QRDN,P2P,Pix,"166673,82",10121
202411,PF,PF,Nao informado,CENTRO-OESTE,entre 30 e 39 anos,mais de 60 anos,Nao disponivel,P2P,Nao disponivel,15844,8
202411,PF,PF,SUDESTE,Nao informado,até 19 anos,entre 50 e 59 anos,QRDN,P2P,Pix,"2038,32",89
202411,PF,PF,NORDESTE,SUDESTE,entre 20 e 29 anos,entre 50 e 59 anos,QRDN,P2P,Pix,"5198961,78",222126
202411,PF,PJ,NORDESTE,SUL,entre 30 e 39 anos,Nao se aplica,QRDN,P2G,Pix,"446303,96",1298
202411,PF,PF,NORDESTE,CENTRO-OESTE,até 19 anos,mais de 60 anos,Nao disponivel,P2P,Nao disponivel,"6072,06",80
202411,PJ,PF,SUL,NORTE,Nao se aplica,entre 30 e 39 anos,DICT,G2P,Pix,"49666,52",672
202411,PF,PF,NORTE,NORDESTE,entre 50 e 59 anos,Nao informado,QRDN,P2P,Pix,16,1
202411,PF,PF,NORTE,CENTRO-OESTE,entre 40 e 49 anos,entre 50 e 59 anos,MANU,P2P,Pix,"7209198,9",16619
202411,PF,PF,NORDESTE,NORTE,entre 50 e 59 anos,entre 20 e 29 anos,QRDN,P2P,Pix,"215995,52",5681
202411,PF,PF,SUDESTE,NORDESTE,entre 20 e 29 anos,entre 40 e 49 anos,QRDN,P2P,Pix,"3743421,67",168669
202411,PF,PF,SUDESTE,Nao informado,mais de 60 anos,entre 50 e 59 anos,Nao disponivel,P2P,Nao disponivel,2935,5
202411,PJ,PF,NORTE,NORDESTE,Nao se aplica,mais de 60 anos,QRES,B2P,Pix,"314239,5",2523
202411,PJ,PF,CENTRO-OESTE,CENTRO-OESTE,Nao se aplica,até 19 anos,Nao disponivel,G2P,Nao disponivel,75,1
202411,PF,PJ,NORDESTE,SUDESTE,entre 50 e 59 anos,Nao se aplica,MANU,P2B,Pix,"27057268,32",53576
202411,PF,PF,NORTE,SUDESTE,até 19 anos,mais de 60 anos,MANU,P2P,Pix,"145447,34",1543
202411,PF,PJ,NORTE,NORDESTE,entre 30 e 39 anos,Nao se aplica,MANU,P2G,Pix,1132,3
202411,PF,PF,SUL,SUL,mais de 60 anos,até 19 anos,QRES,P2P,Pix,"829688,6",8831
202411,PF,PF,NORTE,SUDESTE,entre 40 e 49 anos,entre 50 e 59 anos,QRDN,P2P,Pix,"370107,71",10748
202411,PJ,PF,Nao informado,CENTRO-OESTE,Nao se aplica,mais de 60 anos,QRDN,B2P,Pix,"1064,17",17
202411,PF,PF,SUL,NORDESTE,entre 40 e 49 anos,entre 50 e 59 anos,QRES,P2P,Pix,"535010,12",12231
202411,PF,PJ,CENTRO-OESTE,SUL,até 19 anos,Nao se aplica,INIC,P2B,Pix,"224,85",2
202411,PF,PJ,Nao informado,CENTRO-OESTE,entre 30 e 39 anos,Nao se aplica,INIC,P2B,Pix,1297,1
202411,PF,PF,SUL,NORTE,entre 20 e 29 anos,entre 50 e 59 anos,QRES,P2P,Pix,"218616,86",7144
202411,PJ,PF,NORDESTE,NORDESTE,Nao se aplica,entre 30 e 39 anos,MANU,G2P,Pix,"17159016,93",3998
202411,PJ,PJ,NORDESTE,NORDESTE,Nao se aplica,Nao se aplica,Nao disponivel,G2G,Nao disponivel,"37475,3",2
202411,PF,PF,SUDESTE,NORTE,entre 40 e 49 anos,entre 30 e 39 anos,DICT,P2P,Pix,"58568768,28",211245
202411,PJ,PJ,NORDESTE,NORTE,Nao se aplica,Nao se aplica,DICT,G2B,Pix,"1030880,4",65
202411,PF,PF,NORTE,Nao informado,entre 30 e 39 anos,entre 50 e 59 anos,MANU,P2P,Pix,"264587,07",983
202411,PF,PF,NORTE,NORTE,entre 40 e 49 anos,entre 40 e 49 anos,QRDN,P2P,Pix,"35473785,78",1069895
202411,PF,PJ,NORTE,SUDESTE,entre 50 e 59 anos,Nao se aplica,Nao disponivel,P2B,Nao disponivel,"97190,83",149
202411,PF,PF,Nao informado,SUL,até 19 anos,entre 40 e 49 anos,DICT,P2P,Pix,"46665,1",516
202411,PJ,PF,NORTE,NORTE,Nao se aplica,entre 50 e 59 anos,Nao disponivel,B2P,Nao disponivel,"2628950,52",7656
202411,PF,PF,SUDESTE,NORDESTE,mais de 60 anos,entre 40 e 49 anos,QRES,P2P,Pix,"2151673,29",29887
202411,PF,PF,NORDESTE,SUDESTE,entre 50 e 59 anos,entre 40 e 49 anos,DICT,P2P,Pix,"129653651,66",450665
202411,PF,PF,SUDESTE,NORTE,entre 40 e 49 anos,mais de 60 anos,QRES,P2P,Pix,"334865,76",7712
202411,PF,PJ,CENTRO-OESTE,SUL,entre 40 e 49 anos,Nao se aplica,QRES,P2B,Pix,"49020741,79",181193
202411,PJ,PJ,CENTRO-OESTE,CENTRO-OESTE,Nao se aplica,Nao se aplica,MANU,B2G,Pix,"43861825,15",670
202411,PJ,PF,Nao informado,SUL,Nao se aplica,mais de 60 anos,DICT,B2P,Pix,"690001,23",446
202411,PF,PF,SUL,SUL,mais de 60 anos,entre 50 e 59 anos,DICT,P2P,Pix,"1095447839,83",2189128
202411,PJ,PF,CENTRO-OESTE,CENTRO-OESTE,Nao se aplica,entre 30 e 39 anos,QRES,B2P,Pix,"50657099,77",156035
202411,PF,PF,SUL,SUDESTE,até 19 anos,mais de 60 anos,QRDN,P2P,Pix,"58654,53",2841
202411,PF,PF,CENTRO-OESTE,NORDESTE,entre 20 e 29 anos,entre 30 e 39 anos,DICT,P2P,Pix,"64340819,73",394364
202411,PJ,PF,NORTE,CENTRO-OESTE,Nao se aplica,entre 40 e 49 anos,Nao disponivel,B2P,Nao disponivel,"105196,68",332
202411,PF,PJ,NORDESTE,SUL,entre 50 e 59 anos,Nao se aplica,Nao disponivel,P2B,Nao disponivel,"46761,32",69
202411,PF,PF,NORDESTE,SUDESTE,entre 50 e 59 anos,entre 40 e 49 anos,QRDN,P2P,Pix,"1521866,12",43077
202411,PF,PJ,NORDESTE,NORDESTE,entre 40 e 49 anos,Nao se aplica,QRES,P2B,Pix,"787201838,31",6808450
202411,PJ,PF,NORDESTE,NORDESTE,Nao se aplica,entre 30 e 39 anos,Nao disponivel,B2P,Nao disponivel,"14582235,95",105138
202411,PF,PF,NORDESTE,NORDESTE,até 19 anos,mais de 60 anos,Nao disponivel,P2P,Nao disponivel,"805069,28",5308
202411,PF,PF,SUL,NORDESTE,entre 30 e 39 anos,entre 40 e 49 anos,MANU,P2P,Pix,"4694382,43",22210
202411,PJ,PF,NORDESTE,NORTE,Nao se aplica,até 19 anos,DICT,G2P,Pix,2745,7
202411,PF,PF,NORTE,SUDESTE,entre 30 e 39 anos,entre 20 e 29 anos,MANU,P2P,Pix,"5308533,62",53740
202411,PF,PJ,SUDESTE,SUDESTE,mais de 60 anos,Nao se aplica,MANU,P2B,Pix Saque,760,3
202411,PF,PF,NORDESTE,SUDESTE,entre 20 e 29 anos,entre 30 e 39 anos,DICT,P2P,Pix,"317676981,7",2001548
202411,PF,PF,SUDESTE,CENTRO-OESTE,entre 50 e 59 anos,entre 40 e 49 anos,QRES,P2P,Pix,"1503605,53",14237
202411,PF,PF,NORDESTE,Nao informado,mais de 60 anos,Nao informado,DICT,P2P,Pix,"4298,52",13
202411,PF,PF,NORTE,SUL,entre 50 e 59 anos,entre 30 e 39 anos,QRDN,P2P,Pix,"99422,42",2888
202411,PF,PF,NORDESTE,CENTRO-OESTE,até 19 anos,entre 50 e 59 anos,QRES,P2P,Pix,"309590,42",18259
202411,PF,PF,SUDESTE,NORTE,entre 40 e 49 anos,mais de 60 anos,MANU,P2P,Pix,"5894769,99",6470
202411,PJ,PF,SUL,NORDESTE,Nao se aplica,entre 30 e 39 anos,DICT,B2P,Pix,"349877681,56",970705
202411,PF,PF,NORDESTE,CENTRO-OESTE,até 19 anos,mais de 60 anos,QRDN,P2P,Pix,"103153,36",5617
202411,PF,PF,CENTRO-OESTE,Nao informado,entre 40 e 49 anos,entre 50 e 59 anos,QRES,P2P,Pix,"23622,16",265
202411,PF,PJ,CENTRO-OESTE,SUDESTE,até 19 anos,Nao se aplica,MANU,P2G,Pix,930,3
202411,PF,PF,SUDESTE,SUDESTE,entre 50 e 59 anos,entre 30 e 39 anos,MANU,P2P,Pix,"619320873,79",2628759
202411,PF,PJ,CENTRO-OESTE,SUDESTE,entre 30 e 39 anos,Nao se aplica,QRES,P2B,Pix,"302917243,94",1602781
202411,PJ,PF,Nao informado,SUDESTE,Nao se aplica,entre 30 e 39 anos,QRDN,B2P,Pix,"4865,33",41
202411,PF,PF,SUL,SUDESTE,entre 20 e 29 anos,entre 20 e 29 anos,DICT,P2P,Pix,"87453375,08",529849
202411,PF,PF,SUDESTE,SUDESTE,mais de 60 anos,entre 40 e 49 anos,QRDN,P2P,Pix,"14807262,39",308165
202411,PF,PF,SUDESTE,Nao informado,entre 50 e 59 anos,entre 50 e 59 anos,QRDN,P2P,Pix,"4278,24",139
202411,PF,PF,CENTRO-OESTE,NORDESTE,até 19 anos,entre 20 e 29 anos,DICT,P2P,Pix,"8269478,42",118373
202411,PF,PF,SUDESTE,SUL,mais de 60 anos,mais de 60 anos,MANU,P2P,Pix,"17472492,94",9280
202411,PF,PF,NORTE,SUDESTE,até 19 anos,entre 40 e 49 anos,QRES,P2P,Pix,"317774,49",12606
202411,PJ,PF,SUDESTE,SUL,Nao se aplica,entre 40 e 49 anos,MANU,G2P,Pix,"36565,19",36
202411,PF,PF,Nao informado,Nao informado,entre 40 e 49 anos,entre 20 e 29 anos,QRDN,P2P,Pix,"455,5",27
202411,PF,PF,Nao informado,NORTE,mais de 60 anos,entre 40 e 49 anos,QRDN,P2P,Pix,"2806,83",64
202411,PF,PF,NORDESTE,SUL,até 19 anos,até 19 anos,QRES,P2P,Pix,"61349,78",5022
202411,PF,PF,SUL,CENTRO-OESTE,mais de 60 anos,até 19 anos,QRDN,P2P,Pix,"2235,51",45
202411,PF,PF,Nao informado,SUDESTE,entre 50 e 59 anos,mais de 60 anos,QRES,P2P,Pix,"17078,36",216
202411,PF,PF,CENTRO-OESTE,NORTE,entre 30 e 39 anos,entre 50 e 59 anos,QRDN,P2P,Pix,"447260,18",14460
202411,PF,PF,Nao informado,CENTRO-OESTE,entre 40 e 49 anos,entre 30 e 39 anos,QRES,P2P,Pix,"40133,43",408
202411,PF,PF,NORDESTE,CENTRO-OESTE,mais de 60 anos,entre 30 e 39 anos,MANU,P2P,Pix,"2610629,76",10177
202411,PF,PF,CENTRO-OESTE,Nao informado,entre 20 e 29 anos,entre 40 e 49 anos,MANU,P2P,Pix,"170886,09",711
202411,PJ,PF,NORTE,Nao informado,Nao se aplica,entre 20 e 29 anos,MANU,B2P,Pix,"74293,59",403
202411,PF,PF,NORTE,CENTRO-OESTE,mais de 60 anos,entre 40 e 49 anos,QRES,P2P,Pix,"400494,23",3355
202411,PF,PF,SUDESTE,NORTE,entre 20 e 29 anos,entre 20 e 29 anos,QRES,P2P,Pix,"1073737,84",26550
202411,PF,PF,SUDESTE,SUL,entre 50 e 59 anos,entre 40 e 49 anos,QRES,P2P,Pix,"1007663,79",14381
202411,PF,PF,Nao informado,NORDESTE,Nao informado,mais de 60 anos,DICT,P2P,Pix,"375,08",8
202411,PF,PF,CENTRO-OESTE,Nao informado,mais de 60 anos,entre 30 e 39 anos,DICT,P2P,Pix,"1087997,91",1523
202411,PJ,PJ,CENTRO-OESTE,NORTE,Nao se aplica,Nao se aplica,QRES,B2B,Pix,"5966976,12",7171
202411,PF,PF,NORTE,NORTE,entre 30 e 39 anos,entre 30 e 39 anos,DICT,P2P,Pix,"6773672179,22",22039613
202411,PF,PF,Nao informado,NORDESTE,até 19 anos,entre 20 e 29 anos,MANU,P2P,Pix,"54660,74",237
202411,PF,PF,CENTRO-OESTE,NORTE,entre 30 e 39 anos,entre 30 e 39 anos,MANU,P2P,Pix,"13067442,89",61724
202411,PJ,PF,NORTE,NORDESTE,Nao se aplica,entre 30 e 39 anos,QRES,B2P,Pix,"1816940,46",7387
202411,PF,PF,SUDESTE,NORDESTE,entre 40 e 49 anos,até 19 anos,MANU,P2P,Pix,"5677692,96",66926
202411,PF,PF,NORTE,NORDESTE,entre 30 e 39 anos,entre 30 e 39 anos,Nao disponivel,P2P,Nao disponivel,"340888,72",1122
202411,PF,PJ,SUDESTE,Nao informado,até 19 anos,Nao se aplica,QRES,P2B,Pix,"2420,31",44
202411,PJ,PJ,Nao informado,SUL,Nao se aplica,Nao se aplica,MANU,B2G,Pix,"333,45",1
202411,PF,PF,SUL,NORDESTE,até 19 anos,entre 20 e 29 anos,MANU,P2P,Pix,"686446,16",9282
202411,PJ,PJ,SUL,SUL,Nao se aplica,Nao se aplica,MANU,B2G,Pix,"19270086,28",1107
202411,PF,PF,NORTE,NORDESTE,até 19 anos,entre 20 e 29 anos,DICT,P2P,Pix,"6052868,75",93345
202411,PF,PF,NORTE,NORTE,entre 20 e 29 anos,entre 40 e 49 anos,QRDN,P2P,Pix,"35835009,4",1586370
202411,PF,PF,Nao informado,SUL,entre 40 e 49 anos,entre 20 e 29 anos,DICT,P2P,Pix,"1425792,41",4035
202411,PF,PJ,CENTRO-OESTE,NORDESTE,entre 20 e 29 anos,Nao se aplica,DICT,P2G,Pix,"706,5",12
202411,PF,PF,NORDESTE,SUL,entre 30 e 39 anos,entre 20 e 29 anos,Nao disponivel,P2P,Nao disponivel,"164755,81",681
202411,PF,PF,Nao informado,NORTE,entre 50 e 59 anos,entre 40 e 49 anos,MANU,P2P,Pix,"127232,48",636
202411,PF,PF,SUL,NORDESTE,entre 20 e 29 anos,entre 20 e 29 anos,INIC,P2P,Pix,7,1
202411,PF,PF,NORTE,SUL,mais de 60 anos,entre 30 e 39 anos,QRES,P2P,Pix,"117535,76",1314
202411,PF,PF,CENTRO-OESTE,NORTE,entre 30 e 39 anos,até 19 anos,MANU,P2P,Pix,"1072784,55",10737
202411,PF,PF,CENTRO-OESTE,NORTE,mais de 60 anos,entre 50 e 59 anos,DICT,P2P,Pix,"20067966,81",27918
202411,PF,PJ,SUL,CENTRO-OESTE,entre 30 e 39 anos,Nao se aplica,QRES,P2B,Pix Saque,"499,4",6
202411,PF,PJ,CENTRO-OESTE,SUL,mais de 60 anos,Nao se aplica,QRDN,P2G,Pix,"721647,65",470
202411,PF,PJ,Nao informado,SUL,entre 20 e 29 anos,Nao se aplica,DICT,P2B,Pix,"4469565,03",5775
202411,PF,PF,SUL,Nao informado,entre 30 e 39 anos,até 19 anos,DICT,P2P,Pix,"62460,01",387
202411,PF,PJ,SUDESTE,CENTRO-OESTE,entre 20 e 29 anos,Nao se aplica,QRES,P2B,Pix Saque,"310,45",4
202411,PF,PF,Nao informado,SUDESTE,entre 40 e 49 anos,entre 30 e 39 anos,QRDN,P2P,Pix,"32650,15",745
202411,PF,PF,SUL,Nao informado,entre 50 e 59 anos,entre 50 e 59 anos,QRES,P2P,Pix,"73239,27",140
202411,PJ,PF,SUL,Nao informado,Nao se aplica,entre 20 e 29 anos,QRDN,B2P,Pix,"6819,08",70
202411,PJ,PF,SUDESTE,Nao informado,Nao se aplica,Nao informado,DICT,B2P,Pix,"461254,45",1478
202411,PJ,PF,Nao informado,CENTRO-OESTE,Nao se aplica,entre 40 e 49 anos,QRES,B2P,Pix,"16017,41",43
202411,PJ,PF,NORTE,NORTE,Nao se aplica,mais de 60 anos,QRES,B2P,Pix,"7447318,83",59723
202411,PF,PJ,SUDESTE,NORTE,entre 30 e 39 anos,Nao se aplica,Nao disponivel,P2B,Nao disponivel,"783630,13",245
202411,PF,PF,NORTE,CENTRO-OESTE,entre 30 e 39 anos,entre 30 e 39 anos,QRDN,P2P,Pix,"1925775,55",50694
202411,PF,PF,SUL,CENTRO-OESTE,entre 50 e 59 anos,entre 30 e 39 anos,MANU,P2P,Pix,"2329314,06",6926
202411,PJ,PF,CENTRO-OESTE,NORDESTE,Nao se aplica,entre 50 e 59 anos,QRES,B2P,Pix,"434312,42",3574
202411,PF,PJ,NORDESTE,SUL,até 19 anos,Nao se aplica,DICT,P2G,Pix,"475,66",2
202411,PF,PJ,CENTRO-OESTE,NORTE,entre 30 e 39 anos,Nao se aplica,DICT,P2G,Pix,"10153,54",19
202411,PF,PF,SUL,CENTRO-OESTE,entre 20 e 29 anos,entre 40 e 49 anos,QRES,P2P,Pix,"541047,8",11953
202411,PF,PJ,NORDESTE,SUDESTE,mais de 60 anos,Nao se aplica,INIC,P2B,Pix,"2561,72",202
202411,PF,PF,CENTRO-OESTE,Nao informado,entre 40 e 49 anos,entre 50 e 59 anos,DICT,P2P,Pix,"1721386,41",1840
202411,PF,PF,NORDESTE,CENTRO-OESTE,entre 40 e 49 anos,entre 50 e 59 anos,MANU,P2P,Pix,"5688770,74",29554
202411,PF,PF,CENTRO-OESTE,SUDESTE,entre 20 e 29 anos,até 19 anos,MANU,P2P,Pix,"1747774,25",13092
202411,PF,PF,NORDESTE,SUDESTE,entre 30 e 39 anos,entre 30 e 39 anos,DICT,P2P,Pix,"475072846,53",2241997
202411,PF,PF,SUDESTE,SUDESTE,Nao informado,Nao informado,DICT,P2P,Pix,3520,12
202411,PF,PF,Nao informado,Nao informado,entre 30 e 39 anos,entre 50 e 59 anos,MANU,P2P,Pix,"156384,73",539
202411,PJ,PF,SUDESTE,Nao informado,Nao se aplica,entre 50 e 59 anos,MANU,G2P,Pix,"1496,49",3
202411,PJ,PF,Nao informado,Nao informado,Nao se aplica,entre 20 e 29 anos,Nao disponivel,B2P,Nao disponivel,"240,08",12
202411,PF,PF,Nao informado,SUDESTE,mais de 60 anos,mais de 60 anos,DICT,P2P,Pix,"6458875,44",4435
202411,PF,PF,CENTRO-OESTE,SUDESTE,entre 30 e 39 anos,entre 30 e 39 anos,DICT,P2P,Pix,"148576742,25",459530
202411,PF,PJ,Nao informado,CENTRO-OESTE,entre 40 e 49 anos,Nao se aplica,MANU,P2B,Pix,"360917,16",490
202411,PJ,PF,CENTRO-OESTE,SUDESTE,Nao se aplica,entre 30 e 39 anos,Nao disponivel,B2P,Nao disponivel,"1370250,13",4855
202411,PF,PF,CENTRO-OESTE,NORTE,entre 20 e 29 anos,entre 20 e 29 anos,Nao disponivel,P2P,Nao disponivel,"323599,68",1981
202411,PF,PF,CENTRO-OESTE,SUL,entre 40 e 49 anos,entre 50 e 59 anos,DICT,P2P,Pix,"23925324,05",43370
202411,PJ,PF,Nao informado,Nao informado,Nao se aplica,entre 20 e 29 anos,QRES,B2P,Pix,"835,8",12
202411,PF,PF,Nao informado,SUDESTE,mais de 60 anos,mais de 60 anos,QRES,P2P,Pix,11841,141
202411,PF,PF,SUDESTE,SUDESTE,até 19 anos,entre 50 e 59 anos,Nao disponivel,P2P,Nao disponivel,"2686823,62",21613
202411,PF,PF,SUDESTE,CENTRO-OESTE,entre 30 e 39 anos,entre 50 e 59 anos,QRES,P2P,Pix,"1172851,19",25368
202411,PF,PF,Nao informado,SUL,entre 40 e 49 anos,mais de 60 anos,DICT,P2P,Pix,"2708983,16",2466
202411,PF,PF,NORDESTE,SUL,entre 50 e 59 anos,entre 20 e 29 anos,QRDN,P2P,Pix,"94396,32",2104
202411,PF,PJ,Nao informado,Nao informado,até 19 anos,Nao se aplica,DICT,P2B,Pix,"22768,78",180
202411,PF,PF,CENTRO-OESTE,CENTRO-OESTE,até 19 anos,até 19 anos,DICT,P2P,Pix,304418396,2817227
202411,PJ,PF,SUDESTE,SUDESTE,Nao se aplica,entre 30 e 39 anos,QRDN,B2P,Pix,"36217453,49",316273
202411,PF,PF,SUDESTE,SUL,mais de 60 anos,entre 30 e 39 anos,QRDN,P2P,Pix,"208228,78",2896
202411,PF,PF,NORTE,NORTE,mais de 60 anos,até 19 anos,MANU,P2P,Pix,"5602886,07",86359
202411,PF,PF,NORDESTE,SUDESTE,mais de 60 anos,Nao informado,QRDN,P2P,Pix,"967,65",11
202411,PF,PF,NORTE,Nao informado,entre 30 e 39 anos,até 19 anos,QRDN,P2P,Pix,132,1
202411,PF,PF,Nao informado,NORTE,mais de 60 anos,até 19 anos,MANU,P2P,Pix,"2250,49",34
202411,PF,PF,NORDESTE,SUL,entre 40 e 49 anos,mais de 60 anos,DICT,P2P,Pix,"11225456,27",26344
202411,PF,PF,NORTE,SUL,até 19 anos,até 19 anos,QRDN,P2P,Pix,"11918,76",334
202411,PF,PF,NORTE,Nao informado,entre 30 e 39 anos,mais de 60 anos,QRES,P2P,Pix,"10181,57",372
202411,PF,PJ,NORDESTE,CENTRO-OESTE,entre 30 e 39 anos,Nao se aplica,Nao disponivel,P2B,Nao disponivel,"266584,96",949
202411,PF,PF,SUDESTE,NORTE,entre 20 e 29 anos,entre 20 e 29 anos,DICT,P2P,Pix,"41151220,49",290071
202411,PJ,PF,NORDESTE,SUDESTE,Nao se aplica,até 19 anos,QRDN,B2P,Pix,"68335,5",647
202411,PF,PF,SUDESTE,NORDESTE,entre 40 e 49 anos,mais de 60 anos,Nao disponivel,P2P,Nao disponivel,"269710,57",547
202411,PF,PF,Nao informado,SUL,entre 40 e 49 anos,entre 30 e 39 anos,MANU,P2P,Pix,"729735,73",1174
202411,PF,PJ,CENTRO-OESTE,SUDESTE,entre 20 e 29 anos,Nao se aplica,QRES,P2B,Pix,"178428616,19",1267400
202411,PF,PJ,NORTE,NORTE,Nao informado,Nao se aplica,QRES,P2B,Pix,"856,06",14
202411,PF,PF,CENTRO-OESTE,Nao informado,entre 50 e 59 anos,mais de 60 anos,DICT,P2P,Pix,"384367,72",341
202411,PF,PJ,CENTRO-OESTE,CENTRO-OESTE,entre 50 e 59 anos,Nao se aplica,MANU,P2B,Pix,"206713878,4",329760
202411,PJ,PF,SUDESTE,SUDESTE,Nao se aplica,entre 30 e 39 anos,QRES,G2P,Pix,"40004,88",28
202411,PJ,PF,Nao informado,SUL,Nao se aplica,entre 40 e 49 anos,QRDN,B2P,Pix,"378,4",10
202411,PF,PJ,Nao informado,Nao informado,mais de 60 anos,Nao se aplica,QRDN,P2B,Pix Saque,200,1
202411,PF,PJ,SUL,SUDESTE,mais de 60 anos,Nao se aplica,DICT,P2G,Pix,"64022,66",96
202411,PF,PF,NORDESTE,CENTRO-OESTE,até 19 anos,entre 30 e 39 anos,MANU,P2P,Pix,"1465692,68",19406
202411,PF,PJ,NORDESTE,SUL,entre 40 e 49 anos,Nao se aplica,QRDN,P2B,Pix Saque,"2435783,4",6164
202411,PJ,PF,NORDESTE,NORDESTE,Nao se aplica,entre 30 e 39 anos,INIC,B2P,Pix,2733,79
202411,PF,PF,NORDESTE,NORDESTE,entre 30 e 39 anos,até 19 anos,DICT,P2P,Pix,"460700795,33",5460860
202411,PF,PF,CENTRO-OESTE,SUDESTE,entre 30 e 39 anos,entre 40 e 49 anos,QRES,P2P,Pix,"3029995,3",45804
202411,PF,PF,NORTE,NORDESTE,entre 20 e 29 anos,mais de 60 anos,Nao disponivel,P2P,Nao disponivel,"62895,17",123
202411,PF,PF,NORDESTE,NORTE,entre 30 e 39 anos,mais de 60 anos,DICT,P2P,Pix,"16126664,43",55593
202411,PF,PF,NORTE,NORTE,entre 30 e 39 anos,entre 20 e 29 anos,QRDN,P2P,Pix,"24407712,79",839804
202411,PF,PF,NORTE,NORDESTE,mais de 60 anos,entre 50 e 59 anos,QRES,P2P,Pix,"382242,82",5780
202411,PF,PJ,CENTRO-OESTE,NORTE,mais de 60 anos,Nao se aplica,QRDN,P2B,Pix Saque,"22016,73",113
202411,PF,PF,SUL,SUL,entre 50 e 59 anos,entre 20 e 29 anos,DICT,P2P,Pix,"1090562760,44",3762751
202411,PJ,PF,NORTE,SUL,Nao se aplica,entre 20 e 29 anos,MANU,G2P,Pix,"2986,5",3
202411,PF,PF,NORDESTE,Nao informado,entre 30 e 39 anos,entre 50 e 59 anos,QRDN,P2P,Pix,"8620,69",350
202411,PF,PF,SUL,SUL,entre 30 e 39 anos,mais de 60 anos,MANU,P2P,Pix,269513434,606306
202411,PF,PJ,NORTE,CENTRO-OESTE,entre 30 e 39 anos,Nao se aplica,QRDN,P2B,Pix Saque,"135168,45",645
202411,PF,PF,CENTRO-OESTE,SUDESTE,entre 20 e 29 anos,até 19 anos,QRES,P2P,Pix,"234370,16",6506
202411,PF,PJ,NORDESTE,CENTRO-OESTE,mais de 60 anos,Nao se aplica,MANU,P2B,Pix,"2408990,99",2858
202411,PF,PF,CENTRO-OESTE,Nao informado,até 19 anos,Nao informado,DICT,P2P,Pix,352,7
202411,PF,PF,SUDESTE,SUDESTE,entre 30 e 39 anos,mais de 60 anos,QRDN,P2P,Pix,"36937839,88",1338217
202411,PF,PF,NORTE,SUL,mais de 60 anos,até 19 anos,QRES,P2P,Pix,"9974,56",157
202411,PF,PJ,SUL,SUL,entre 20 e 29 anos,Nao se aplica,QRES,P2G,Pix,"969545,94",10843
202411,PF,PJ,SUL,SUDESTE,entre 20 e 29 anos,Nao se aplica,DICT,P2G,Pix,"26378,18",102
202411,PF,PF,NORDESTE,Nao informado,entre 20 e 29 anos,Nao informado,QRDN,P2P,Pix,"2,28",8
202411,PF,PF,NORDESTE,Nao informado,entre 20 e 29 anos,até 19 anos,DICT,P2P,Pix,"137845,56",921
202411,PF,PF,CENTRO-OESTE,NORDESTE,até 19 anos,mais de 60 anos,DICT,P2P,Pix,"852244,13",9953
202411,PF,PF,SUDESTE,NORTE,mais de 60 anos,mais de 60 anos,DICT,P2P,Pix,"14656923,38",19043
202411,PF,PF,SUDESTE,NORDESTE,mais de 60 anos,até 19 anos,DICT,P2P,Pix,"8433149,17",53303
202411,PF,PF,NORTE,SUDESTE,entre 40 e 49 anos,entre 30 e 39 anos,MANU,P2P,Pix,"6924662,28",43750
202411,PF,PJ,Nao informado,Nao informado,entre 20 e 29 anos,Nao se aplica,QRDN,P2B,Pix Saque,"3525,71",14
202411,PF,PF,SUDESTE,SUL,entre 40 e 49 anos,entre 50 e 59 anos,DICT,P2P,Pix,"67790212,59",157050
202411,PF,PJ,SUDESTE,Nao informado,até 19 anos,Nao se aplica,Nao disponivel,P2B,Nao disponivel,29900,1
202411,PF,PF,SUDESTE,NORDESTE,mais de 60 anos,entre 50 e 59 anos,MANU,P2P,Pix,"12532091,98",28864
202411,PF,PJ,NORDESTE,SUDESTE,entre 30 e 39 anos,Nao se aplica,QRES,P2G,Pix,"119281,94",1198
202411,PF,PF,Nao informado,Nao informado,mais de 60 anos,até 19 anos,MANU,P2P,Pix,"5225,5",62
202411,PJ,PF,CENTRO-OESTE,NORDESTE,Nao se aplica,entre 20 e 29 anos,QRES,B2P,Pix,"1352878,58",6293
202411,PF,PF,NORDESTE,NORDESTE,entre 40 e 49 anos,entre 50 e 59 anos,QRES,P2P,Pix,"107990837,91",2706345
202411,PF,PF,CENTRO-OESTE,NORDESTE,entre 20 e 29 anos,entre 50 e 59 anos,Nao disponivel,P2P,Nao disponivel,"146469,46",414
202411,PF,PF,NORDESTE,CENTRO-OESTE,Nao informado,entre 40 e 49 anos,DICT,P2P,Pix,50,1
202411,PF,PF,Nao informado,SUDESTE,entre 20 e 29 anos,mais de 60 anos,DICT,P2P,Pix,"1236177,17",2215
202411,PJ,PJ,SUDESTE,NORTE,Nao se aplica,Nao se aplica,DICT,G2B,Pix,"313788,56",21
202411,PJ,PF,Nao informado,Nao informado,Nao se aplica,até 19 anos,QRES,B2P,Pix,70,2
202411,PF,PF,NORDESTE,SUL,entre 40 e 49 anos,mais de 60 anos,QRES,P2P,Pix,"255915,85",4865
202411,PF,PF,NORDESTE,Nao informado,entre 50 e 59 anos,Nao informado,DICT,P2P,Pix,"1083,98",19
202411,PF,PF,NORTE,NORTE,Nao informado,entre 40 e 49 anos,DICT,P2P,Pix,"1428,5",26
202411,PJ,PF,CENTRO-OESTE,Nao informado,Nao se aplica,mais de 60 anos,DICT,B2P,Pix,"1556176,55",481
202411,PJ,PF,Nao informado,SUL,Nao se aplica,entre 30 e 39 anos,QRES,B2P,Pix,"4947,98",31
202411,PJ,PF,SUDESTE,CENTRO-OESTE,Nao se aplica,entre 30 e 39 anos,QRDN,B2P,Pix,"325978,96",3805
202411,PF,PF,NORDESTE,CENTRO-OESTE,entre 50 e 59 anos,mais de 60 anos,MANU,P2P,Pix,"1664060,64",5626
202411,PF,PF,NORTE,SUDESTE,entre 40 e 49 anos,entre 50 e 59 anos,DICT,P2P,Pix,"32686495,27",84286
202411,PF,PF,SUDESTE,SUL,Nao informado,entre 30 e 39 anos,Nao disponivel,P2P,Nao disponivel,"411,55",3
202411,PF,PF,CENTRO-OESTE,SUL,até 19 anos,mais de 60 anos,MANU,P2P,Pix,"87428,79",872
202411,PJ,PF,SUL,SUL,Nao se aplica,entre 30 e 39 anos,DICT,B2P,Pix,"8115150698,32",7154439
202411,PJ,PF,Nao informado,CENTRO-OESTE,Nao se aplica,entre 40 e 49 anos,QRDN,B2P,Pix,"1369,38",27
202411,PF,PJ,SUL,SUDESTE,entre 20 e 29 anos,Nao se aplica,MANU,P2G,Pix,"4483,17",18
202411,PJ,PJ,SUDESTE,NORDESTE,Nao se aplica,Nao se aplica,QRDN,G2B,Pix,"45418,61",11
202411,PF,PF,SUDESTE,NORDESTE,entre 40 e 49 anos,entre 30 e 39 anos,INIC,P2P,Pix,2,1
202411,PF,PF,Nao informado,NORTE,mais de 60 anos,até 19 anos,QRDN,P2P,Pix,52,2
202411,PF,PJ,SUL,SUL,entre 40 e 49 anos,Nao se aplica,Nao disponivel,P2B,Nao disponivel,"12094807,89",5913
202411,PJ,PF,NORTE,CENTRO-OESTE,Nao se aplica,até 19 anos,QRES,B2P,Pix,"58742,89",243
202411,PF,PF,NORTE,Nao informado,entre 40 e 49 anos,entre 20 e 29 anos,DICT,P2P,Pix,"1482269,09",10069
202411,PF,PF,SUL,SUDESTE,até 19 anos,Nao informado,QRES,P2P,Pix,"61010,05",109
202411,PJ,PJ,CENTRO-OESTE,NORTE,Nao se aplica,Nao se aplica,MANU,B2G,Pix,"334252,53",170
202411,PJ,PF,NORTE,NORTE,Nao se aplica,mais de 60 anos,Nao disponivel,B2P,Nao disponivel,"1591992,58",3502
202411,PJ,PF,CENTRO-OESTE,CENTRO-OESTE,Nao se aplica,entre 20 e 29 anos,QRES,B2P,Pix,"23659073,37",86893
202411,PF,PF,SUL,SUL,entre 30 e 39 anos,entre 30 e 39 anos,Nao disponivel,P2P,Nao disponivel,"33227583,71",47802
202411,PF,PF,SUDESTE,NORDESTE,entre 20 e 29 anos,entre 50 e 59 anos,MANU,P2P,Pix,"18023232,33",94178
202411,PJ,PF,NORDESTE,SUDESTE,Nao se aplica,entre 50 e 59 anos,DICT,G2P,Pix,"309883,56",316
202411,PF,PF,Nao informado,NORDESTE,mais de 60 anos,mais de 60 anos,DICT,P2P,Pix,"1223343,7",1157
202411,PJ,PF,SUL,NORDESTE,Nao se aplica,entre 40 e 49 anos,MANU,B2P,Pix,"72547248,99",77591
202411,PJ,PJ,NORTE,SUL,Nao se aplica,Nao se aplica,QRES,B2G,Pix,"497,41",6
202411,PF,PJ,NORDESTE,SUL,entre 20 e 29 anos,Nao se aplica,MANU,P2G,Pix,"2557,52",37
202411,PF,PF,SUL,SUL,entre 40 e 49 anos,entre 30 e 39 anos,QRES,P2P,Pix,"41520124,97",479851
202411,PF,PF,CENTRO-OESTE,NORDESTE,entre 50 e 59 anos,entre 20 e 29 anos,DICT,P2P,Pix,"37893109,63",176233
202411,PF,PF,Nao informado,Nao informado,até 19 anos,mais de 60 anos,MANU,P2P,Pix,"3800,28",38
202411,PF,PF,SUDESTE,SUL,até 19 anos,mais de 60 anos,QRDN,P2P,Pix,"61057,03",2132
202411,PF,PF,Nao informado,CENTRO-OESTE,entre 20 e 29 anos,mais de 60 anos,QRDN,P2P,Pix,"6688,46",235
202411,PF,PJ,NORDESTE,NORDESTE,entre 20 e 29 anos,Nao se aplica,MANU,P2B,Pix,"401572279,69",1759749
202411,PF,PF,SUDESTE,SUDESTE,mais de 60 anos,até 19 anos,DICT,P2P,Pix,273469242,1882384
202411,PF,PF,SUDESTE,SUDESTE,Nao informado,Nao informado,MANU,P2P,Pix,"2431,85",17
202411,PF,PJ,SUDESTE,CENTRO-OESTE,mais de 60 anos,Nao se aplica,QRDN,P2B,Pix,"129552611,97",444834
202411,PF,PF,NORDESTE,NORTE,entre 40 e 49 anos,mais de 60 anos,QRDN,P2P,Pix,"271434,51",8796
202411,PF,PF,NORTE,SUL,entre 30 e 39 anos,mais de 60 anos,Nao disponivel,P2P,Nao disponivel,"44431,71",72
202411,PF,PF,SUDESTE,SUDESTE,entre 50 e 59 anos,entre 20 e 29 anos,QRDN,P2P,Pix,"17056296,9",473856
202411,PJ,PF,NORTE,SUDESTE,Nao se aplica,entre 50 e 59 anos,Nao disponivel,B2P,Nao disponivel,"43123,61",236
202411,PF,PF,Nao informado,NORTE,entre 50 e 59 anos,entre 20 e 29 anos,Nao disponivel,P2P,Nao disponivel,"40,7",4
202411,PF,PF,NORTE,SUDESTE,mais de 60 anos,Nao informado,QRES,P2P,Pix,"47327,22",41
202411,PF,PF,SUL,SUDESTE,entre 40 e 49 anos,entre 30 e 39 anos,INIC,P2P,Pix,56,1
202411,PF,PF,SUDESTE,NORDESTE,entre 20 e 29 anos,entre 40 e 49 anos,Nao disponivel,P2P,Nao disponivel,"502750,66",3347
202411,PF,PF,NORTE,CENTRO-OESTE,entre 40 e 49 anos,entre 20 e 29 anos,MANU,P2P,Pix,"4020186,61",29302
202411,PF,PF,NORTE,SUL,entre 20 e 29 anos,entre 20 e 29 anos,MANU,P2P,Pix,"7714329,86",60952
202411,PF,PJ,SUL,SUL,entre 20 e 29 anos,Nao se aplica,QRDN,P2B,Pix,"1625990684,03",25588424
202411,PF,PF,SUL,NORDESTE,entre 30 e 39 anos,entre 20 e 29 anos,MANU,P2P,Pix,6213472,44574
202411,PF,PF,CENTRO-OESTE,SUL,entre 20 e 29 anos,até 19 anos,MANU,P2P,Pix,"468367,6",4783
202411,PF,PJ,SUL,SUL,entre 40 e 49 anos,Nao se aplica,DICT,P2B,Pix,"4528189935,74",6594248
202411,PF,PF,NORDESTE,NORTE,entre 20 e 29 anos,entre 20 e 29 anos,DICT,P2P,Pix,"60861166,45",460814
202411,PF,PJ,CENTRO-OESTE,NORDESTE,até 19 anos,Nao se aplica,DICT,P2B,Pix,"3058484,58",11724
202411,PF,PF,Nao informado,CENTRO-OESTE,até 19 anos,entre 40 e 49 anos,QRDN,P2P,Pix,"3525,88",43
202411,PF,PF,CENTRO-OESTE,Nao informado,até 19 anos,entre 30 e 39 anos,QRES,P2P,Pix,"9574,51",389
202411,PF,PF,NORTE,CENTRO-OESTE,Nao informado,entre 20 e 29 anos,QRDN,P2P,Pix,144,1
202411,PF,PJ,SUDESTE,NORTE,entre 20 e 29 anos,Nao se aplica,QRDN,P2G,Pix,"399856,36",773
202411,PJ,PF,NORDESTE,CENTRO-OESTE,Nao se aplica,entre 40 e 49 anos,DICT,B2P,Pix,"268232305,58",1183492
202411,PF,PF,CENTRO-OESTE,SUL,até 19 anos,entre 40 e 49 anos,MANU,P2P,Pix,"330852,11",2523
202411,PF,PJ,SUDESTE,SUDESTE,entre 50 e 59 anos,Nao se aplica,QRES,P2B,Pix Saque,"90996,51",631
202411,PF,PF,Nao informado,NORTE,Nao informado,mais de 60 anos,QRES,P2P,Pix,"39,5",8
202411,PF,PJ,Nao informado,SUDESTE,entre 50 e 59 anos,Nao se aplica,Nao disponivel,P2B,Nao disponivel,"740089,23",14
202411,PJ,PF,Nao informado,SUL,Nao se aplica,entre 20 e 29 anos,Nao disponivel,B2P,Nao disponivel,"1832,89",12
202411,PF,PF,CENTRO-OESTE,CENTRO-OESTE,mais de 60 anos,até 19 anos,DICT,P2P,Pix,"63898366,4",353905
202411,PF,PF,CENTRO-OESTE,CENTRO-OESTE,entre 20 e 29 anos,entre 20 e 29 anos,DICT,P2P,Pix,"4650351982,72",15690247
202411,PF,PF,Nao informado,SUL,mais de 60 anos,entre 40 e 49 anos,Nao disponivel,P2P,Nao disponivel,1750,2
202411,PF,PJ,SUL,SUDESTE,entre 40 e 49 anos,Nao se aplica,MANU,P2B,Pix,"43569724,99",48842
202411,PJ,PJ,NORDESTE,SUL,Nao se aplica,Nao se aplica,QRDN,B2B,Pix Saque,"1485727,57",1126
202411,PF,PF,Nao informado,CENTRO-OESTE,entre 20 e 29 anos,entre 40 e 49 anos,MANU,P2P,Pix,"130299,08",497
202411,PF,PF,SUDESTE,SUDESTE,entre 50 e 59 anos,entre 40 e 49 anos,DICT,P2P,Pix,"4957030717,84",15475128
202411,PF,PJ,SUDESTE,NORTE,até 19 anos,Nao se aplica,DICT,P2B,Pix,"3122080,91",5910
202411,PF,PJ,SUDESTE,SUDESTE,entre 20 e 29 anos,Nao se aplica,DICT,P2B,Pix,"4769404119,52",14068920
202411,PF,PF,SUL,SUL,até 19 anos,até 19 anos,INIC,P2P,Pix,"675804,42",2861
202411,PF,PF,NORDESTE,SUL,mais de 60 anos,entre 40 e 49 anos,Nao disponivel,P2P,Nao disponivel,"8381,18",57
202411,PF,PF,NORDESTE,SUDESTE,até 19 anos,entre 20 e 29 anos,MANU,P2P,Pix,"5379032,69",75636
202411,PF,PF,SUL,NORDESTE,entre 40 e 49 anos,mais de 60 anos,DICT,P2P,Pix,"8994771,62",24664
202411,PJ,PF,NORTE,Nao informado,Nao se aplica,até 19 anos,DICT,G2P,Pix,250,1
202411,PJ,PF,NORDESTE,Nao informado,Nao se aplica,até 19 anos,QRES,B2P,Pix,"3149,88",5
202411,PF,PJ,SUL,NORDESTE,entre 30 e 39 anos,Nao se aplica,MANU,P2B,Pix,"4832518,17",9857
202411,PF,PF,CENTRO-OESTE,NORDESTE,mais de 60 anos,entre 20 e 29 anos,QRDN,P2P,Pix,"167417,49",3413
202411,PF,PF,SUDESTE,NORTE,entre 50 e 59 anos,entre 30 e 39 anos,Nao disponivel,P2P,Nao disponivel,"55225,29",215
202411,PJ,PF,NORDESTE,CENTRO-OESTE,Nao se aplica,Nao informado,DICT,B2P,Pix,"1000,85",7
202411,PF,PF,Nao informado,Nao informado,entre 40 e 49 anos,entre 30 e 39 anos,Nao disponivel,P2P,Nao disponivel,1223,10
202411,PJ,PF,SUDESTE,Nao informado,Nao se aplica,entre 20 e 29 anos,Nao disponivel,B2P,Nao disponivel,"424924,22",2987
202411,PF,PF,NORDESTE,CENTRO-OESTE,mais de 60 anos,entre 20 e 29 anos,DICT,P2P,Pix,"11617936,63",36646
202411,PF,PF,NORDESTE,Nao informado,entre 40 e 49 anos,entre 20 e 29 anos,Nao disponivel,P2P,Nao disponivel,"1243,6",12
202411,PF,PF,NORTE,Nao informado,entre 20 e 29 anos,entre 30 e 39 anos,Nao disponivel,P2P,Nao disponivel,"8641,45",47
202411,PF,PF,CENTRO-OESTE,Nao informado,entre 30 e 39 anos,entre 20 e 29 anos,QRDN,P2P,Pix,"5079,87",172
202411,PJ,PF,NORTE,SUDESTE,Nao se aplica,entre 20 e 29 anos,QRES,B2P,Pix,"1809051,35",4664
202411,PF,PJ,NORTE,SUDESTE,entre 50 e 59 anos,Nao se aplica,DICT,P2G,Pix,"9828,29",27
202411,PF,PF,Nao informado,SUDESTE,entre 20 e 29 anos,entre 30 e 39 anos,MANU,P2P,Pix,"539066,1",1435
202411,PF,PF,Nao informado,NORTE,entre 50 e 59 anos,mais de 60 anos,QRDN,P2P,Pix,"1557,6",56
202411,PJ,PF,NORDESTE,SUL,Nao se aplica,entre 20 e 29 anos,QRDN,B2P,Pix,"68939,04",887
202411,PJ,PF,NORTE,NORTE,Nao se aplica,entre 20 e 29 anos,DICT,G2P,Pix,"4259654,63",4773
202411,PF,PF,Nao informado,CENTRO-OESTE,entre 20 e 29 anos,mais de 60 anos,QRES,P2P,Pix,"12013,13",193
202411,PF,PF,NORTE,NORTE,entre 40 e 49 anos,até 19 anos,MANU,P2P,Pix,"43866648,36",711377
202411,PF,PF,CENTRO-OESTE,NORTE,mais de 60 anos,até 19 anos,QRDN,P2P,Pix,"5796,73",126
202411,PF,PJ,Nao informado,NORDESTE,entre 20 e 29 anos,Nao se aplica,Nao disponivel,P2B,Nao disponivel,"3886,98",6
202411,PJ,PF,CENTRO-OESTE,SUL,Nao se aplica,mais de 60 anos,MANU,B2P,Pix,"74873612,34",4608
202411,PJ,PF,CENTRO-OESTE,CENTRO-OESTE,Nao se aplica,entre 20 e 29 anos,Nao disponivel,G2P,Nao disponivel,"285,77",2
202411,PF,PF,SUL,NORTE,até 19 anos,até 19 anos,MANU,P2P,Pix,"203042,98",5974
202411,PF,PJ,NORTE,NORTE,mais de 60 anos,Nao se aplica,QRES,P2G,Pix,"160106,48",876
202411,PF,PF,SUDESTE,SUL,entre 40 e 49 anos,mais de 60 anos,Nao disponivel,P2P,Nao disponivel,"182317,88",295
202411,PF,PF,CENTRO-OESTE,SUDESTE,até 19 anos,entre 40 e 49 anos,MANU,P2P,Pix,"999983,25",9036
202411,PF,PF,NORTE,NORDESTE,mais de 60 anos,entre 40 e 49 anos,QRDN,P2P,Pix,"289090,27",4610
202411,PF,PF,NORTE,NORDESTE,entre 50 e 59 anos,entre 20 e 29 anos,Nao disponivel,P2P,Nao disponivel,"10674,05",137
202411,PF,PF,NORTE,CENTRO-OESTE,entre 40 e 49 anos,entre 20 e 29 anos,DICT,P2P,Pix,"35723530,5",149518
202411,PF,PF,NORDESTE,NORTE,entre 30 e 39 anos,entre 50 e 59 anos,Nao disponivel,P2P,Nao disponivel,"129023,79",307
202411,PF,PF,NORTE,NORTE,entre 40 e 49 anos,entre 20 e 29 anos,MANU,P2P,Pix,"179061916,92",1631553
202411,PF,PF,SUL,NORDESTE,entre 50 e 59 anos,entre 40 e 49 anos,QRES,P2P,Pix,"591248,33",8763
202411,PF,PJ,NORDESTE,Nao informado,até 19 anos,Nao se aplica,QRDN,P2B,Pix,"35083,98",1066
202411,PF,PJ,NORTE,CENTRO-OESTE,mais de 60 anos,Nao se aplica,Nao disponivel,P2B,Nao disponivel,"29991,64",41
202411,PF,PJ,NORDESTE,SUL,entre 50 e 59 anos,Nao se aplica,QRES,P2G,Pix,"3025,27",31
202411,PF,PF,CENTRO-OESTE,CENTRO-OESTE,entre 50 e 59 anos,entre 20 e 29 anos,QRDN,P2P,Pix,"4581207,42",107842
202411,PJ,PJ,NORDESTE,SUL,Nao se aplica,Nao se aplica,MANU,B2B,Pix,"858039395,51",25353
202411,PF,PJ,SUDESTE,SUDESTE,entre 20 e 29 anos,Nao se aplica,QRES,P2B,Pix Saque,"122429,13",1084
202411,PF,PF,SUDESTE,Nao informado,entre 20 e 29 anos,entre 40 e 49 anos,QRES,P2P,Pix,"58822,14",1389
202411,PF,PF,SUL,NORTE,até 19 anos,entre 40 e 49 anos,QRES,P2P,Pix,"83073,05",4087
202411,PF,PF,SUL,SUDESTE,até 19 anos,entre 20 e 29 anos,MANU,P2P,Pix,"1386613,34",15818
202411,PJ,PF,CENTRO-OESTE,SUDESTE,Nao se aplica,entre 40 e 49 anos,QRDN,B2P,Pix,"540880,6",4298
202411,PF,PF,Nao informado,SUDESTE,até 19 anos,mais de 60 anos,QRDN,P2P,Pix,"1533,69",61
202411,PF,PF,SUL,SUL,mais de 60 anos,até 19 anos,DICT,P2P,Pix,"89200907,68",509907
202411,PF,PF,NORTE,SUL,entre 20 e 29 anos,até 19 anos,MANU,P2P,Pix,"625050,92",7450
202411,PF,PF,Nao informado,SUDESTE,Nao informado,entre 20 e 29 anos,DICT,P2P,Pix,"24004,16",134
202411,PF,PF,NORDESTE,NORDESTE,entre 40 e 49 anos,até 19 anos,QRDN,P2P,Pix,"5879067,32",166950
202411,PJ,PJ,NORDESTE,SUL,Nao se aplica,Nao se aplica,DICT,G2G,Pix,"934,7",1
202411,PJ,PF,SUDESTE,NORDESTE,Nao se aplica,entre 20 e 29 anos,Nao disponivel,B2P,Nao disponivel,"61882591,92",957758
202411,PF,PF,Nao informado,CENTRO-OESTE,entre 50 e 59 anos,até 19 anos,QRES,P2P,Pix,"391,05",20
202411,PF,PJ,NORDESTE,NORDESTE,até 19 anos,Nao se aplica,QRDN,P2B,Pix,"284642292,22",9675718
202411,PF,PF,NORDESTE,Nao informado,entre 50 e 59 anos,entre 20 e 29 anos,MANU,P2P,Pix,"437102,88",6021
202411,PF,PJ,NORDESTE,CENTRO-OESTE,entre 40 e 49 anos,Nao se aplica,QRES,P2G,Pix,"42273,68",465
202411,PF,PF,SUL,SUDESTE,mais de 60 anos,entre 40 e 49 anos,Nao disponivel,P2P,Nao disponivel,"50121,39",131
202411,PJ,PF,SUDESTE,SUDESTE,Nao se aplica,entre 40 e 49 anos,QRDN,B2P,Pix,"27040451,22",349601
202411,PF,PF,CENTRO-OESTE,SUDESTE,mais de 60 anos,entre 50 e 59 anos,QRDN,P2P,Pix,"103869,48",1995
202411,PF,PJ,NORTE,NORTE,entre 50 e 59 anos,Nao se aplica,Nao disponivel,P2B,Nao disponivel,"1495738,07",822
202411,PF,PF,NORDESTE,NORTE,mais de 60 anos,entre 40 e 49 anos,QRDN,P2P,Pix,"127383,58",3150
202411,PF,PF,CENTRO-OESTE,SUDESTE,entre 40 e 49 anos,entre 30 e 39 anos,MANU,P2P,Pix,"12085628,69",55742
202411,PF,PF,SUDESTE,SUDESTE,entre 30 e 39 anos,entre 40 e 49 anos,Nao disponivel,P2P,Nao disponivel,"18654011,05",77094
202411,PF,PF,Nao informado,NORTE,mais de 60 anos,entre 30 e 39 anos,MANU,P2P,Pix,"70959,02",269
202411,PF,PF,NORDESTE,CENTRO-OESTE,entre 30 e 39 anos,até 19 anos,DICT,P2P,Pix,"9441586,05",96486
202411,PF,PF,SUDESTE,NORTE,até 19 anos,até 19 anos,QRDN,P2P,Pix,"19049,29",557
202411,PF,PF,Nao informado,SUDESTE,Nao informado,mais de 60 anos,QRDN,P2P,Pix,37,5
202411,PJ,PF,Nao informado,NORTE,Nao se aplica,entre 20 e 29 anos,QRDN,B2P,Pix,775,3
202411,PF,PF,CENTRO-OESTE,Nao informado,até 19 anos,mais de 60 anos,DICT,P2P,Pix,"7806,58",92
202411,PF,PF,Nao informado,NORDESTE,mais de 60 anos,entre 20 e 29 anos,DICT,P2P,Pix,"830296,15",1822
202411,PJ,PF,SUL,SUDESTE,Nao se aplica,entre 50 e 59 anos,MANU,B2P,Pix,"213843328,62",106803
202411,PF,PF,SUDESTE,NORDESTE,entre 30 e 39 anos,mais de 60 anos,Nao disponivel,P2P,Nao disponivel,"329940,37",770
202411,PF,PF,NORDESTE,NORDESTE,entre 50 e 59 anos,entre 50 e 59 anos,Nao disponivel,P2P,Nao disponivel,"6022878,32",14817
202411,PF,PJ,SUDESTE,Nao informado,até 19 anos,Nao se aplica,DICT,P2B,Pix,"20168,6",190
202411,PF,PF,SUDESTE,SUDESTE,até 19 anos,entre 50 e 59 anos,DICT,P2P,Pix,"305034313,12",2823375
202411,PJ,PF,NORDESTE,CENTRO-OESTE,Nao se aplica,entre 40 e 49 anos,MANU,B2P,Pix,"22670776,07",43688
202411,PF,PF,NORDESTE,NORDESTE,entre 20 e 29 anos,mais de 60 anos,Nao disponivel,P2P,Nao disponivel,"3435044,32",10430
202411,PF,PJ,SUDESTE,NORDESTE,entre 50 e 59 anos,Nao se aplica,QRES,P2B,Pix Saque,2509,4
202411,PF,PF,Nao informado,NORDESTE,Nao informado,entre 50 e 59 anos,QRDN,P2P,Pix,"22,8",3
202411,PJ,PF,NORTE,SUDESTE,Nao se aplica,mais de 60 anos,DICT,B2P,Pix,"62297571,01",77276
202411,PF,PF,CENTRO-OESTE,SUDESTE,entre 40 e 49 anos,Nao informado,QRDN,P2P,Pix,"2370,05",9
202411,PF,PJ,NORTE,NORDESTE,entre 30 e 39 anos,Nao se aplica,QRES,P2G,Pix,"6445,05",183
202411,PF,PJ,Nao informado,Nao informado,entre 20 e 29 anos,Nao se aplica,MANU,P2B,Pix,"55578,21",453
202411,PF,PF,NORTE,NORDESTE,entre 30 e 39 anos,mais de 60 anos,MANU,P2P,Pix,"4226084,8",15260
202411,PF,PJ,CENTRO-OESTE,NORTE,entre 20 e 29 anos,Nao se aplica,QRDN,P2G,Pix,"546428,3",1356
202411,PF,PF,SUL,SUDESTE,entre 30 e 39 anos,entre 20 e 29 anos,QRES,P2P,Pix,"3318827,17",48778
202411,PJ,PF,CENTRO-OESTE,SUDESTE,Nao se aplica,entre 20 e 29 anos,MANU,G2P,Pix,"5807369,98",7177
202411,PF,PF,Nao informado,Nao informado,entre 40 e 49 anos,entre 40 e 49 anos,Nao disponivel,P2P,Nao disponivel,33243,39
202411,PF,PJ,SUDESTE,NORDESTE,entre 40 e 49 anos,Nao se aplica,QRDN,P2B,Pix,"788547656,83",19731436
202411,PF,PF,CENTRO-OESTE,NORTE,entre 30 e 39 anos,entre 50 e 59 anos,Nao disponivel,P2P,Nao disponivel,"119567,27",232
202411,PF,PF,Nao informado,NORDESTE,mais de 60 anos,entre 40 e 49 anos,QRDN,P2P,Pix,"8572,79",183
202411,PF,PF,NORDESTE,SUDESTE,entre 50 e 59 anos,entre 50 e 59 anos,QRES,P2P,Pix,"2305728,03",40466
202411,PF,PF,SUDESTE,NORTE,mais de 60 anos,entre 50 e 59 anos,QRDN,P2P,Pix,"58345,46",1301
202411,PF,PF,NORTE,SUL,entre 20 e 29 anos,mais de 60 anos,DICT,P2P,Pix,9828536,46071
202411,PF,PF,NORTE,CENTRO-OESTE,até 19 anos,entre 30 e 39 anos,DICT,P2P,Pix,"5148611,84",51652
202411,PF,PF,SUL,NORTE,entre 50 e 59 anos,entre 30 e 39 anos,QRDN,P2P,Pix,"106330,82",2412
202411,PF,PF,NORTE,NORDESTE,até 19 anos,entre 50 e 59 anos,Nao disponivel,P2P,Nao disponivel,"12697,26",144
202411,PF,PF,SUDESTE,SUDESTE,Nao informado,entre 30 e 39 anos,Nao disponivel,P2P,Nao disponivel,"2142,22",4
202411,PF,PF,NORDESTE,NORTE,até 19 anos,entre 30 e 39 anos,QRDN,P2P,Pix,"309021,76",16178
202411,PF,PF,NORTE,SUDESTE,entre 50 e 59 anos,até 19 anos,Nao disponivel,P2P,Nao disponivel,"1157,61",121
202411,PF,PF,SUL,SUL,entre 30 e 39 anos,entre 50 e 59 anos,MANU,P2P,Pix,"243119749,94",875903
202411,PF,PF,NORDESTE,Nao informado,mais de 60 anos,entre 30 e 39 anos,QRDN,P2P,Pix,"992,25",30
202411,PF,PF,Nao informado,NORDESTE,entre 50 e 59 anos,entre 30 e 39 anos,Nao disponivel,P2P,Nao disponivel,"374,8",6
202411,PJ,PJ,CENTRO-OESTE,Nao informado,Nao se aplica,Nao se aplica,QRDN,B2B,Pix,"13485,99",74
202411,PJ,PF,Nao informado,CENTRO-OESTE,Nao se aplica,mais de 60 anos,Nao disponivel,B2P,Nao disponivel,"4075,6",3
202411,PF,PJ,CENTRO-OESTE,CENTRO-OESTE,entre 50 e 59 anos,Nao se aplica,DICT,P2G,Pix,"674888,62",758
202411,PJ,PF,NORTE,NORTE,Nao se aplica,até 19 anos,DICT,B2P,Pix,"144541507,46",459609
202411,PF,PF,NORTE,CENTRO-OESTE,entre 50 e 59 anos,mais de 60 anos,DICT,P2P,Pix,"16163090,06",24210
202411,PF,PF,SUL,CENTRO-OESTE,entre 50 e 59 anos,entre 50 e 59 anos,QRES,P2P,Pix,"154497,34",2433
202411,PF,PF,SUDESTE,SUL,entre 30 e 39 anos,entre 40 e 49 anos,Nao disponivel,P2P,Nao disponivel,"529779,64",1178
202411,PF,PF,SUL,NORTE,mais de 60 anos,entre 40 e 49 anos,QRES,P2P,Pix,"98667,77",1598
202411,PF,PF,CENTRO-OESTE,NORDESTE,entre 30 e 39 anos,entre 50 e 59 anos,MANU,P2P,Pix,"6995133,82",32586
202411,PF,PF,Nao informado,NORTE,entre 20 e 29 anos,entre 40 e 49 anos,QRES,P2P,Pix,"39111,14",999
202411,PF,PJ,Nao informado,SUDESTE,entre 30 e 39 anos,Nao se aplica,MANU,P2B,Pix,4448787,2496
202411,PF,PJ,NORDESTE,SUDESTE,mais de 60 anos,Nao se aplica,MANU,P2G,Pix,1650,9
202411,PJ,PF,CENTRO-OESTE,SUL,Nao se aplica,até 19 anos,DICT,G2P,Pix,"63360,25",71
202411,PF,PF,NORTE,NORDESTE,mais de 60 anos,entre 30 e 39 anos,DICT,P2P,Pix,"23797583,58",68932
202411,PJ,PF,CENTRO-OESTE,NORDESTE,Nao se aplica,até 19 anos,MANU,G2P,Pix,"118251,34",107
202411,PF,PF,NORTE,SUL,entre 50 e 59 anos,entre 20 e 29 anos,Nao disponivel,P2P,Nao disponivel,"8761,88",51
202411,PJ,PF,NORTE,CENTRO-OESTE,Nao se aplica,até 19 anos,DICT,B2P,Pix,"9187638,17",35998
202411,PF,PF,SUDESTE,CENTRO-OESTE,entre 20 e 29 anos,até 19 anos,QRES,P2P,Pix,"240720,56",6368
202411,PJ,PF,CENTRO-OESTE,NORDESTE,Nao se aplica,entre 50 e 59 anos,MANU,B2P,Pix,"27635263,69",10065
202411,PF,PJ,Nao informado,SUL,entre 20 e 29 anos,Nao se aplica,MANU,P2B,Pix,"413393,19",1130
202411,PF,PF,Nao informado,Nao informado,até 19 anos,mais de 60 anos,QRDN,P2P,Pix,"1048,5",16
202411,PF,PF,SUL,NORDESTE,entre 50 e 59 anos,entre 40 e 49 anos,Nao disponivel,P2P,Nao disponivel,"114294,5",101
202411,PF,PF,SUL,CENTRO-OESTE,até 19 anos,até 19 anos,QRES,P2P,Pix,"47861,24",3107
202411,PF,PJ,CENTRO-OESTE,SUL,entre 50 e 59 anos,Nao se aplica,QRES,P2B,Pix,"22252136,63",93923
202411,PF,PF,Nao informado,CENTRO-OESTE,entre 30 e 39 anos,entre 50 e 59 anos,QRDN,P2P,Pix,"6269,03",289
202411,PF,PJ,NORTE,NORDESTE,Nao informado,Nao se aplica,QRDN,P2B,Pix,"992,81",37
202411,PJ,PJ,NORTE,NORTE,Nao se aplica,Nao se aplica,QRDN,G2B,Pix,"365303,56",192
202411,PF,PF,CENTRO-OESTE,NORTE,entre 30 e 39 anos,entre 40 e 49 anos,Nao disponivel,P2P,Nao disponivel,"243054,24",454
202411,PJ,PF,SUDESTE,SUDESTE,Nao se aplica,até 19 anos,DICT,B2P,Pix,"1344890084,28",5416118
202411,PF,PF,NORTE,NORTE,entre 30 e 39 anos,entre 50 e 59 anos,QRES,P2P,Pix,"39685300,35",1234074
202411,PJ,PJ,Nao informado,NORDESTE,Nao se aplica,Nao se aplica,DICT,B2B,Pix,"2981633,53",1366
202411,PF,PF,SUDESTE,CENTRO-OESTE,entre 50 e 59 anos,entre 30 e 39 anos,MANU,P2P,Pix,"8071430,53",23960
202411,PF,PJ,SUDESTE,SUDESTE,entre 40 e 49 anos,Nao se aplica,MANU,P2B,Pix,"1869249893,81",3040178
202411,PF,PF,CENTRO-OESTE,NORTE,entre 20 e 29 anos,até 19 anos,QRES,P2P,Pix,"131937,89",3233
202411,PF,PF,CENTRO-OESTE,Nao informado,até 19 anos,entre 40 e 49 anos,Nao disponivel,P2P,Nao disponivel,391,3
202411,PF,PF,NORTE,NORTE,mais de 60 anos,entre 30 e 39 anos,DICT,P2P,Pix,"614252650,31",1845924
202411,PJ,PF,SUL,SUL,Nao se aplica,entre 50 e 59 anos,MANU,G2P,Pix,"1285473,66",913
202411,PF,PF,Nao informado,SUL,mais de 60 anos,mais de 60 anos,Nao disponivel,P2P,Nao disponivel,1500,2
202411,PF,PF,NORTE,NORDESTE,entre 20 e 29 anos,entre 30 e 39 anos,Nao disponivel,P2P,Nao disponivel,"277782,4",1234
202411,PF,PF,CENTRO-OESTE,NORDESTE,entre 40 e 49 anos,entre 40 e 49 anos,DICT,P2P,Pix,"88220817,71",316659
202411,PF,PF,CENTRO-OESTE,Nao informado,entre 30 e 39 anos,entre 30 e 39 anos,QRDN,P2P,Pix,"24026,37",288
202411,PF,PF,SUL,Nao informado,entre 50 e 59 anos,entre 50 e 59 anos,Nao disponivel,P2P,Nao disponivel,"20654,69",4
202411,PF,PF,NORDESTE,SUL,até 19 anos,entre 20 e 29 anos,MANU,P2P,Pix,"652196,57",8291
202411,PF,PF,NORTE,Nao informado,até 19 anos,entre 30 e 39 anos,QRES,P2P,Pix,"16622,03",1150
202411,PJ,PF,SUL,SUDESTE,Nao se aplica,entre 30 e 39 anos,Nao disponivel,B2P,Nao disponivel,"29488864,83",72746
202411,PJ,PJ,SUDESTE,NORTE,Nao se aplica,Nao se aplica,QRDN,B2B,Pix Saque,"8431,01",13
202411,PF,PF,SUL,NORDESTE,mais de 60 anos,até 19 anos,QRDN,P2P,Pix,"6787,48",160
202411,PF,PF,SUL,NORTE,entre 50 e 59 anos,mais de 60 anos,Nao disponivel,P2P,Nao disponivel,"6930,33",18
202411,PF,PJ,NORTE,SUDESTE,entre 50 e 59 anos,Nao se aplica,DICT,P2B,Pix,"73202850,4",76213
202411,PF,PF,NORTE,NORDESTE,entre 40 e 49 anos,entre 30 e 39 anos,DICT,P2P,Pix,"82048791,51",323244
202411,PF,PJ,NORDESTE,SUDESTE,entre 20 e 29 anos,Nao se aplica,QRDN,P2B,Pix Saque,"900228,47",4185
202411,PJ,PF,CENTRO-OESTE,NORTE,Nao se aplica,entre 20 e 29 anos,MANU,G2P,Pix,"637076,07",633
202411,PF,PF,NORDESTE,NORDESTE,entre 50 e 59 anos,mais de 60 anos,DICT,P2P,Pix,"833011936,96",2814435
202411,PF,PF,SUL,Nao informado,entre 50 e 59 anos,até 19 anos,QRES,P2P,Pix,1,1
202411,PJ,PF,NORDESTE,SUDESTE,Nao se aplica,entre 30 e 39 anos,DICT,G2P,Pix,"866382,61",498
202411,PJ,PF,SUDESTE,NORTE,Nao se aplica,entre 30 e 39 anos,DICT,B2P,Pix,"974481078,85",4761671
202411,PF,PF,Nao informado,Nao informado,entre 20 e 29 anos,até 19 anos,QRES,P2P,Pix,"4025,55",57
202411,PF,PF,SUDESTE,SUDESTE,entre 30 e 39 anos,mais de 60 anos,Nao disponivel,P2P,Nao disponivel,"11793450,32",28022
202411,PF,PJ,NORDESTE,SUDESTE,entre 20 e 29 anos,Nao se aplica,DICT,P2B,Pix,"443869568,44",759085
202411,PF,PF,SUDESTE,Nao informado,entre 50 e 59 anos,entre 50 e 59 anos,Nao disponivel,P2P,Nao disponivel,"10812,47",9
202411,PJ,PJ,NORDESTE,NORDESTE,Nao se aplica,Nao se aplica,MANU,B2B,Pix Saque,110,4
202411,PJ,PF,NORTE,Nao informado,Nao se aplica,entre 30 e 39 anos,MANU,B2P,Pix,"165561,5",506
202411,PF,PJ,SUL,NORDESTE,entre 30 e 39 anos,Nao se aplica,MANU,P2G,Pix,734,2
202411,PF,PF,NORTE,CENTRO-OESTE,entre 40 e 49 anos,mais de 60 anos,Nao disponivel,P2P,Nao disponivel,"35346,52",76
202411,PF,PJ,SUDESTE,SUL,entre 20 e 29 anos,Nao se aplica,QRDN,P2B,Pix Troco,35,2
202411,PF,PF,CENTRO-OESTE,Nao informado,entre 30 e 39 anos,entre 40 e 49 anos,MANU,P2P,Pix,"423697,33",970
202411,PF,PF,NORTE,SUL,entre 30 e 39 anos,entre 20 e 29 anos,Nao disponivel,P2P,Nao disponivel,"67741,84",399
202411,PF,PJ,NORDESTE,CENTRO-OESTE,mais de 60 anos,Nao se aplica,QRDN,P2B,Pix Saque,"27485,16",130
202411,PF,PF,Nao informado,CENTRO-OESTE,entre 50 e 59 anos,mais de 60 anos,MANU,P2P,Pix,"327846,2",234
202411,PF,PF,Nao informado,CENTRO-OESTE,entre 20 e 29 anos,entre 20 e 29 anos,QRDN,P2P,Pix,"20893,1",345
202411,PF,PJ,NORTE,NORDESTE,entre 30 e 39 anos,Nao se aplica,QRES,P2B,Pix,"13206506,87",200059
202411,PF,PF,Nao informado,SUL,entre 50 e 59 anos,entre 40 e 49 anos,Nao disponivel,P2P,Nao disponivel,"421,2",5
202411,PF,PJ,SUDESTE,SUL,mais de 60 anos,Nao se aplica,QRDN,P2B,Pix,"236985668,99",1713630
202411,PF,PF,SUDESTE,SUL,entre 20 e 29 anos,entre 20 e 29 anos,QRDN,P2P,Pix,"821843,19",27503
202411,PF,PF,SUL,SUDESTE,entre 40 e 49 anos,até 19 anos,DICT,P2P,Pix,"8750129,83",62447
202411,PF,PF,CENTRO-OESTE,Nao informado,mais de 60 anos,mais de 60 anos,Nao disponivel,P2P,Nao disponivel,"183,11",1
202411,PF,PJ,NORTE,CENTRO-OESTE,entre 40 e 49 anos,Nao se aplica,DICT,P2G,Pix,"15681,3",13
202411,PF,PF,CENTRO-OESTE,NORDESTE,entre 30 e 39 anos,entre 30 e 39 anos,QRDN,P2P,Pix,"1983279,25",57170
202411,PF,PF,SUDESTE,NORTE,entre 30 e 39 anos,entre 50 e 59 anos,MANU,P2P,Pix,"4387862,3",12961
202411,PF,PJ,NORTE,SUL,entre 30 e 39 anos,Nao se aplica,QRDN,P2B,Pix Troco,"70,25",3
202411,PF,PF,SUDESTE,SUL,entre 20 e 29 anos,entre 40 e 49 anos,MANU,P2P,Pix,"8744520,12",38780
202411,PJ,PJ,SUL,SUDESTE,Nao se aplica,Nao se aplica,MANU,B2G,Pix,"4428512,83",302
202411,PF,PF,NORDESTE,NORDESTE,até 19 anos,até 19 anos,DICT,P2P,Pix,"802085296,66",9633946
202411,PJ,PF,NORTE,CENTRO-OESTE,Nao se aplica,até 19 anos,DICT,G2P,Pix,"6523,1",14
202411,PJ,PF,SUL,SUDESTE,Nao se aplica,mais de 60 anos,DICT,B2P,Pix,"227339570,68",195715
202411,PF,PJ,CENTRO-OESTE,CENTRO-OESTE,entre 40 e 49 anos,Nao se aplica,MANU,P2B,Pix Saque,1260,4
202411,PF,PJ,NORDESTE,NORDESTE,entre 20 e 29 anos,Nao se aplica,DICT,P2G,Pix,"454716,17",1749
202411,PF,PF,Nao informado,CENTRO-OESTE,mais de 60 anos,até 19 anos,QRDN,P2P,Pix,235,2
202411,PF,PF,NORTE,SUDESTE,entre 30 e 39 anos,entre 40 e 49 anos,QRES,P2P,Pix,"2850426,99",41098
202411,PF,PF,NORDESTE,SUL,entre 40 e 49 anos,entre 30 e 39 anos,QRDN,P2P,Pix,"379096,76",10761
202411,PF,PF,NORTE,Nao informado,até 19 anos,entre 50 e 59 anos,MANU,P2P,Pix,"10267,57",97
202411,PF,PJ,Nao informado,SUL,entre 50 e 59 anos,Nao se aplica,MANU,P2B,Pix,"1766916,68",661
202411,PF,PJ,CENTRO-OESTE,NORDESTE,entre 30 e 39 anos,Nao se aplica,QRES,P2G,Pix,"17572,6",247
202411,PF,PF,NORDESTE,SUL,até 19 anos,entre 40 e 49 anos,DICT,P2P,Pix,"2445998,61",28110
202411,PF,PF,NORDESTE,CENTRO-OESTE,entre 40 e 49 anos,até 19 anos,QRES,P2P,Pix,"156028,78",3408
202411,PF,PJ,NORTE,NORDESTE,entre 30 e 39 anos,Nao se aplica,DICT,P2G,Pix,"3833,85",18
202411,PF,PF,SUL,NORDESTE,até 19 anos,mais de 60 anos,QRDN,P2P,Pix,"13601,57",773
202411,PF,PF,Nao informado,NORDESTE,Nao informado,até 19 anos,DICT,P2P,Pix,"499,28",38
202411,PF,PF,Nao informado,Nao informado,entre 40 e 49 anos,entre 20 e 29 anos,DICT,P2P,Pix,"797461,53",3465
202411,PF,PJ,NORDESTE,SUDESTE,entre 30 e 39 anos,Nao se aplica,Nao disponivel,P2B,Nao disponivel,"2609260,41",3147
202411,PF,PF,Nao informado,CENTRO-OESTE,entre 40 e 49 anos,entre 40 e 49 anos,DICT,P2P,Pix,"2897644,74",4168
202411,PF,PF,SUDESTE,NORTE,entre 40 e 49 anos,entre 20 e 29 anos,QRES,P2P,Pix,"738651,79",16153
202411,PF,PJ,NORTE,SUDESTE,mais de 60 anos,Nao se aplica,DICT,P2B,Pix,"52547339,38",38897
202411,PF,PF,NORTE,NORTE,mais de 60 anos,Nao informado,DICT,P2P,Pix,480,6
202411,PF,PF,SUL,Nao informado,entre 30 e 39 anos,entre 30 e 39 anos,MANU,P2P,Pix,"849832,27",2763
202411,PF,PF,NORTE,SUL,entre 50 e 59 anos,até 19 anos,MANU,P2P,Pix,"135550,28",1681
202411,PF,PF,CENTRO-OESTE,SUDESTE,mais de 60 anos,entre 30 e 39 anos,QRDN,P2P,Pix,"290268,13",2765
202411,PF,PJ,NORTE,SUL,até 19 anos,Nao se aplica,QRES,P2G,Pix,"1077,71",18
202411,PF,PF,Nao informado,NORTE,entre 20 e 29 anos,entre 30 e 39 anos,MANU,P2P,Pix,"500246,52",2834
202411,PF,PJ,CENTRO-OESTE,SUDESTE,até 19 anos,Nao se aplica,QRDN,P2G,Pix,"22182,51",122
202411,PJ,PF,SUL,SUL,Nao se aplica,mais de 60 anos,QRES,G2P,Pix,"3440,78",6
202411,PF,PJ,SUDESTE,NORDESTE,entre 50 e 59 anos,Nao se aplica,DICT,P2G,Pix,"4509,43",36
202411,PF,PF,Nao informado,SUDESTE,Nao informado,até 19 anos,DICT,P2P,Pix,"3835,91",71
202411,PF,PF,Nao informado,NORDESTE,mais de 60 anos,mais de 60 anos,Nao disponivel,P2P,Nao disponivel,5000,1
202411,PJ,PF,NORDESTE,NORTE,Nao se aplica,entre 30 e 39 anos,QRDN,B2P,Pix,"238195,81",2904
202411,PF,PF,NORTE,CENTRO-OESTE,entre 50 e 59 anos,entre 20 e 29 anos,DICT,P2P,Pix,"19442215,52",65075
202411,PF,PJ,NORDESTE,NORTE,entre 50 e 59 anos,Nao se aplica,DICT,P2G,Pix,"29822,7",15
202411,PF,PJ,NORTE,CENTRO-OESTE,até 19 anos,Nao se aplica,DICT,P2B,Pix,"4879577,98",20834
202411,PF,PJ,Nao informado,Nao informado,entre 50 e 59 anos,Nao se aplica,QRDN,P2G,Pix,"107,89",3
202411,PF,PF,Nao informado,Nao informado,entre 20 e 29 anos,Nao informado,DICT,P2P,Pix,"1055,01",3
202411,PF,PF,CENTRO-OESTE,NORTE,entre 50 e 59 anos,entre 50 e 59 anos,QRDN,P2P,Pix,"155345,36",3901
202411,PJ,PF,NORTE,Nao informado,Nao se aplica,até 19 anos,MANU,B2P,Pix,"3101,5",10
202411,PF,PJ,NORTE,SUL,entre 20 e 29 anos,Nao se aplica,QRDN,P2B,Pix,"302298071,85",4286303
202411,PF,PF,SUL,NORTE,entre 40 e 49 anos,entre 30 e 39 anos,QRDN,P2P,Pix,"227950,5",5841
202411,PF,PF,NORTE,NORDESTE,mais de 60 anos,entre 20 e 29 anos,Nao disponivel,P2P,Nao disponivel,"13608,22",56
202411,PF,PJ,Nao informado,SUDESTE,entre 40 e 49 anos,Nao se aplica,DICT,P2G,Pix,"17976,72",12
202411,PF,PJ,SUDESTE,SUDESTE,entre 30 e 39 anos,Nao se aplica,MANU,P2G,Pix,"1608599,67",2990
202411,PF,PF,Nao informado,Nao informado,mais de 60 anos,mais de 60 anos,QRES,P2P,Pix,"151485,45",149
202411,PF,PF,CENTRO-OESTE,Nao informado,entre 30 e 39 anos,mais de 60 anos,Nao disponivel,P2P,Nao disponivel,"1470,34",4
202411,PJ,PF,NORDESTE,NORDESTE,Nao se aplica,entre 20 e 29 anos,DICT,G2P,Pix,"23961116,47",18157
202411,PF,PJ,Nao informado,Nao informado,entre 40 e 49 anos,Nao se aplica,QRDN,P2B,Pix Saque,"9145,99",26
202411,PF,PF,NORDESTE,Nao informado,entre 20 e 29 anos,entre 30 e 39 anos,DICT,P2P,Pix,"2086973,5",13064
202411,PF,PJ,NORDESTE,NORDESTE,mais de 60 anos,Nao se aplica,DICT,P2B,Pix,"1438039134,18",1952106
202411,PF,PF,NORTE,NORDESTE,entre 20 e 29 anos,entre 20 e 29 anos,QRDN,P2P,Pix,"1782021,37",61572
202411,PF,PJ,NORDESTE,Nao informado,mais de 60 anos,Nao se aplica,MANU,P2B,Pix,"4804,7",12
202411,PF,PF,SUDESTE,CENTRO-OESTE,entre 20 e 29 anos,entre 40 e 49 anos,QRES,P2P,Pix,"1703398,99",40403
202411,PJ,PJ,NORTE,NORTE,Nao se aplica,Nao se aplica,DICT,G2B,Pix,"31328841,3",3299
202411,PJ,PF,SUDESTE,NORDESTE,Nao se aplica,entre 20 e 29 anos,DICT,G2P,Pix,"218910,18",192
202411,PF,PF,NORDESTE,Nao informado,entre 40 e 49 anos,mais de 60 anos,QRDN,P2P,Pix,"7889,35",253
202411,PF,PF,NORTE,CENTRO-OESTE,Nao informado,entre 50 e 59 anos,QRDN,P2P,Pix,148,1
202411,PF,PF,CENTRO-OESTE,SUDESTE,entre 30 e 39 anos,entre 50 e 59 anos,QRES,P2P,Pix,"1729704,89",28975
202411,PF,PF,SUL,NORDESTE,entre 20 e 29 anos,até 19 anos,Nao disponivel,P2P,Nao disponivel,"26676,45",1026
202411,PF,PJ,CENTRO-OESTE,NORTE,entre 20 e 29 anos,Nao se aplica,QRDN,P2B,Pix,"30300654,09",657896
202411,PF,PF,NORDESTE,CENTRO-OESTE,entre 30 e 39 anos,mais de 60 anos,DICT,P2P,Pix,"25714102,76",88018
202411,PF,PF,Nao informado,Nao informado,entre 30 e 39 anos,entre 50 e 59 anos,Nao disponivel,P2P,Nao disponivel,253,4
202411,PF,PJ,NORTE,NORTE,mais de 60 anos,Nao se aplica,QRES,P2B,Pix,"98138224,7",442315
202411,PF,PF,CENTRO-OESTE,SUL,até 19 anos,entre 40 e 49 anos,DICT,P2P,Pix,"2115409,26",15327
202411,PF,PF,Nao informado,SUDESTE,entre 40 e 49 anos,entre 50 e 59 anos,DICT,P2P,Pix,"6401359,58",8372
202411,PF,PF,Nao informado,Nao informado,entre 50 e 59 anos,entre 40 e 49 anos,MANU,P2P,Pix,"190499,83",399
202411,PF,PF,SUDESTE,SUDESTE,entre 30 e 39 anos,mais de 60 anos,DICT,P2P,Pix,"3037080118,79",9018120
202411,PF,PF,SUL,SUL,entre 30 e 39 anos,entre 40 e 49 anos,INIC,P2P,Pix,200,3
202411,PF,PF,SUL,Nao informado,entre 40 e 49 anos,mais de 60 anos,Nao disponivel,P2P,Nao disponivel,492,2
202411,PF,PF,Nao informado,SUL,entre 20 e 29 anos,entre 40 e 49 anos,DICT,P2P,Pix,"1750449,35",6005
202411,PJ,PF,SUDESTE,Nao informado,Nao se aplica,entre 40 e 49 anos,DICT,G2P,Pix,"1639,4",1
202411,PJ,PF,SUL,SUDESTE,Nao se aplica,mais de 60 anos,MANU,G2P,Pix,"6670,41",5
202411,PF,PJ,CENTRO-OESTE,NORDESTE,entre 20 e 29 anos,Nao se aplica,QRES,P2B,Pix,"7570753,24",132018
202411,PF,PF,NORTE,SUL,até 19 anos,entre 30 e 39 anos,DICT,P2P,Pix,"2920207,42",33706
202411,PF,PF,Nao informado,NORTE,Nao informado,entre 20 e 29 anos,MANU,P2P,Pix,39,2
202411,PF,PF,Nao informado,NORTE,entre 20 e 29 anos,mais de 60 anos,MANU,P2P,Pix,"51271,43",249
202411,PJ,PF,SUL,NORTE,Nao se aplica,entre 30 e 39 anos,QRDN,B2P,Pix,85030,1239
202411,PF,PF,Nao informado,CENTRO-OESTE,Nao informado,entre 30 e 39 anos,DICT,P2P,Pix,"85,5",5
202411,PF,PF,CENTRO-OESTE,CENTRO-OESTE,até 19 anos,até 19 anos,MANU,P2P,Pix,"110268348,03",1177795
202411,PF,PJ,CENTRO-OESTE,CENTRO-OESTE,até 19 anos,Nao se aplica,MANU,P2G,Pix,"2650,4",25
202411,PF,PJ,NORTE,SUL,até 19 anos,Nao se aplica,Nao disponivel,P2B,Nao disponivel,"109068,68",79
202411,PF,PJ,CENTRO-OESTE,Nao informado,até 19 anos,Nao se aplica,QRES,P2B,Pix,"392,45",26
202411,PF,PF,SUDESTE,SUL,até 19 anos,entre 40 e 49 anos,QRDN,P2P,Pix,"162215,48",8902
202411,PF,PF,CENTRO-OESTE,CENTRO-OESTE,entre 30 e 39 anos,entre 30 e 39 anos,INIC,P2P,Pix,"4427582,22",6251
202411,PF,PF,CENTRO-OESTE,SUL,mais de 60 anos,entre 40 e 49 anos,QRDN,P2P,Pix,"59283,87",819
202411,PF,PJ,NORDESTE,SUL,entre 50 e 59 anos,Nao se aplica,QRDN,P2B,Pix Saque,"1023840,84",2470
202411,PF,PF,CENTRO-OESTE,Nao informado,entre 20 e 29 anos,entre 20 e 29 anos,DICT,P2P,Pix,"894926,57",4263
202411,PF,PF,SUL,Nao informado,até 19 anos,entre 40 e 49 anos,MANU,P2P,Pix,"22794,55",193
202411,PF,PF,SUL,NORTE,até 19 anos,entre 50 e 59 anos,QRES,P2P,Pix,"37174,11",2141
202411,PJ,PJ,CENTRO-OESTE,SUL,Nao se aplica,Nao se aplica,DICT,B2G,Pix,"49831,46",24
202411,PJ,PF,SUL,NORTE,Nao se aplica,entre 20 e 29 anos,DICT,G2P,Pix,"80932,92",707
202411,PF,PF,Nao informado,SUL,até 19 anos,entre 30 e 39 anos,Nao disponivel,P2P,Nao disponivel,"20,52",4
202411,PF,PF,CENTRO-OESTE,NORDESTE,entre 30 e 39 anos,mais de 60 anos,QRES,P2P,Pix,"856657,11",21332
202411,PF,PF,SUL,SUDESTE,entre 20 e 29 anos,mais de 60 anos,DICT,P2P,Pix,"19253899,6",63753
202411,PF,PJ,CENTRO-OESTE,SUDESTE,até 19 anos,Nao se aplica,DICT,P2G,Pix,"5286,47",8
202411,PF,PF,NORDESTE,SUDESTE,entre 30 e 39 anos,Nao informado,QRDN,P2P,Pix,"13408,92",43
202411,PF,PF,SUDESTE,Nao informado,entre 30 e 39 anos,entre 30 e 39 anos,Nao disponivel,P2P,Nao disponivel,"68340,02",82
202411,PF,PF,NORDESTE,CENTRO-OESTE,entre 30 e 39 anos,entre 20 e 29 anos,DICT,P2P,Pix,"64888839,13",408669
202411,PF,PF,CENTRO-OESTE,NORDESTE,entre 40 e 49 anos,entre 50 e 59 anos,MANU,P2P,Pix,"7265987,62",24812
202411,PF,PJ,NORTE,NORTE,até 19 anos,Nao se aplica,MANU,P2B,Pix,"9554990,26",93591
202411,PF,PF,CENTRO-OESTE,NORDESTE,entre 30 e 39 anos,entre 20 e 29 anos,QRES,P2P,Pix,"2407530,83",52403
202411,PJ,PF,NORDESTE,NORDESTE,Nao se aplica,entre 50 e 59 anos,MANU,B2P,Pix,"616050702,2",421854
202411,PF,PF,NORDESTE,Nao informado,entre 30 e 39 anos,até 19 anos,DICT,P2P,Pix,"122206,47",880
202411,PF,PF,Nao informado,CENTRO-OESTE,entre 20 e 29 anos,entre 40 e 49 anos,QRDN,P2P,Pix,"54199,6",505
202411,PF,PF,NORDESTE,NORDESTE,Nao informado,entre 20 e 29 anos,QRES,P2P,Pix,159,4
202411,PF,PF,SUDESTE,SUDESTE,entre 20 e 29 anos,entre 40 e 49 anos,Nao disponivel,P2P,Nao disponivel,"14100666,11",73612
202411,PF,PF,NORDESTE,SUL,mais de 60 anos,entre 30 e 39 anos,MANU,P2P,Pix,"1175006,54",5548
202411,PJ,PF,CENTRO-OESTE,NORTE,Nao se aplica,entre 40 e 49 anos,QRES,B2P,Pix,"505325,33",3324
202411,PF,PF,Nao informado,Nao informado,entre 40 e 49 anos,entre 20 e 29 anos,QRES,P2P,Pix,"18536,76",153
202411,PJ,PF,SUL,CENTRO-OESTE,Nao se aplica,entre 20 e 29 anos,QRDN,B2P,Pix,"100738,75",882
202411,PF,PJ,SUDESTE,NORTE,entre 40 e 49 anos,Nao se aplica,QRDN,P2B,Pix,"77670426,62",2090527
202411,PF,PF,NORDESTE,SUL,entre 20 e 29 anos,entre 50 e 59 anos,MANU,P2P,Pix,"3693209,67",17399
202411,PJ,PF,NORDESTE,NORTE,Nao se aplica,mais de 60 anos,QRDN,G2P,Pix,50,1
202411,PF,PF,CENTRO-OESTE,SUDESTE,entre 20 e 29 anos,entre 50 e 59 anos,Nao disponivel,P2P,Nao disponivel,"141673,17",609
202411,PF,PF,CENTRO-OESTE,NORTE,entre 30 e 39 anos,entre 40 e 49 anos,DICT,P2P,Pix,"64639272,6",168076
202411,PF,PF,NORDESTE,Nao informado,entre 40 e 49 anos,Nao informado,DICT,P2P,Pix,"4952,14",84
202411,PF,PF,SUL,NORDESTE,entre 40 e 49 anos,entre 50 e 59 anos,QRDN,P2P,Pix,"233627,88",6054
202411,PF,PF,CENTRO-OESTE,Nao informado,até 19 anos,até 19 anos,Nao disponivel,P2P,Nao disponivel,"81,99",4
202411,PF,PF,NORDESTE,SUL,entre 40 e 49 anos,entre 30 e 39 anos,Nao disponivel,P2P,Nao disponivel,"46603,46",279
202411,PF,PJ,CENTRO-OESTE,SUL,até 19 anos,Nao se aplica,QRDN,P2B,Pix Saque,"69864,55",161
202411,PJ,PF,SUL,Nao informado,Nao se aplica,até 19 anos,DICT,B2P,Pix,"390836,29",623
202411,PF,PF,NORTE,SUL,entre 40 e 49 anos,entre 40 e 49 anos,QRES,P2P,Pix,"579795,79",13287
202411,PF,PF,NORTE,SUL,entre 20 e 29 anos,mais de 60 anos,MANU,P2P,Pix,"2845000,96",8644
202411,PF,PF,Nao informado,CENTRO-OESTE,até 19 anos,entre 30 e 39 anos,QRES,P2P,Pix,"1541,93",52
202411,PF,PJ,SUDESTE,NORTE,entre 30 e 39 anos,Nao se aplica,MANU,P2B,Pix,"5686605,9",9215
202411,PF,PF,Nao informado,SUDESTE,entre 40 e 49 anos,entre 40 e 49 anos,QRDN,P2P,Pix,"62443,41",919
202411,PJ,PF,SUL,SUL,Nao se aplica,entre 50 e 59 anos,QRDN,G2P,Pix,"353,55",1
202411,PF,PF,CENTRO-OESTE,NORDESTE,até 19 anos,entre 30 e 39 anos,QRES,P2P,Pix,"506231,39",21331
202411,PJ,PF,Nao informado,NORDESTE,Nao se aplica,entre 50 e 59 anos,MANU,B2P,Pix,"64531,57",42
202411,PF,PF,SUDESTE,NORDESTE,Nao informado,mais de 60 anos,DICT,P2P,Pix,310,5
202411,PF,PF,SUL,CENTRO-OESTE,mais de 60 anos,entre 40 e 49 anos,DICT,P2P,Pix,"25784451,21",30614
202411,PF,PJ,SUL,SUL,até 19 anos,Nao se aplica,MANU,P2G,Pix,"17733,12",182
202411,PF,PF,NORTE,NORTE,entre 20 e 29 anos,Nao informado,MANU,P2P,Pix,20,1
202411,PF,PF,NORDESTE,NORTE,entre 30 e 39 anos,mais de 60 anos,MANU,P2P,Pix,"2691515,56",15031
202411,PF,PF,CENTRO-OESTE,NORDESTE,entre 40 e 49 anos,mais de 60 anos,DICT,P2P,Pix,"27115228,94",60459
202411,PF,PF,NORTE,Nao informado,mais de 60 anos,Nao informado,QRES,P2P,Pix,40,1
202411,PF,PJ,CENTRO-OESTE,NORDESTE,entre 40 e 49 anos,Nao se aplica,QRDN,P2G,Pix,"678292,33",1543
202411,PJ,PF,CENTRO-OESTE,Nao informado,Nao se aplica,entre 30 e 39 anos,DICT,G2P,Pix,"40424,72",11
202411,PF,PF,NORDESTE,CENTRO-OESTE,entre 40 e 49 anos,entre 20 e 29 anos,Nao disponivel,P2P,Nao disponivel,"50748,1",430
202411,PF,PF,NORTE,CENTRO-OESTE,até 19 anos,entre 40 e 49 anos,QRDN,P2P,Pix,"287573,76",14361
202411,PJ,PF,Nao informado,SUDESTE,Nao se aplica,até 19 anos,DICT,B2P,Pix,"148361,19",448
202411,PF,PJ,NORDESTE,SUL,entre 20 e 29 anos,Nao se aplica,QRDN,P2B,Pix Troco,650,1
202411,PF,PJ,NORDESTE,SUL,entre 20 e 29 anos,Nao se aplica,QRDN,P2B,Pix Saque,"7541029,75",14756
202411,PF,PJ,Nao informado,SUL,entre 40 e 49 anos,Nao se aplica,QRES,P2G,Pix,"883,09",9
202411,PF,PF,NORDESTE,SUDESTE,entre 20 e 29 anos,entre 30 e 39 anos,MANU,P2P,Pix,"62849092,94",465750
202411,PJ,PF,SUL,Nao informado,Nao se aplica,entre 50 e 59 anos,Nao disponivel,B2P,Nao disponivel,"17929,1",45
202411,PF,PF,NORDESTE,NORTE,entre 20 e 29 anos,entre 50 e 59 anos,DICT,P2P,Pix,"20312948,4",105247
202411,PF,PJ,NORDESTE,SUL,entre 50 e 59 anos,Nao se aplica,MANU,P2G,Pix,"1877,7",6
202411,PF,PJ,NORTE,NORTE,entre 30 e 39 anos,Nao se aplica,QRDN,P2B,Pix Saque,"2226433,03",8981
202411,PJ,PJ,NORTE,CENTRO-OESTE,Nao se aplica,Nao se aplica,DICT,B2G,Pix,"14797,18",9
202411,PJ,PF,NORDESTE,SUL,Nao se aplica,entre 50 e 59 anos,MANU,B2P,Pix,"9162265,33",24995
202411,PF,PF,NORDESTE,NORDESTE,entre 20 e 29 anos,entre 30 e 39 anos,DICT,P2P,Pix,"3803887432,65",24822441
202411,PF,PF,SUL,CENTRO-OESTE,entre 40 e 49 anos,mais de 60 anos,MANU,P2P,Pix,"3535250,46",3787
202411,PJ,PF,NORDESTE,NORDESTE,Nao se aplica,entre 40 e 49 anos,QRDN,G2P,Pix,197,5
202411,PF,PF,CENTRO-OESTE,NORDESTE,mais de 60 anos,entre 20 e 29 anos,DICT,P2P,Pix,"23835232,03",80181
202411,PF,PF,SUL,NORTE,mais de 60 anos,entre 20 e 29 anos,DICT,P2P,Pix,"8195671,85",26408
202411,PF,PF,SUL,NORDESTE,entre 50 e 59 anos,entre 50 e 59 anos,QRDN,P2P,Pix,"109950,79",2670
202411,PF,PF,NORDESTE,NORTE,entre 40 e 49 anos,entre 50 e 59 anos,DICT,P2P,Pix,"30027090,75",102952
202411,PJ,PF,NORTE,NORDESTE,Nao se aplica,entre 40 e 49 anos,Nao disponivel,B2P,Nao disponivel,"192762,75",890
202411,PF,PF,SUDESTE,NORDESTE,entre 50 e 59 anos,até 19 anos,QRES,P2P,Pix,"470711,6",6394
202411,PF,PF,CENTRO-OESTE,CENTRO-OESTE,entre 30 e 39 anos,entre 50 e 59 anos,Nao disponivel,P2P,Nao disponivel,"2395642,61",7799
202411,PJ,PF,SUDESTE,SUDESTE,Nao se aplica,mais de 60 anos,QRDN,B2P,Pix,"10202965,04",144819
202411,PF,PF,SUL,SUDESTE,entre 20 e 29 anos,entre 40 e 49 anos,QRES,P2P,Pix,"2628560,19",45096
202411,PF,PJ,SUL,SUL,mais de 60 anos,Nao se aplica,QRES,P2B,Pix,"230688438,18",1055790
202411,PF,PF,CENTRO-OESTE,CENTRO-OESTE,entre 20 e 29 anos,entre 20 e 29 anos,MANU,P2P,Pix,"1566657322,89",6696848
202411,PF,PF,Nao informado,SUL,entre 40 e 49 anos,até 19 anos,QRDN,P2P,Pix,"380,73",13
202411,PF,PF,CENTRO-OESTE,NORTE,até 19 anos,entre 50 e 59 anos,QRDN,P2P,Pix,"83602,92",4808
202411,PJ,PJ,SUL,SUDESTE,Nao se aplica,Nao se aplica,MANU,G2G,Pix,"1348,5",1
202411,PF,PF,SUL,Nao informado,mais de 60 anos,entre 50 e 59 anos,QRDN,P2P,Pix,"325,73",3
202411,PF,PJ,NORDESTE,NORDESTE,até 19 anos,Nao se aplica,QRES,P2B,Pix Saque,"11955,03",120
202411,PF,PF,CENTRO-OESTE,SUDESTE,entre 20 e 29 anos,mais de 60 anos,QRES,P2P,Pix,"822591,92",14716
202411,PJ,PF,CENTRO-OESTE,Nao informado,Nao se aplica,entre 30 e 39 anos,QRDN,B2P,Pix,"9753,8",51
202411,PJ,PF,NORDESTE,NORDESTE,Nao se aplica,entre 50 e 59 anos,QRDN,B2P,Pix,9204891,152680
202411,PF,PF,CENTRO-OESTE,CENTRO-OESTE,entre 30 e 39 anos,Nao informado,MANU,P2P,Pix,1900,5
202411,PF,PJ,SUL,Nao informado,até 19 anos,Nao se aplica,Nao disponivel,P2B,Nao disponivel,"160,48",2
202411,PF,PF,SUDESTE,NORDESTE,entre 40 e 49 anos,entre 20 e 29 anos,DICT,P2P,Pix,"274936490,99",1513382
202411,PJ,PF,NORTE,Nao informado,Nao se aplica,mais de 60 anos,QRDN,B2P,Pix,320,7
202411,PF,PF,SUDESTE,Nao informado,entre 40 e 49 anos,entre 50 e 59 anos,MANU,P2P,Pix,"2017383,3",1100
202411,PF,PF,SUDESTE,NORTE,entre 20 e 29 anos,entre 20 e 29 anos,INIC,P2P,Pix,"99,98",2
202411,PF,PJ,SUDESTE,SUDESTE,entre 50 e 59 anos,Nao se aplica,QRES,P2B,Pix,"1668240910,53",9462035
202411,PF,PF,SUL,SUL,entre 20 e 29 anos,entre 20 e 29 anos,MANU,P2P,Pix,"2155991934,9",8875815
202411,PF,PF,SUDESTE,CENTRO-OESTE,entre 50 e 59 anos,entre 20 e 29 anos,Nao disponivel,P2P,Nao disponivel,"45480,62",224
202411,PF,PF,NORDESTE,NORTE,entre 30 e 39 anos,até 19 anos,MANU,P2P,Pix,"1060577,04",15837
202411,PJ,PF,NORTE,SUDESTE,Nao se aplica,mais de 60 anos,DICT,G2P,Pix,"2807,43",3
202411,PJ,PF,SUL,SUL,Nao se aplica,entre 50 e 59 anos,Nao disponivel,B2P,Nao disponivel,"10830025,74",26181
202411,PF,PF,SUL,SUL,entre 30 e 39 anos,entre 30 e 39 anos,QRES,P2P,Pix,"337456468,39",1161639
202411,PJ,PF,SUL,SUDESTE,Nao se aplica,entre 20 e 29 anos,QRES,B2P,Pix,"4260388,14",14338
202411,PF,PF,CENTRO-OESTE,SUL,entre 30 e 39 anos,mais de 60 anos,DICT,P2P,Pix,"19446177,23",27767
202411,PJ,PF,NORDESTE,SUL,Nao se aplica,entre 20 e 29 anos,QRES,B2P,Pix,"682698,62",2003
202411,PF,PF,CENTRO-OESTE,NORTE,mais de 60 anos,entre 30 e 39 anos,QRDN,P2P,Pix,"107312,87",2180
202411,PF,PF,NORTE,SUDESTE,até 19 anos,entre 40 e 49 anos,DICT,P2P,Pix,"2991916,2",35418
202411,PF,PJ,NORDESTE,NORDESTE,entre 30 e 39 anos,Nao se aplica,QRDN,P2B,Pix Saque,"18084030,6",66520
202411,PF,PF,NORTE,SUDESTE,mais de 60 anos,entre 30 e 39 anos,QRDN,P2P,Pix,"154434,6",1547
202411,PF,PJ,Nao informado,SUL,mais de 60 anos,Nao se aplica,INIC,P2B,Pix,"236,52",1
202411,PF,PF,SUL,NORTE,até 19 anos,entre 50 e 59 anos,Nao disponivel,P2P,Nao disponivel,"1773,22",40
202411,PF,PF,SUDESTE,CENTRO-OESTE,entre 30 e 39 anos,entre 30 e 39 anos,QRDN,P2P,Pix,"1506801,35",38692
202411,PF,PF,CENTRO-OESTE,NORDESTE,mais de 60 anos,entre 20 e 29 anos,Nao disponivel,P2P,Nao disponivel,"14309,16",137
202411,PF,PF,NORTE,NORDESTE,até 19 anos,entre 30 e 39 anos,QRES,P2P,Pix,"508622,24",23202
202411,PF,PF,SUL,Nao informado,mais de 60 anos,mais de 60 anos,MANU,P2P,Pix,"87870,54",82
202411,PF,PF,SUL,NORTE,mais de 60 anos,mais de 60 anos,QRDN,P2P,Pix,"12154,55",238
202411,PF,PF,NORDESTE,CENTRO-OESTE,entre 20 e 29 anos,mais de 60 anos,QRES,P2P,Pix,"865332,39",29332
202411,PJ,PF,SUDESTE,CENTRO-OESTE,Nao se aplica,entre 30 e 39 anos,DICT,B2P,Pix,"1139255813,36",3867829
202411,PF,PF,NORDESTE,CENTRO-OESTE,entre 30 e 39 anos,entre 40 e 49 anos,QRDN,P2P,Pix,"2682714,46",84707
202411,PF,PJ,Nao informado,NORTE,entre 30 e 39 anos,Nao se aplica,Nao disponivel,P2B,Nao disponivel,1500,1
202411,PJ,PF,NORDESTE,SUL,Nao se aplica,entre 30 e 39 anos,DICT,G2P,Pix,"34557,79",23
202411,PF,PJ,CENTRO-OESTE,NORTE,até 19 anos,Nao se aplica,Nao disponivel,P2B,Nao disponivel,"15396,04",56
202411,PF,PF,NORDESTE,SUDESTE,entre 30 e 39 anos,até 19 anos,QRES,P2P,Pix,"1009178,85",19513
202411,PJ,PJ,NORTE,NORDESTE,Nao se aplica,Nao se aplica,MANU,G2B,Pix,"25019370,79",52
202411,PF,PJ,CENTRO-OESTE,NORDESTE,entre 50 e 59 anos,Nao se aplica,DICT,P2B,Pix,"39940025,83",52652
202411,PF,PF,NORDESTE,CENTRO-OESTE,entre 50 e 59 anos,entre 20 e 29 anos,Nao disponivel,P2P,Nao disponivel,"24516,11",155
202411,PF,PJ,Nao informado,CENTRO-OESTE,entre 20 e 29 anos,Nao se aplica,QRDN,P2B,Pix Saque,"8108,52",17
202411,PF,PF,SUDESTE,CENTRO-OESTE,entre 40 e 49 anos,entre 30 e 39 anos,DICT,P2P,Pix,"113501036,4",298197
202411,PF,PF,SUL,NORTE,entre 30 e 39 anos,entre 20 e 29 anos,MANU,P2P,Pix,"4524356,38",32032
202411,PF,PF,CENTRO-OESTE,SUDESTE,entre 20 e 29 anos,Nao informado,QRES,P2P,Pix,"937900,7",1004
202411,PF,PF,SUL,CENTRO-OESTE,entre 40 e 49 anos,entre 30 e 39 anos,MANU,P2P,Pix,"4357237,96",13482
202411,PF,PF,CENTRO-OESTE,NORTE,até 19 anos,mais de 60 anos,QRDN,P2P,Pix,"36092,19",1655
202411,PF,PF,Nao informado,SUDESTE,Nao informado,entre 50 e 59 anos,QRDN,P2P,Pix,"45,5",7
202411,PF,PF,CENTRO-OESTE,SUDESTE,até 19 anos,até 19 anos,Nao disponivel,P2P,Nao disponivel,"70050,69",2680
202411,PF,PF,NORDESTE,Nao informado,até 19 anos,até 19 anos,QRES,P2P,Pix,"517,5",63
202411,PF,PF,SUL,SUL,entre 50 e 59 anos,até 19 anos,DICT,P2P,Pix,"170016617,48",1177567
202411,PF,PF,Nao informado,NORDESTE,entre 50 e 59 anos,entre 50 e 59 anos,DICT,P2P,Pix,1625167,2807
202411,PF,PF,NORTE,Nao informado,entre 20 e 29 anos,mais de 60 anos,QRDN,P2P,Pix,4736,127
202411,PF,PJ,NORTE,CENTRO-OESTE,entre 50 e 59 anos,Nao se aplica,INIC,P2B,Pix,"207,55",5
202411,PF,PJ,CENTRO-OESTE,NORDESTE,entre 50 e 59 anos,Nao se aplica,QRES,P2G,Pix,"2566,36",67
202411,PJ,PF,CENTRO-OESTE,SUL,Nao se aplica,entre 50 e 59 anos,DICT,G2P,Pix,"4060077,68",2177
202411,PJ,PF,SUL,Nao informado,Nao se aplica,mais de 60 anos,Nao disponivel,B2P,Nao disponivel,"72055,07",30
202411,PF,PF,SUDESTE,CENTRO-OESTE,entre 40 e 49 anos,até 19 anos,DICT,P2P,Pix,"8649073,64",60470
202411,PF,PJ,NORDESTE,SUDESTE,entre 50 e 59 anos,Nao se aplica,Nao disponivel,P2B,Nao disponivel,"1729474,35",492
202411,PF,PF,SUL,SUL,até 19 anos,mais de 60 anos,QRDN,P2P,Pix,"1382909,38",68220
202411,PF,PF,NORTE,NORDESTE,até 19 anos,até 19 anos,Nao disponivel,P2P,Nao disponivel,"29505,19",1669
202411,PF,PJ,SUDESTE,CENTRO-OESTE,entre 20 e 29 anos,Nao se aplica,Nao disponivel,P2B,Nao disponivel,"421713,15",793
202411,PF,PF,NORDESTE,CENTRO-OESTE,entre 30 e 39 anos,entre 50 e 59 anos,QRES,P2P,Pix,"2108420,95",56425
202411,PF,PF,SUDESTE,SUL,até 19 anos,entre 40 e 49 anos,DICT,P2P,Pix,"6870488,44",48408
202411,PF,PF,NORTE,Nao informado,entre 20 e 29 anos,entre 50 e 59 anos,DICT,P2P,Pix,"639679,32",2659
202411,PJ,PF,NORDESTE,NORTE,Nao se aplica,entre 20 e 29 anos,Nao disponivel,B2P,Nao disponivel,"727937,2",16537
202411,PF,PJ,NORTE,NORDESTE,até 19 anos,Nao se aplica,DICT,P2B,Pix,2758864,11990
202411,PF,PF,NORTE,SUDESTE,entre 40 e 49 anos,entre 50 e 59 anos,MANU,P2P,Pix,"3615439,29",15974
202411,PF,PF,Nao informado,Nao informado,entre 50 e 59 anos,entre 40 e 49 anos,Nao disponivel,P2P,Nao disponivel,808,2
202411,PJ,PF,Nao informado,SUL,Nao se aplica,entre 50 e 59 anos,DICT,B2P,Pix,"791700,05",701
202411,PF,PF,SUDESTE,Nao informado,entre 20 e 29 anos,mais de 60 anos,DICT,P2P,Pix,"553276,61",1270
202411,PF,PJ,NORDESTE,NORDESTE,entre 50 e 59 anos,Nao se aplica,QRDN,P2B,Pix,"909745563,18",13132155
202411,PF,PF,Nao informado,CENTRO-OESTE,mais de 60 anos,entre 30 e 39 anos,QRES,P2P,Pix,"11102,39",78
202411,PF,PF,Nao informado,CENTRO-OESTE,entre 40 e 49 anos,entre 40 e 49 anos,MANU,P2P,Pix,"793251,18",940
202411,PF,PF,Nao informado,SUL,Nao informado,entre 30 e 39 anos,QRDN,P2P,Pix,7,1
202411,PF,PJ,NORDESTE,Nao informado,entre 40 e 49 anos,Nao se aplica,QRDN,P2B,Pix,"194400,1",1285
202411,PF,PF,SUDESTE,SUL,entre 40 e 49 anos,entre 40 e 49 anos,MANU,P2P,Pix,"19838162,11",55749
202411,PF,PF,SUDESTE,Nao informado,entre 40 e 49 anos,mais de 60 anos,DICT,P2P,Pix,"2328242,64",2492
202411,PJ,PF,NORTE,SUDESTE,Nao se aplica,entre 30 e 39 anos,MANU,G2P,Pix,"93733,84",16
202411,PF,PJ,NORTE,NORTE,entre 20 e 29 anos,Nao se aplica,QRDN,P2B,Pix,"664694984,39",12577503
202411,PJ,PF,SUL,NORDESTE,Nao se aplica,entre 20 e 29 anos,MANU,B2P,Pix,"72592840,9",144505
202411,PF,PF,NORTE,Nao informado,entre 50 e 59 anos,entre 30 e 39 anos,DICT,P2P,Pix,"1070513,18",6351
202411,PF,PF,NORTE,Nao informado,mais de 60 anos,mais de 60 anos,DICT,P2P,Pix,"98093,77",217
202411,PF,PF,NORTE,NORTE,entre 20 e 29 anos,mais de 60 anos,QRES,P2P,Pix,"15339001,68",617053
202411,PF,PF,SUL,Nao informado,entre 30 e 39 anos,entre 30 e 39 anos,QRDN,P2P,Pix,"77044,23",350
202411,PF,PF,SUL,NORDESTE,entre 50 e 59 anos,entre 20 e 29 anos,QRES,P2P,Pix,"465434,54",6936
202411,PJ,PF,SUL,NORTE,Nao se aplica,entre 40 e 49 anos,DICT,G2P,Pix,"45322,27",287
202411,PF,PF,NORDESTE,NORDESTE,mais de 60 anos,entre 40 e 49 anos,QRES,P2P,Pix,"36570675,05",500714
202411,PF,PJ,CENTRO-OESTE,Nao informado,entre 50 e 59 anos,Nao se aplica,DICT,P2B,Pix,"84526,92",28
202411,PF,PF,Nao informado,SUL,mais de 60 anos,entre 50 e 59 anos,MANU,P2P,Pix,"80486,84",163
202411,PF,PF,NORDESTE,SUDESTE,entre 40 e 49 anos,mais de 60 anos,QRDN,P2P,Pix,"1238958,58",40174
202411,PF,PF,NORDESTE,NORTE,entre 20 e 29 anos,entre 20 e 29 anos,Nao disponivel,P2P,Nao disponivel,"335772,65",2563
202411,PF,PJ,NORTE,SUL,entre 20 e 29 anos,Nao se aplica,QRDN,P2G,Pix,"239723,98",1243
202411,PF,PF,SUDESTE,NORDESTE,entre 50 e 59 anos,entre 20 e 29 anos,QRES,P2P,Pix,"3355310,37",53910
202411,PF,PJ,SUDESTE,NORTE,entre 40 e 49 anos,Nao se aplica,MANU,P2G,Pix,"10119,23",12
202411,PF,PF,SUDESTE,CENTRO-OESTE,até 19 anos,até 19 anos,MANU,P2P,Pix,"482951,19",13452
202411,PJ,PF,SUDESTE,SUL,Nao se aplica,entre 30 e 39 anos,DICT,G2P,Pix,"188826,68",91
202411,PF,PF,CENTRO-OESTE,NORTE,até 19 anos,entre 40 e 49 anos,QRDN,P2P,Pix,"137326,02",6920
202411,PF,PF,SUL,CENTRO-OESTE,entre 30 e 39 anos,entre 20 e 29 anos,QRES,P2P,Pix,"527824,82",8171
202411,PJ,PF,NORTE,NORDESTE,Nao se aplica,mais de 60 anos,MANU,G2P,Pix,"25415,12",3
202411,PF,PF,SUDESTE,NORDESTE,entre 30 e 39 anos,Nao informado,QRES,P2P,Pix,16,2
202411,PF,PF,CENTRO-OESTE,SUDESTE,mais de 60 anos,mais de 60 anos,MANU,P2P,Pix,"16510706,57",7246
202411,PF,PJ,SUL,CENTRO-OESTE,entre 30 e 39 anos,Nao se aplica,QRDN,P2B,Pix,"71445065,43",723912
202411,PF,PF,CENTRO-OESTE,NORTE,até 19 anos,entre 20 e 29 anos,QRES,P2P,Pix,"281191,33",9176
202411,PF,PF,CENTRO-OESTE,CENTRO-OESTE,mais de 60 anos,entre 40 e 49 anos,QRES,P2P,Pix,"10847538,44",96821
202411,PF,PJ,Nao informado,CENTRO-OESTE,entre 40 e 49 anos,Nao se aplica,QRDN,P2B,Pix Saque,"6194,57",12
202411,PF,PJ,SUL,SUDESTE,entre 30 e 39 anos,Nao se aplica,QRDN,P2B,Pix Saque,"250487,4",1708
202411,PF,PF,SUL,SUDESTE,até 19 anos,entre 40 e 49 anos,QRES,P2P,Pix,"402597,33",14212
202411,PF,PJ,SUDESTE,NORTE,até 19 anos,Nao se aplica,QRDN,P2B,Pix,"11148581,04",358750
202411,PJ,PF,CENTRO-OESTE,CENTRO-OESTE,Nao se aplica,entre 50 e 59 anos,QRES,B2P,Pix,"17977110,41",112402
202411,PF,PF,Nao informado,Nao informado,até 19 anos,mais de 60 anos,QRES,P2P,Pix,"1163,55",28
202411,PF,PJ,NORTE,NORDESTE,mais de 60 anos,Nao se aplica,DICT,P2B,Pix,"22622269,59",25468
202411,PF,PF,NORDESTE,NORDESTE,entre 20 e 29 anos,entre 30 e 39 anos,INIC,P2P,Pix,4,2
202411,PF,PF,SUL,CENTRO-OESTE,entre 40 e 49 anos,mais de 60 anos,QRDN,P2P,Pix,"128234,44",2669
202411,PF,PF,CENTRO-OESTE,NORTE,entre 40 e 49 anos,mais de 60 anos,QRES,P2P,Pix,"303394,22",7312
202411,PF,PF,NORDESTE,Nao informado,entre 50 e 59 anos,entre 40 e 49 anos,MANU,P2P,Pix,"340029,38",2043
202411,PF,PF,SUL,NORTE,até 19 anos,entre 40 e 49 anos,Nao disponivel,P2P,Nao disponivel,"22305,12",138
202411,PJ,PF,SUDESTE,NORDESTE,Nao se aplica,entre 50 e 59 anos,Nao disponivel,B2P,Nao disponivel,"13300199,89",145021
202411,PF,PF,NORTE,NORTE,mais de 60 anos,mais de 60 anos,DICT,P2P,Pix,"1004898552,85",1629480
202411,PF,PF,SUDESTE,Nao informado,até 19 anos,mais de 60 anos,QRDN,P2P,Pix,"200,72",13
202411,PF,PF,Nao informado,Nao informado,entre 50 e 59 anos,entre 30 e 39 anos,DICT,P2P,Pix,"645730,64",1664
202411,PF,PF,SUDESTE,Nao informado,entre 30 e 39 anos,Nao informado,Nao disponivel,P2P,Nao disponivel,"5,01",2
202411,PF,PF,Nao informado,SUL,mais de 60 anos,entre 50 e 59 anos,QRES,P2P,Pix,"63842,56",54
202411,PF,PF,NORDESTE,NORDESTE,mais de 60 anos,entre 30 e 39 anos,Nao disponivel,P2P,Nao disponivel,"1902667,13",6047
202411,PF,PF,SUL,NORDESTE,entre 40 e 49 anos,até 19 anos,DICT,P2P,Pix,"3945457,75",34364
202411,PF,PF,NORTE,Nao informado,mais de 60 anos,mais de 60 anos,MANU,P2P,Pix,"10665,98",47
202411,PF,PF,SUL,SUL,entre 30 e 39 anos,entre 30 e 39 anos,QRDN,P2P,Pix,"22511682,42",510843
202411,PF,PF,CENTRO-OESTE,SUDESTE,até 19 anos,entre 20 e 29 anos,DICT,P2P,Pix,"7735576,09",92222
202411,PF,PF,NORDESTE,SUDESTE,entre 30 e 39 anos,mais de 60 anos,Nao disponivel,P2P,Nao disponivel,"457732,96",971
202411,PF,PF,NORTE,Nao informado,mais de 60 anos,entre 20 e 29 anos,MANU,P2P,Pix,57412,726
202411,PF,PF,Nao informado,NORTE,mais de 60 anos,mais de 60 anos,MANU,P2P,Pix,"23801,15",57
202411,PF,PF,NORDESTE,CENTRO-OESTE,entre 50 e 59 anos,entre 20 e 29 anos,MANU,P2P,Pix,"2734681,45",19826
202411,PF,PF,Nao informado,SUDESTE,entre 30 e 39 anos,até 19 anos,MANU,P2P,Pix,"50849,27",337
202411,PJ,PJ,NORDESTE,SUL,Nao se aplica,Nao se aplica,QRDN,G2B,Pix,"3629,39",12
202411,PJ,PF,CENTRO-OESTE,NORTE,Nao se aplica,entre 40 e 49 anos,DICT,G2P,Pix,"1841720,67",1219
202411,PJ,PF,Nao informado,SUDESTE,Nao se aplica,entre 50 e 59 anos,DICT,B2P,Pix,"1354242,96",1379
202411,PJ,PF,SUDESTE,Nao informado,Nao se aplica,mais de 60 anos,QRDN,B2P,Pix,"571,15",13
202411,PF,PF,NORTE,NORTE,mais de 60 anos,Nao informado,MANU,P2P,Pix,50,1
202411,PJ,PF,SUL,Nao informado,Nao se aplica,entre 50 e 59 anos,QRDN,B2P,Pix,"1081,41",14
202411,PF,PF,NORDESTE,NORDESTE,entre 20 e 29 anos,entre 30 e 39 anos,QRES,P2P,Pix,"202161828,63",5646227
202411,PF,PF,SUL,NORDESTE,entre 30 e 39 anos,entre 40 e 49 anos,Nao disponivel,P2P,Nao disponivel,"82368,31",393
202411,PF,PF,SUDESTE,CENTRO-OESTE,mais de 60 anos,até 19 anos,DICT,P2P,Pix,"5775338,52",16940
202411,PF,PF,CENTRO-OESTE,SUL,entre 50 e 59 anos,entre 20 e 29 anos,MANU,P2P,Pix,"1071213,78",4658
202411,PF,PF,SUL,NORTE,até 19 anos,até 19 anos,QRES,P2P,Pix,"31903,14",2497
202411,PF,PJ,NORTE,SUL,Nao informado,Nao se aplica,QRDN,P2B,Pix,"221,83",4
202411,PJ,PF,NORDESTE,CENTRO-OESTE,Nao se aplica,entre 40 e 49 anos,DICT,G2P,Pix,"96159,52",93
202411,PJ,PF,NORTE,SUDESTE,Nao se aplica,entre 30 e 39 anos,MANU,B2P,Pix,"9473022,32",4634
202411,PF,PJ,SUDESTE,CENTRO-OESTE,entre 50 e 59 anos,Nao se aplica,QRDN,P2G,Pix,"222559727,03",388179
202411,PJ,PF,NORTE,Nao informado,Nao se aplica,mais de 60 anos,QRES,B2P,Pix,"776,07",29
202411,PF,PF,CENTRO-OESTE,SUDESTE,entre 40 e 49 anos,até 19 anos,MANU,P2P,Pix,"1210198,4",11412
202411,PF,PF,SUL,SUDESTE,até 19 anos,entre 20 e 29 anos,QRES,P2P,Pix,"771975,66",27874
202411,PF,PF,NORTE,SUL,entre 30 e 39 anos,até 19 anos,QRDN,P2P,Pix,"49885,86",1269
202411,PF,PF,NORTE,SUDESTE,entre 40 e 49 anos,entre 40 e 49 anos,DICT,P2P,Pix,"56552056,99",169842
202411,PF,PF,Nao informado,NORTE,até 19 anos,entre 30 e 39 anos,DICT,P2P,Pix,"82451,35",767
202411,PF,PF,SUL,SUDESTE,entre 50 e 59 anos,até 19 anos,QRES,P2P,Pix,"372289,53",1580
202411,PF,PJ,SUDESTE,SUDESTE,mais de 60 anos,Nao se aplica,Nao disponivel,P2G,Nao disponivel,"2559,31",5
202411,PF,PJ,NORDESTE,SUDESTE,entre 20 e 29 anos,Nao se aplica,DICT,P2G,Pix,"57206,81",237
202411,PJ,PJ,SUDESTE,CENTRO-OESTE,Nao se aplica,Nao se aplica,QRES,B2G,Pix,"5772,32",58
202411,PJ,PF,SUDESTE,SUDESTE,Nao se aplica,entre 40 e 49 anos,QRDN,G2P,Pix,207,3
202411,PF,PF,NORDESTE,SUDESTE,entre 50 e 59 anos,entre 20 e 29 anos,MANU,P2P,Pix,"10161744,61",73384
202411,PJ,PJ,NORTE,SUDESTE,Nao se aplica,Nao se aplica,DICT,B2B,Pix,"1634703503,09",153603
202411,PF,PF,Nao informado,NORTE,entre 50 e 59 anos,entre 40 e 49 anos,DICT,P2P,Pix,"949435,46",2277
202411,PF,PF,SUL,SUDESTE,até 19 anos,entre 30 e 39 anos,INIC,P2P,Pix,"139,57",1
202411,PF,PF,NORDESTE,NORTE,mais de 60 anos,entre 40 e 49 anos,DICT,P2P,Pix,"22326936,63",49599
202411,PF,PF,SUDESTE,NORTE,entre 20 e 29 anos,até 19 anos,QRES,P2P,Pix,"171485,27",4886
202411,PF,PJ,NORTE,SUL,entre 50 e 59 anos,Nao se aplica,Nao disponivel,P2B,Nao disponivel,"66998,02",34
202411,PF,PF,SUDESTE,CENTRO-OESTE,até 19 anos,mais de 60 anos,MANU,P2P,Pix,"306586,71",1500
202411,PF,PJ,Nao informado,SUDESTE,Nao informado,Nao se aplica,QRES,P2B,Pix,"497,28",23
202411,PF,PJ,CENTRO-OESTE,NORTE,até 19 anos,Nao se aplica,DICT,P2G,Pix,"317,99",2
202411,PF,PJ,Nao informado,CENTRO-OESTE,até 19 anos,Nao se aplica,QRDN,P2B,Pix,"47638,33",1109
202411,PJ,PF,SUDESTE,Nao informado,Nao se aplica,entre 50 e 59 anos,MANU,B2P,Pix,"58958255,3",11586
202411,PF,PF,SUL,SUL,entre 20 e 29 anos,mais de 60 anos,QRDN,P2P,Pix,"6118526,27",200340
202411,PF,PF,CENTRO-OESTE,SUDESTE,até 19 anos,mais de 60 anos,MANU,P2P,Pix,"262162,78",2266
202411,PF,PF,SUDESTE,SUDESTE,Nao informado,entre 50 e 59 anos,MANU,P2P,Pix,320,2
202411,PF,PF,Nao informado,Nao informado,entre 20 e 29 anos,entre 50 e 59 anos,MANU,P2P,Pix,"114554,18",684
202411,PJ,PF,CENTRO-OESTE,Nao informado,Nao se aplica,entre 20 e 29 anos,QRDN,B2P,Pix,"848,84",23
202411,PJ,PJ,NORTE,NORDESTE,Nao se aplica,Nao se aplica,DICT,G2B,Pix,"448450,52",54
202411,PF,PF,NORDESTE,SUL,entre 20 e 29 anos,entre 50 e 59 anos,DICT,P2P,Pix,"16130362,48",86605
202411,PF,PF,NORTE,Nao informado,até 19 anos,mais de 60 anos,DICT,P2P,Pix,"14959,03",268
202411,PF,PF,NORTE,SUL,entre 50 e 59 anos,mais de 60 anos,QRDN,P2P,Pix,"33847,25",923
202411,PF,PF,SUDESTE,Nao informado,mais de 60 anos,mais de 60 anos,QRES,P2P,Pix,"14881,37",87
202411,PF,PJ,SUL,CENTRO-OESTE,entre 30 e 39 anos,Nao se aplica,MANU,P2B,Pix,"5198508,85",8796
202411,PF,PF,CENTRO-OESTE,Nao informado,entre 20 e 29 anos,mais de 60 anos,DICT,P2P,Pix,"172662,64",329
202411,PF,PJ,NORDESTE,SUDESTE,entre 40 e 49 anos,Nao se aplica,Nao disponivel,P2B,Nao disponivel,"1601038,62",1362
202411,PF,PF,NORTE,SUDESTE,entre 50 e 59 anos,entre 40 e 49 anos,DICT,P2P,Pix,"26521334,87",75343
202411,PF,PJ,NORDESTE,SUDESTE,entre 40 e 49 anos,Nao se aplica,DICT,P2G,Pix,"99943,13",224
202411,PF,PF,CENTRO-OESTE,NORTE,entre 40 e 49 anos,entre 20 e 29 anos,MANU,P2P,Pix,"6905252,87",32407
202411,PJ,PJ,Nao informado,CENTRO-OESTE,Nao se aplica,Nao se aplica,Nao disponivel,B2B,Nao disponivel,"105,14",1
202411,PJ,PF,SUDESTE,CENTRO-OESTE,Nao se aplica,entre 40 e 49 anos,Nao disponivel,B2P,Nao disponivel,"15402624,86",133648
202411,PF,PF,SUL,SUL,mais de 60 anos,até 19 anos,QRDN,P2P,Pix,"101733,48",1792
202411,PF,PF,SUL,CENTRO-OESTE,entre 40 e 49 anos,entre 30 e 39 anos,QRDN,P2P,Pix,"314853,06",7058
202411,PF,PF,NORDESTE,NORDESTE,entre 30 e 39 anos,entre 50 e 59 anos,QRDN,P2P,Pix,"59501225,43",2158547
202411,PF,PF,NORTE,NORDESTE,mais de 60 anos,entre 50 e 59 anos,QRDN,P2P,Pix,"122430,16",2597
202411,PJ,PF,SUDESTE,SUDESTE,Nao se aplica,Nao informado,DICT,B2P,Pix,"3236,79",21
202411,PJ,PF,SUL,CENTRO-OESTE,Nao se aplica,até 19 anos,MANU,G2P,Pix,"621,48",1
202411,PF,PJ,SUDESTE,SUDESTE,entre 40 e 49 anos,Nao se aplica,QRES,P2B,Pix Saque,"220187,9",1451
202411,PF,PF,NORDESTE,CENTRO-OESTE,mais de 60 anos,entre 30 e 39 anos,QRDN,P2P,Pix,"152439,39",2729
202411,PF,PF,CENTRO-OESTE,NORTE,entre 30 e 39 anos,entre 40 e 49 anos,MANU,P2P,Pix,"8234263,01",30275
202411,PF,PF,NORDESTE,CENTRO-OESTE,entre 40 e 49 anos,entre 30 e 39 anos,QRDN,P2P,Pix,"1226929,92",33307
202411,PF,PF,SUL,CENTRO-OESTE,entre 40 e 49 anos,mais de 60 anos,Nao disponivel,P2P,Nao disponivel,"44344,09",58
202411,PF,PF,NORDESTE,NORTE,entre 40 e 49 anos,até 19 anos,DICT,P2P,Pix,"5031308,62",49165
202411,PF,PJ,NORDESTE,SUL,mais de 60 anos,Nao se aplica,QRDN,P2B,Pix,"67266807,73",581128
202411,PF,PF,SUDESTE,SUDESTE,entre 30 e 39 anos,entre 50 e 59 anos,Nao disponivel,P2P,Nao disponivel,"9854246,89",41803
202411,PF,PF,SUDESTE,SUL,entre 30 e 39 anos,mais de 60 anos,Nao disponivel,P2P,Nao disponivel,280786,522
202411,PF,PF,SUDESTE,SUDESTE,até 19 anos,mais de 60 anos,QRDN,P2P,Pix,"6175172,65",438489
202411,PF,PJ,CENTRO-OESTE,NORTE,entre 30 e 39 anos,Nao se aplica,QRDN,P2B,Pix Troco,79,2
202411,PJ,PF,CENTRO-OESTE,Nao informado,Nao se aplica,até 19 anos,DICT,B2P,Pix,"133922,01",228
202411,PF,PJ,SUL,SUL,entre 40 e 49 anos,Nao se aplica,QRES,P2B,Pix Saque,"72580,09",332
202411,PJ,PF,SUL,SUDESTE,Nao se aplica,Nao informado,QRES,B2P,Pix,"531425,78",174
202411,PF,PF,NORDESTE,NORDESTE,entre 20 e 29 anos,entre 20 e 29 anos,QRES,P2P,Pix,"384570524,46",4730300
202411,PF,PF,NORDESTE,NORTE,entre 50 e 59 anos,entre 50 e 59 anos,QRES,P2P,Pix,"508205,87",11244
202411,PF,PJ,SUDESTE,CENTRO-OESTE,entre 30 e 39 anos,Nao se aplica,QRES,P2G,Pix,"28414,44",268
202411,PF,PF,NORDESTE,SUL,mais de 60 anos,mais de 60 anos,QRES,P2P,Pix,"42311,97",617
202411,PF,PF,CENTRO-OESTE,CENTRO-OESTE,mais de 60 anos,mais de 60 anos,QRDN,P2P,Pix,"1822058,84",26440
202411,PF,PF,NORTE,SUL,até 19 anos,até 19 anos,QRES,P2P,Pix,"36570,81",2567
202411,PF,PF,SUL,CENTRO-OESTE,até 19 anos,até 19 anos,Nao disponivel,P2P,Nao disponivel,"19277,41",838
202411,PJ,PF,NORDESTE,SUDESTE,Nao se aplica,entre 50 e 59 anos,QRES,G2P,Pix,"45,83",2
202411,PF,PF,NORTE,NORDESTE,até 19 anos,entre 20 e 29 anos,MANU,P2P,Pix,"973068,9",16029
202411,PF,PF,SUL,NORTE,entre 40 e 49 anos,entre 30 e 39 anos,Nao disponivel,P2P,Nao disponivel,"80887,75",282
202411,PF,PJ,Nao informado,Nao informado,entre 50 e 59 anos,Nao se aplica,MANU,P2B,Pix,"10532,26",59
202411,PF,PF,NORDESTE,SUL,entre 20 e 29 anos,até 19 anos,QRDN,P2P,Pix,"65388,56",1916
202411,PF,PJ,SUL,CENTRO-OESTE,entre 40 e 49 anos,Nao se aplica,INIC,P2B,Pix,"3873,04",15
202411,PJ,PF,SUDESTE,NORDESTE,Nao se aplica,entre 30 e 39 anos,Nao disponivel,G2P,Nao disponivel,"2673,21",12
202411,PF,PF,SUDESTE,SUDESTE,entre 30 e 39 anos,entre 50 e 59 anos,QRES,P2P,Pix,"115607506,33",2520557
202411,PJ,PF,SUDESTE,SUDESTE,Nao se aplica,até 19 anos,QRDN,B2P,Pix,"1287591,97",16685
202411,PF,PF,Nao informado,Nao informado,entre 20 e 29 anos,entre 30 e 39 anos,MANU,P2P,Pix,"477835,24",2281
202411,PF,PJ,SUDESTE,NORDESTE,mais de 60 anos,Nao se aplica,DICT,P2G,Pix,"37562,49",23
202411,PF,PF,SUL,CENTRO-OESTE,entre 40 e 49 anos,entre 20 e 29 anos,QRDN,P2P,Pix,"187362,46",4011
202411,PF,PF,SUDESTE,Nao informado,entre 30 e 39 anos,mais de 60 anos,Nao disponivel,P2P,Nao disponivel,"34755,8",18
202411,PF,PF,SUL,SUL,entre 30 e 39 anos,entre 20 e 29 anos,QRDN,P2P,Pix,"11247104,36",299544
202411,PF,PF,CENTRO-OESTE,NORDESTE,entre 50 e 59 anos,até 19 anos,Nao disponivel,P2P,Nao disponivel,"4316,62",161
202411,PJ,PF,SUL,CENTRO-OESTE,Nao se aplica,entre 30 e 39 anos,QRES,B2P,Pix,"683332,85",2771
202411,PJ,PF,CENTRO-OESTE,SUDESTE,Nao se aplica,entre 40 e 49 anos,MANU,G2P,Pix,"36624110,56",21453
202411,PF,PJ,NORTE,NORTE,entre 30 e 39 anos,Nao se aplica,Nao disponivel,P2B,Nao disponivel,"7035473,41",4239
202411,PF,PF,NORTE,SUDESTE,mais de 60 anos,entre 20 e 29 anos,Nao disponivel,P2P,Nao disponivel,"11627,58",57
202411,PF,PF,NORTE,Nao informado,entre 30 e 39 anos,entre 30 e 39 anos,Nao disponivel,P2P,Nao disponivel,"8012,79",27
202411,PF,PF,CENTRO-OESTE,SUDESTE,até 19 anos,entre 30 e 39 anos,QRDN,P2P,Pix,"204006,6",9263
202411,PF,PF,SUL,NORDESTE,entre 30 e 39 anos,mais de 60 anos,DICT,P2P,Pix,"9857616,05",29247
202411,PF,PF,CENTRO-OESTE,Nao informado,até 19 anos,entre 40 e 49 anos,QRDN,P2P,Pix,"3132,26",133
202411,PF,PJ,Nao informado,CENTRO-OESTE,entre 20 e 29 anos,Nao se aplica,QRES,P2B,Pix,"184765,25",1716
202411,PF,PF,Nao informado,Nao informado,entre 30 e 39 anos,entre 40 e 49 anos,QRDN,P2P,Pix,"3164,4",86
202411,PJ,PF,NORTE,NORTE,Nao se aplica,entre 40 e 49 anos,DICT,G2P,Pix,"4354343,06",3650
202411,PF,PJ,NORDESTE,SUDESTE,mais de 60 anos,Nao se aplica,DICT,P2G,Pix,"36525,84",112
202411,PJ,PF,NORTE,SUL,Nao se aplica,mais de 60 anos,MANU,B2P,Pix,"23532070,83",587
202411,PF,PF,Nao informado,NORTE,entre 20 e 29 anos,entre 30 e 39 anos,QRES,P2P,Pix,"38657,2",944
202411,PF,PF,SUL,NORTE,entre 40 e 49 anos,entre 50 e 59 anos,QRDN,P2P,Pix,"93738,28",2923
202411,PF,PJ,NORDESTE,CENTRO-OESTE,até 19 anos,Nao se aplica,Nao disponivel,P2B,Nao disponivel,"17402,41",176
202411,PF,PJ,SUL,SUL,entre 40 e 49 anos,Nao se aplica,QRDN,P2B,Pix,"1619681818,42",17432100
202411,PF,PF,NORDESTE,SUDESTE,mais de 60 anos,entre 50 e 59 anos,DICT,P2P,Pix,"60979817,98",145386
202411,PF,PJ,CENTRO-OESTE,SUL,entre 40 e 49 anos,Nao se aplica,Nao disponivel,P2B,Nao disponivel,"81220,26",105
202411,PF,PJ,Nao informado,SUDESTE,entre 20 e 29 anos,Nao se aplica,QRES,P2B,Pix Saque,68,1
202411,PF,PF,CENTRO-OESTE,Nao informado,entre 20 e 29 anos,mais de 60 anos,MANU,P2P,Pix,"39515,51",70
202411,PF,PF,Nao informado,NORTE,até 19 anos,entre 40 e 49 anos,MANU,P2P,Pix,"13569,74",139
202411,PF,PJ,NORTE,SUL,entre 50 e 59 anos,Nao se aplica,QRES,P2G,Pix,"5772,25",50
202411,PF,PJ,CENTRO-OESTE,SUDESTE,até 19 anos,Nao se aplica,MANU,P2B,Pix,"1217593,65",6877
202411,PF,PJ,CENTRO-OESTE,NORTE,entre 40 e 49 anos,Nao se aplica,MANU,P2G,Pix,"1011,57",6
202411,PF,PF,Nao informado,SUDESTE,entre 50 e 59 anos,entre 50 e 59 anos,MANU,P2P,Pix,"2264237,79",1668
202411,PF,PF,SUL,CENTRO-OESTE,mais de 60 anos,entre 30 e 39 anos,Nao disponivel,P2P,Nao disponivel,"6529,55",41
202411,PF,PF,SUL,SUDESTE,entre 40 e 49 anos,entre 20 e 29 anos,QRES,P2P,Pix,"2152926,44",25819
202411,PJ,PF,NORTE,NORDESTE,Nao se aplica,entre 20 e 29 anos,QRDN,B2P,Pix,"230945,49",3195
202411,PF,PF,SUL,CENTRO-OESTE,mais de 60 anos,entre 20 e 29 anos,QRES,P2P,Pix,"113852,65",892
202411,PJ,PJ,CENTRO-OESTE,NORTE,Nao se aplica,Nao se aplica,MANU,B2B,Pix,"260761298,8",10975
202411,PF,PF,NORTE,NORTE,entre 30 e 39 anos,entre 50 e 59 anos,QRDN,P2P,Pix,"22401795,85",851576
202411,PF,PF,NORDESTE,NORTE,entre 40 e 49 anos,entre 40 e 49 anos,QRES,P2P,Pix,1879625,46428
202411,PF,PF,NORDESTE,SUDESTE,entre 30 e 39 anos,entre 20 e 29 anos,Nao disponivel,P2P,Nao disponivel,"810533,51",4823
202411,PJ,PF,NORDESTE,NORTE,Nao se aplica,entre 30 e 39 anos,MANU,B2P,Pix,"20526797,51",87880
202411,PJ,PF,CENTRO-OESTE,NORDESTE,Nao se aplica,mais de 60 anos,DICT,G2P,Pix,"3321275,29",1752
202411,PF,PF,SUL,CENTRO-OESTE,entre 40 e 49 anos,entre 20 e 29 anos,QRES,P2P,Pix,"349251,13",4997
202411,PJ,PF,NORDESTE,NORTE,Nao se aplica,Nao informado,MANU,B2P,Pix,80,1
202411,PF,PF,CENTRO-OESTE,SUDESTE,mais de 60 anos,entre 30 e 39 anos,Nao disponivel,P2P,Nao disponivel,"128987,66",125
202411,PF,PF,SUDESTE,SUDESTE,entre 50 e 59 anos,Nao informado,DICT,P2P,Pix,"1355,7",3
202411,PF,PF,SUL,CENTRO-OESTE,entre 50 e 59 anos,entre 50 e 59 anos,QRDN,P2P,Pix,"73887,41",1547
202411,PF,PF,NORTE,Nao informado,entre 50 e 59 anos,entre 30 e 39 anos,Nao disponivel,P2P,Nao disponivel,5305,6
202411,PF,PF,CENTRO-OESTE,CENTRO-OESTE,mais de 60 anos,mais de 60 anos,MANU,P2P,Pix,"1077392192,63",516834
202411,PF,PF,SUL,Nao informado,entre 40 e 49 anos,Nao informado,MANU,P2P,Pix,1500,1
202411,PF,PF,NORTE,SUDESTE,entre 40 e 49 anos,entre 30 e 39 anos,QRDN,P2P,Pix,"672467,15",16460
202411,PF,PF,Nao informado,NORDESTE,até 19 anos,entre 30 e 39 anos,MANU,P2P,Pix,"12571,64",111
202411,PF,PF,SUDESTE,NORTE,entre 40 e 49 anos,mais de 60 anos,DICT,P2P,Pix,"15745385,86",31053
202411,PF,PJ,SUL,SUDESTE,entre 30 e 39 anos,Nao se aplica,DICT,P2B,Pix,"387457718,6",393884
202411,PJ,PF,NORDESTE,NORDESTE,Nao se aplica,entre 50 e 59 anos,Nao disponivel,G2P,Nao disponivel,1500,1
202411,PF,PF,Nao informado,NORTE,entre 40 e 49 anos,entre 20 e 29 anos,QRDN,P2P,Pix,"9707,63",330
202411,PF,PF,NORTE,Nao informado,entre 20 e 29 anos,entre 50 e 59 anos,MANU,P2P,Pix,"168350,54",804
202411,PF,PF,Nao informado,CENTRO-OESTE,entre 20 e 29 anos,entre 40 e 49 anos,QRES,P2P,Pix,"30207,12",574
202411,PF,PJ,CENTRO-OESTE,SUDESTE,mais de 60 anos,Nao se aplica,Nao disponivel,P2B,Nao disponivel,"378391,52",119
202411,PF,PF,Nao informado,NORTE,até 19 anos,mais de 60 anos,QRDN,P2P,Pix,"242,5",12
202411,PJ,PF,CENTRO-OESTE,SUDESTE,Nao se aplica,entre 20 e 29 anos,MANU,B2P,Pix,"28134524,27",20351
202411,PF,PF,CENTRO-OESTE,CENTRO-OESTE,entre 20 e 29 anos,entre 50 e 59 anos,QRES,P2P,Pix,"21419874,54",578265
202411,PF,PF,SUDESTE,CENTRO-OESTE,mais de 60 anos,entre 30 e 39 anos,MANU,P2P,Pix,"17875412,2",12483
202411,PF,PJ,NORDESTE,SUDESTE,mais de 60 anos,Nao se aplica,Nao disponivel,P2B,Nao disponivel,"607024,04",295
202411,PF,PF,Nao informado,NORDESTE,Nao informado,entre 20 e 29 anos,DICT,P2P,Pix,"3804,44",77
202411,PF,PJ,SUL,SUDESTE,entre 20 e 29 anos,Nao se aplica,QRES,P2B,Pix Saque,435,5
202411,PF,PF,NORDESTE,Nao informado,entre 50 e 59 anos,entre 50 e 59 anos,DICT,P2P,Pix,"1025986,63",1858
202411,PF,PF,SUL,SUL,mais de 60 anos,mais de 60 anos,MANU,P2P,Pix,"863162553,35",741727
202411,PJ,PF,SUDESTE,SUL,Nao se aplica,entre 30 e 39 anos,QRDN,B2P,Pix,"428281,83",3706
202411,PF,PF,SUDESTE,NORTE,até 19 anos,entre 20 e 29 anos,DICT,P2P,Pix,"3787899,57",64165
202411,PF,PJ,CENTRO-OESTE,Nao informado,entre 20 e 29 anos,Nao se aplica,QRDN,P2B,Pix,"181409,43",1954
202411,PF,PF,CENTRO-OESTE,SUL,entre 50 e 59 anos,entre 20 e 29 anos,Nao disponivel,P2P,Nao disponivel,"16896,25",46
202411,PF,PF,NORDESTE,Nao informado,entre 50 e 59 anos,entre 30 e 39 anos,Nao disponivel,P2P,Nao disponivel,4,1
202411,PJ,PF,NORTE,NORTE,Nao se aplica,entre 20 e 29 anos,MANU,G2P,Pix,"890761,57",528
202411,PF,PF,Nao informado,SUL,entre 40 e 49 anos,entre 30 e 39 anos,QRDN,P2P,Pix,"22092,44",249
202411,PF,PF,Nao informado,Nao informado,entre 20 e 29 anos,entre 50 e 59 anos,Nao disponivel,P2P,Nao disponivel,350,3
202411,PF,PF,SUL,Nao informado,até 19 anos,entre 30 e 39 anos,DICT,P2P,Pix,"209102,02",1136
202411,PF,PF,Nao informado,SUL,até 19 anos,entre 30 e 39 anos,DICT,P2P,Pix,"57167,23",551
202411,PJ,PF,SUDESTE,SUL,Nao se aplica,entre 20 e 29 anos,DICT,B2P,Pix,"1120558976,5",4780687
202411,PF,PF,SUL,CENTRO-OESTE,entre 20 e 29 anos,até 19 anos,QRDN,P2P,Pix,"93207,33",733
202411,PJ,PF,SUL,SUDESTE,Nao se aplica,mais de 60 anos,QRDN,B2P,Pix,"387375,45",4732
202411,PF,PJ,NORDESTE,NORDESTE,mais de 60 anos,Nao se aplica,QRES,P2G,Pix,"170641,18",1373
202411,PJ,PF,CENTRO-OESTE,SUL,Nao se aplica,mais de 60 anos,MANU,G2P,Pix,"18507760,95",4273
202411,PF,PJ,SUL,NORTE,mais de 60 anos,Nao se aplica,QRES,P2B,Pix,"843632,09",2680
202411,PF,PF,SUL,Nao informado,entre 40 e 49 anos,Nao informado,QRDN,P2P,Pix,"56,85",1
202411,PF,PF,CENTRO-OESTE,NORTE,entre 30 e 39 anos,entre 20 e 29 anos,QRDN,P2P,Pix,"1023837,52",16456
202411,PJ,PF,SUDESTE,Nao informado,Nao se aplica,entre 30 e 39 anos,QRDN,B2P,Pix,"20744,29",59
202411,PF,PF,NORDESTE,NORTE,mais de 60 anos,até 19 anos,DICT,P2P,Pix,"1369605,33",10093
202411,PF,PF,NORTE,NORDESTE,entre 30 e 39 anos,entre 20 e 29 anos,MANU,P2P,Pix,"10622548,49",78533
202411,PF,PF,CENTRO-OESTE,Nao informado,entre 20 e 29 anos,entre 50 e 59 anos,MANU,P2P,Pix,"93609,84",303
202411,PF,PF,CENTRO-OESTE,SUL,mais de 60 anos,entre 40 e 49 anos,Nao disponivel,P2P,Nao disponivel,"5159,79",23
202411,PF,PF,Nao informado,Nao informado,até 19 anos,entre 20 e 29 anos,QRES,P2P,Pix,"4847,78",150
202411,PJ,PF,SUDESTE,Nao informado,Nao se aplica,até 19 anos,QRDN,B2P,Pix,"65,88",3
202411,PF,PJ,SUDESTE,NORTE,Nao informado,Nao se aplica,MANU,P2B,Pix,200,1
202411,PJ,PF,NORTE,NORDESTE,Nao se aplica,entre 50 e 59 anos,DICT,G2P,Pix,"84664,65",30
202411,PF,PJ,SUDESTE,CENTRO-OESTE,até 19 anos,Nao se aplica,MANU,P2B,Pix,"1865042,05",3339
202411,PF,PF,NORDESTE,NORTE,mais de 60 anos,entre 20 e 29 anos,QRDN,P2P,Pix,"78975,66",1773
202411,PJ,PF,SUDESTE,SUDESTE,Nao se aplica,até 19 anos,QRES,B2P,Pix,"8430205,61",39113
202411,PF,PJ,NORDESTE,Nao informado,entre 20 e 29 anos,Nao se aplica,QRDN,P2B,Pix Saque,990,3
202411,PF,PF,Nao informado,SUL,entre 30 e 39 anos,entre 20 e 29 anos,QRDN,P2P,Pix,"11353,32",364
202411,PF,PF,NORDESTE,CENTRO-OESTE,entre 40 e 49 anos,entre 30 e 39 anos,QRES,P2P,Pix,"1874321,76",37274
202411,PF,PF,CENTRO-OESTE,CENTRO-OESTE,entre 40 e 49 anos,entre 30 e 39 anos,DICT,P2P,Pix,"1831789783,39",5316124
202411,PJ,PF,SUL,Nao informado,Nao se aplica,entre 40 e 49 anos,Nao disponivel,B2P,Nao disponivel,"55093,78",147
202411,PF,PJ,SUDESTE,SUDESTE,entre 20 e 29 anos,Nao se aplica,MANU,P2G,Pix,"716912,88",2176
202411,PF,PF,SUDESTE,SUDESTE,até 19 anos,Nao informado,QRES,P2P,Pix,"286469,14",550
202411,PF,PF,SUL,Nao informado,entre 30 e 39 anos,entre 50 e 59 anos,MANU,P2P,Pix,"270361,56",429
202411,PF,PF,SUL,NORDESTE,entre 40 e 49 anos,mais de 60 anos,QRES,P2P,Pix,"312553,97",6659
202411,PF,PF,CENTRO-OESTE,CENTRO-OESTE,entre 40 e 49 anos,mais de 60 anos,DICT,P2P,Pix,"796048751,24",1576753
202411,PF,PJ,CENTRO-OESTE,SUL,entre 40 e 49 anos,Nao se aplica,INIC,P2B,Pix,"24728,83",109
202411,PF,PF,SUL,NORDESTE,mais de 60 anos,entre 50 e 59 anos,Nao disponivel,P2P,Nao disponivel,"17722,42",23
202411,PJ,PF,SUL,SUL,Nao se aplica,entre 20 e 29 anos,Nao disponivel,G2P,Nao disponivel,"467,03",3
202411,PF,PF,Nao informado,SUL,entre 50 e 59 anos,entre 20 e 29 anos,QRDN,P2P,Pix,"2601,26",58
202411,PJ,PF,SUL,NORTE,Nao se aplica,entre 40 e 49 anos,DICT,B2P,Pix,"119496544,42",244605
202411,PF,PF,NORTE,SUDESTE,até 19 anos,até 19 anos,QRDN,P2P,Pix,"16681,3",701
202411,PF,PF,NORDESTE,NORDESTE,até 19 anos,entre 50 e 59 anos,QRDN,P2P,Pix,"9985826,23",685344
202411,PF,PF,SUDESTE,NORTE,entre 40 e 49 anos,entre 30 e 39 anos,QRES,P2P,Pix,"1171154,27",22172
202411,PF,PF,SUL,SUL,mais de 60 anos,entre 20 e 29 anos,QRDN,P2P,Pix,"1350196,4",22586
202411,PF,PF,SUL,Nao informado,entre 40 e 49 anos,entre 50 e 59 anos,DICT,P2P,Pix,"1766878,45",2264
202411,PF,PJ,CENTRO-OESTE,NORTE,entre 30 e 39 anos,Nao se aplica,QRDN,P2G,Pix,"1345362,25",2189
202411,PJ,PJ,CENTRO-OESTE,CENTRO-OESTE,Nao se aplica,Nao se aplica,DICT,B2G,Pix,"5431039,08",1507
202411,PF,PF,SUL,SUL,entre 40 e 49 anos,entre 50 e 59 anos,QRDN,P2P,Pix,"7931011,07",195801
202411,PF,PJ,CENTRO-OESTE,SUDESTE,entre 50 e 59 anos,Nao se aplica,QRES,P2B,Pix,"139047420,09",666083
202411,PF,PF,SUDESTE,NORDESTE,até 19 anos,entre 20 e 29 anos,DICT,P2P,Pix,"25417733,47",398919
202411,PF,PF,Nao informado,Nao informado,entre 40 e 49 anos,mais de 60 anos,MANU,P2P,Pix,"73509,44",178
202411,PF,PF,SUL,SUDESTE,entre 50 e 59 anos,mais de 60 anos,MANU,P2P,Pix,"8427800,87",10582
202411,PF,PF,NORDESTE,NORDESTE,entre 40 e 49 anos,entre 50 e 59 anos,QRDN,P2P,Pix,"45508980,17",1451508
202411,PF,PF,Nao informado,CENTRO-OESTE,entre 40 e 49 anos,até 19 anos,QRDN,P2P,Pix,323,13
202411,PF,PJ,SUDESTE,Nao informado,entre 20 e 29 anos,Nao se aplica,MANU,P2B,Pix,"100064,04",12
202411,PJ,PF,NORTE,SUDESTE,Nao se aplica,até 19 anos,DICT,G2P,Pix,6050,16
202411,PF,PF,NORTE,SUDESTE,mais de 60 anos,entre 40 e 49 anos,MANU,P2P,Pix,"2946638,49",5960
202411,PF,PF,Nao informado,CENTRO-OESTE,entre 50 e 59 anos,entre 40 e 49 anos,MANU,P2P,Pix,"293069,68",314
202411,PF,PF,NORTE,NORDESTE,até 19 anos,entre 50 e 59 anos,QRDN,P2P,Pix,"129332,71",7724
202411,PF,PF,CENTRO-OESTE,NORDESTE,entre 40 e 49 anos,entre 30 e 39 anos,QRDN,P2P,Pix,"1485263,33",39346
202411,PJ,PF,SUL,NORDESTE,Nao se aplica,Nao informado,DICT,B2P,Pix,"134,8",2
202411,PJ,PF,CENTRO-OESTE,NORTE,Nao se aplica,entre 40 e 49 anos,Nao disponivel,B2P,Nao disponivel,"285424,79",1135
202411,PF,PF,Nao informado,Nao informado,entre 50 e 59 anos,entre 50 e 59 anos,DICT,P2P,Pix,"19816370,07",14132
202411,PF,PF,CENTRO-OESTE,CENTRO-OESTE,entre 20 e 29 anos,entre 40 e 49 anos,Nao disponivel,P2P,Nao disponivel,"3216427,24",13939
202411,PF,PJ,SUDESTE,CENTRO-OESTE,mais de 60 anos,Nao se aplica,MANU,P2G,Pix,"23635,4",13
202411,PF,PJ,NORTE,Nao informado,entre 30 e 39 anos,Nao se aplica,QRES,P2B,Pix,"40451,49",14
202411,PF,PF,SUDESTE,CENTRO-OESTE,até 19 anos,entre 30 e 39 anos,Nao disponivel,P2P,Nao disponivel,"60708,96",608
202411,PJ,PF,SUL,SUL,Nao se aplica,mais de 60 anos,Nao disponivel,G2P,Nao disponivel,"1972,05",5
202411,PF,PJ,Nao informado,CENTRO-OESTE,até 19 anos,Nao se aplica,QRES,P2G,Pix,"105,04",1
202411,PF,PF,NORDESTE,NORDESTE,até 19 anos,entre 30 e 39 anos,QRDN,P2P,Pix,"20795931,49",1182561
202411,PF,PF,NORTE,SUL,entre 40 e 49 anos,entre 40 e 49 anos,QRDN,P2P,Pix,"264930,74",7652
202411,PF,PF,CENTRO-OESTE,Nao informado,entre 40 e 49 anos,até 19 anos,DICT,P2P,Pix,"76336,29",249
202411,PF,PF,CENTRO-OESTE,CENTRO-OESTE,entre 50 e 59 anos,entre 50 e 59 anos,DICT,P2P,Pix,"3329632387,63",5045156
202411,PF,PF,SUDESTE,SUDESTE,entre 50 e 59 anos,entre 20 e 29 anos,DICT,P2P,Pix,"3281514717,84",13417817
202411,PF,PF,SUL,CENTRO-OESTE,entre 40 e 49 anos,até 19 anos,QRES,P2P,Pix,"37995,32",763
202411,PF,PF,SUDESTE,Nao informado,mais de 60 anos,entre 40 e 49 anos,MANU,P2P,Pix,"3483240,32",1089
202411,PJ,PJ,NORDESTE,NORDESTE,Nao se aplica,Nao se aplica,QRES,B2G,Pix,"244411,68",1302
202411,PF,PF,NORTE,NORDESTE,entre 40 e 49 anos,até 19 anos,QRDN,P2P,Pix,"129874,8",3248
202411,PF,PJ,NORDESTE,NORTE,até 19 anos,Nao se aplica,DICT,P2G,Pix,"0,2",1
202411,PF,PF,CENTRO-OESTE,SUL,entre 20 e 29 anos,entre 20 e 29 anos,Nao disponivel,P2P,Nao disponivel,"147489,44",1009
202411,PF,PF,SUDESTE,Nao informado,entre 30 e 39 anos,entre 40 e 49 anos,MANU,P2P,Pix,"1939104,37",3115
202411,PF,PF,SUL,SUDESTE,até 19 anos,até 19 anos,QRDN,P2P,Pix,"28698,24",1014
202411,PF,PF,CENTRO-OESTE,SUL,até 19 anos,até 19 anos,Nao disponivel,P2P,Nao disponivel,"16382,94",696
202411,PF,PF,NORDESTE,NORDESTE,até 19 anos,mais de 60 anos,MANU,P2P,Pix,"17417949,41",341283
202411,PF,PJ,Nao informado,NORDESTE,entre 30 e 39 anos,Nao se aplica,QRDN,P2B,Pix Saque,"3654,23",19
202411,PJ,PF,NORDESTE,Nao informado,Nao se aplica,entre 40 e 49 anos,QRES,B2P,Pix,"23163,87",149
202411,PF,PJ,CENTRO-OESTE,CENTRO-OESTE,entre 20 e 29 anos,Nao se aplica,QRDN,P2B,Pix,"607673439,33",11137144
202411,PF,PF,SUL,Nao informado,mais de 60 anos,entre 20 e 29 anos,DICT,P2P,Pix,"896833,33",1615
202411,PF,PF,SUDESTE,SUL,mais de 60 anos,entre 40 e 49 anos,Nao disponivel,P2P,Nao disponivel,"108438,14",198
202411,PF,PF,CENTRO-OESTE,SUDESTE,entre 20 e 29 anos,entre 30 e 39 anos,MANU,P2P,Pix,"10510901,45",60510
202411,PF,PJ,NORDESTE,SUL,entre 40 e 49 anos,Nao se aplica,QRES,P2B,Pix Saque,"178,5",2
202411,PF,PJ,NORDESTE,SUDESTE,entre 30 e 39 anos,Nao se aplica,QRDN,P2B,Pix Saque,"1006173,44",4970
202411,PF,PF,NORDESTE,NORTE,Nao informado,entre 40 e 49 anos,MANU,P2P,Pix,25,1
202411,PF,PJ,SUDESTE,CENTRO-OESTE,mais de 60 anos,Nao se aplica,DICT,P2B,Pix,"167156926,2",73287
202411,PF,PF,CENTRO-OESTE,CENTRO-OESTE,entre 30 e 39 anos,entre 40 e 49 anos,MANU,P2P,Pix,"281540085,85",1020588
202411,PF,PJ,NORDESTE,CENTRO-OESTE,entre 40 e 49 anos,Nao se aplica,MANU,P2B,Pix,"7379353,79",22930
202411,PF,PF,Nao informado,SUL,entre 50 e 59 anos,até 19 anos,QRES,P2P,Pix,299,8
202411,PJ,PF,SUDESTE,SUDESTE,Nao se aplica,entre 50 e 59 anos,DICT,G2P,Pix,"13111523,21",12108
202411,PF,PF,Nao informado,NORTE,entre 20 e 29 anos,entre 20 e 29 anos,MANU,P2P,Pix,"595388,71",3711
202411,PF,PF,SUDESTE,CENTRO-OESTE,mais de 60 anos,entre 50 e 59 anos,DICT,P2P,Pix,"54596989,39",68704
202411,PF,PF,NORTE,NORTE,entre 50 e 59 anos,entre 30 e 39 anos,QRES,P2P,Pix,"21270848,85",426225
202411,PJ,PF,Nao informado,NORTE,Nao se aplica,entre 40 e 49 anos,MANU,B2P,Pix,"62136,88",23
202411,PJ,PJ,NORTE,Nao informado,Nao se aplica,Nao se aplica,QRES,B2B,Pix,"498,45",6
202411,PF,PJ,NORTE,NORTE,entre 40 e 49 anos,Nao se aplica,QRES,P2B,Pix Saque,"3047,5",31
202411,PF,PF,CENTRO-OESTE,CENTRO-OESTE,até 19 anos,entre 20 e 29 anos,QRES,P2P,Pix,"6377676,04",197786
202411,PF,PJ,NORTE,NORTE,entre 50 e 59 anos,Nao se aplica,QRDN,P2B,Pix Troco,"3001,39",27
202411,PF,PF,CENTRO-OESTE,SUL,entre 20 e 29 anos,entre 40 e 49 anos,DICT,P2P,Pix,"18682323,39",64241
202411,PF,PF,NORTE,CENTRO-OESTE,entre 20 e 29 anos,entre 30 e 39 anos,DICT,P2P,Pix,"55838486,29",308185
202411,PJ,PJ,CENTRO-OESTE,CENTRO-OESTE,Nao se aplica,Nao se aplica,QRDN,B2B,Pix Saque,"2144285,67",4854
202411,PF,PF,Nao informado,CENTRO-OESTE,entre 40 e 49 anos,mais de 60 anos,QRDN,P2P,Pix,"4269,48",125
202411,PF,PF,NORTE,NORTE,até 19 anos,entre 30 e 39 anos,Nao disponivel,P2P,Nao disponivel,"920456,97",10070
202411,PJ,PF,Nao informado,CENTRO-OESTE,Nao se aplica,entre 20 e 29 anos,Nao disponivel,B2P,Nao disponivel,"6076,17",6
202411,PF,PF,SUL,NORTE,mais de 60 anos,entre 50 e 59 anos,MANU,P2P,Pix,"544717,14",1256
202411,PF,PJ,NORDESTE,NORDESTE,entre 40 e 49 anos,Nao se aplica,Nao disponivel,P2G,Nao disponivel,"4739,16",6
202411,PJ,PF,SUDESTE,NORTE,Nao se aplica,até 19 anos,DICT,B2P,Pix,"77753645,83",818783
202411,PF,PF,SUL,NORTE,entre 40 e 49 anos,mais de 60 anos,QRES,P2P,Pix,"144030,18",2671
202411,PF,PF,SUL,SUL,até 19 anos,entre 30 e 39 anos,QRES,P2P,Pix,"9067616,59",263251
202411,PF,PJ,SUDESTE,CENTRO-OESTE,entre 50 e 59 anos,Nao se aplica,QRES,P2B,Pix Saque,1500,1
202411,PF,PF,NORDESTE,NORDESTE,entre 40 e 49 anos,entre 30 e 39 anos,QRDN,P2P,Pix,"81062645,8",2344072
202411,PJ,PJ,SUDESTE,SUDESTE,Nao se aplica,Nao se aplica,QRES,B2B,Pix,"4241576257,23",5734897
202411,PF,PJ,SUL,SUDESTE,entre 30 e 39 anos,Nao se aplica,DICT,P2G,Pix,"59974,61",129
202411,PF,PF,NORDESTE,Nao informado,entre 50 e 59 anos,entre 30 e 39 anos,QRES,P2P,Pix,"9984,09",314
202411,PF,PF,SUDESTE,Nao informado,até 19 anos,mais de 60 anos,DICT,P2P,Pix,"35080,04",297
202411,PF,PF,CENTRO-OESTE,SUL,entre 30 e 39 anos,entre 30 e 39 anos,Nao disponivel,P2P,Nao disponivel,"286306,19",585
202411,PF,PF,CENTRO-OESTE,SUDESTE,entre 20 e 29 anos,entre 50 e 59 anos,MANU,P2P,Pix,"5692801,82",21644
202411,PF,PF,NORDESTE,NORDESTE,entre 30 e 39 anos,Nao informado,DICT,P2P,Pix,"26910,37",234
202411,PF,PJ,NORDESTE,NORDESTE,mais de 60 anos,Nao se aplica,MANU,P2B,Pix,"245751004,6",336404
202411,PF,PF,NORDESTE,NORTE,entre 30 e 39 anos,entre 50 e 59 anos,QRDN,P2P,Pix,"989839,96",34326
202411,PF,PF,SUL,Nao informado,entre 30 e 39 anos,até 19 anos,QRES,P2P,Pix,"6902,34",13
202411,PF,PF,SUL,SUL,entre 50 e 59 anos,mais de 60 anos,INIC,P2P,Pix,30,1
202411,PF,PF,CENTRO-OESTE,CENTRO-OESTE,entre 40 e 49 anos,mais de 60 anos,MANU,P2P,Pix,"208668780,78",343220
202411,PJ,PF,NORTE,Nao informado,Nao se aplica,entre 40 e 49 anos,DICT,G2P,Pix,230,1
202411,PF,PF,CENTRO-OESTE,SUL,entre 20 e 29 anos,mais de 60 anos,DICT,P2P,Pix,"6901842,25",19518
202411,PF,PF,SUL,NORDESTE,entre 50 e 59 anos,até 19 anos,Nao disponivel,P2P,Nao disponivel,"4535,45",236
202411,PF,PF,NORDESTE,SUL,até 19 anos,entre 50 e 59 anos,QRDN,P2P,Pix,"61819,87",2932
202411,PJ,PF,NORTE,Nao informado,Nao se aplica,entre 20 e 29 anos,Nao disponivel,B2P,Nao disponivel,"491,32",11
202411,PF,PF,SUDESTE,Nao informado,entre 50 e 59 anos,entre 40 e 49 anos,QRES,P2P,Pix,"89543,24",386
202411,PF,PF,CENTRO-OESTE,Nao informado,entre 20 e 29 anos,entre 30 e 39 anos,Nao disponivel,P2P,Nao disponivel,47808,11
202411,PJ,PF,NORTE,NORTE,Nao se aplica,entre 20 e 29 anos,QRES,B2P,Pix,"17038652,73",83826
202411,PF,PJ,CENTRO-OESTE,SUDESTE,entre 40 e 49 anos,Nao se aplica,QRES,P2B,Pix,"272594647,74",1320051
202411,PF,PF,NORTE,NORDESTE,mais de 60 anos,até 19 anos,DICT,P2P,Pix,"1596056,1",9952
202411,PF,PJ,Nao informado,SUDESTE,mais de 60 anos,Nao se aplica,QRDN,P2B,Pix Saque,"2266,94",16
202411,PF,PF,NORTE,NORTE,até 19 anos,entre 50 e 59 anos,DICT,P2P,Pix,"49578910,46",687033
202411,PF,PF,SUDESTE,SUDESTE,até 19 anos,entre 20 e 29 anos,MANU,P2P,Pix,"120488062,95",1627475
202411,PF,PF,SUL,Nao informado,até 19 anos,entre 20 e 29 anos,Nao disponivel,P2P,Nao disponivel,580,5
202411,PF,PF,Nao informado,Nao informado,até 19 anos,até 19 anos,QRES,P2P,Pix,"17903,57",203
202411,PF,PF,CENTRO-OESTE,SUL,entre 20 e 29 anos,entre 20 e 29 anos,DICT,P2P,Pix,"24941374,16",133206
202411,PF,PF,SUDESTE,SUDESTE,mais de 60 anos,entre 50 e 59 anos,QRES,P2P,Pix,"33763813,91",359463
202411,PF,PF,SUL,CENTRO-OESTE,mais de 60 anos,entre 20 e 29 anos,MANU,P2P,Pix,"2255306,54",1721
202411,PF,PJ,NORDESTE,NORTE,entre 30 e 39 anos,Nao se aplica,DICT,P2B,Pix,"84706406,41",98134
202411,PF,PF,NORTE,Nao informado,entre 20 e 29 anos,até 19 anos,Nao disponivel,P2P,Nao disponivel,"0,1",1
202411,PF,PF,NORDESTE,CENTRO-OESTE,até 19 anos,até 19 anos,Nao disponivel,P2P,Nao disponivel,"40802,62",2253
202411,PF,PF,NORTE,Nao informado,entre 30 e 39 anos,mais de 60 anos,DICT,P2P,Pix,"198936,43",954
202411,PJ,PF,Nao informado,NORTE,Nao se aplica,mais de 60 anos,DICT,B2P,Pix,114415,59
202411,PF,PJ,Nao informado,CENTRO-OESTE,entre 30 e 39 anos,Nao se aplica,MANU,P2B,Pix,"338081,08",508
202411,PF,PJ,NORDESTE,SUDESTE,mais de 60 anos,Nao se aplica,MANU,P2B,Pix,"50905557,21",18559
202411,PF,PF,SUL,CENTRO-OESTE,entre 20 e 29 anos,entre 30 e 39 anos,Nao disponivel,P2P,Nao disponivel,"122354,46",474
202411,PJ,PF,CENTRO-OESTE,SUL,Nao se aplica,entre 40 e 49 anos,DICT,G2P,Pix,"8887159,58",3421
202411,PJ,PF,Nao informado,Nao informado,Nao se aplica,até 19 anos,MANU,G2P,Pix,5000,8
202411,PF,PF,NORDESTE,SUL,entre 50 e 59 anos,mais de 60 anos,MANU,P2P,Pix,"2499663,35",2346
202411,PF,PF,SUL,CENTRO-OESTE,entre 20 e 29 anos,mais de 60 anos,DICT,P2P,Pix,"4601264,54",14163
202411,PF,PF,Nao informado,NORDESTE,entre 50 e 59 anos,entre 20 e 29 anos,MANU,P2P,Pix,"186537,98",568
202411,PJ,PF,CENTRO-OESTE,NORDESTE,Nao se aplica,entre 20 e 29 anos,DICT,B2P,Pix,"217253704,49",424392
202411,PF,PJ,SUL,SUDESTE,mais de 60 anos,Nao se aplica,QRDN,P2B,Pix Saque,"65041,27",386
202411,PF,PF,CENTRO-OESTE,CENTRO-OESTE,Nao informado,entre 40 e 49 anos,DICT,P2P,Pix,"2175,2",9
202411,PF,PF,CENTRO-OESTE,CENTRO-OESTE,entre 50 e 59 anos,entre 30 e 39 anos,Nao disponivel,P2P,Nao disponivel,"1399242,86",3932
202411,PF,PJ,CENTRO-OESTE,SUL,entre 30 e 39 anos,Nao se aplica,Nao disponivel,P2B,Nao disponivel,"272021,8",226
202411,PF,PF,SUL,NORTE,entre 30 e 39 anos,entre 50 e 59 anos,Nao disponivel,P2P,Nao disponivel,"46964,21",151
202411,PF,PF,SUDESTE,SUL,mais de 60 anos,mais de 60 anos,Nao disponivel,P2P,Nao disponivel,"57491,07",92
202411,PF,PF,SUDESTE,Nao informado,entre 30 e 39 anos,entre 40 e 49 anos,QRDN,P2P,Pix,"45040,83",1595
202411,PF,PJ,Nao informado,NORTE,entre 20 e 29 anos,Nao se aplica,QRES,P2B,Pix,"172122,44",1271
202411,PF,PF,SUL,NORDESTE,entre 30 e 39 anos,até 19 anos,QRES,P2P,Pix,"134420,52",2943
202411,PF,PF,NORTE,NORTE,mais de 60 anos,entre 30 e 39 anos,MANU,P2P,Pix,"69016401,29",367883
202411,PF,PJ,CENTRO-OESTE,Nao informado,mais de 60 anos,Nao se aplica,QRDN,P2B,Pix,"41559,29",193
202411,PF,PF,Nao informado,SUDESTE,entre 50 e 59 anos,Nao informado,QRES,P2P,Pix,"305,77",1
202411,PJ,PF,SUL,SUL,Nao se aplica,entre 40 e 49 anos,QRDN,G2P,Pix,"283,1",2
202411,PF,PJ,NORDESTE,NORTE,entre 30 e 39 anos,Nao se aplica,DICT,P2G,Pix,"3508,46",16
202411,PF,PF,CENTRO-OESTE,CENTRO-OESTE,Nao informado,entre 50 e 59 anos,DICT,P2P,Pix,1803,4
202411,PF,PF,SUDESTE,NORTE,mais de 60 anos,até 19 anos,Nao disponivel,P2P,Nao disponivel,"2114,44",175
202411,PF,PF,Nao informado,NORTE,Nao informado,até 19 anos,MANU,P2P,Pix,"105,2",7
202411,PF,PJ,NORDESTE,NORDESTE,entre 50 e 59 anos,Nao se aplica,MANU,P2G,Pix,"116143,94",260
202411,PF,PJ,SUDESTE,NORTE,entre 20 e 29 anos,Nao se aplica,DICT,P2G,Pix,"1160,46",5
202411,PF,PF,Nao informado,NORDESTE,entre 30 e 39 anos,entre 30 e 39 anos,DICT,P2P,Pix,"5056237,65",14123
202411,PF,PJ,CENTRO-OESTE,Nao informado,entre 40 e 49 anos,Nao se aplica,MANU,P2B,Pix,"297101,73",5
202411,PF,PF,NORDESTE,NORDESTE,entre 50 e 59 anos,entre 30 e 39 anos,QRES,P2P,Pix,"69925957,38",1201431
202411,PF,PF,NORTE,Nao informado,entre 30 e 39 anos,entre 40 e 49 anos,Nao disponivel,P2P,Nao disponivel,"36088,25",25
202411,PF,PJ,CENTRO-OESTE,NORDESTE,até 19 anos,Nao se aplica,QRDN,P2B,Pix Saque,"11179,2",62
202411,PF,PF,SUL,Nao informado,mais de 60 anos,entre 30 e 39 anos,DICT,P2P,Pix,"2656428,89",2674
202411,PF,PF,CENTRO-OESTE,SUL,entre 40 e 49 anos,entre 20 e 29 anos,Nao disponivel,P2P,Nao disponivel,"45695,54",146
202411,PF,PF,SUDESTE,SUDESTE,entre 40 e 49 anos,entre 30 e 39 anos,INIC,P2P,Pix,"417,8",4
202411,PJ,PF,SUDESTE,CENTRO-OESTE,Nao se aplica,entre 40 e 49 anos,QRDN,B2P,Pix,"272438,28",3326
202411,PF,PF,Nao informado,SUL,entre 50 e 59 anos,entre 30 e 39 anos,DICT,P2P,Pix,"1736155,86",2610
202411,PJ,PF,CENTRO-OESTE,NORDESTE,Nao se aplica,entre 40 e 49 anos,MANU,G2P,Pix,"7798369,69",4632
202411,PF,PF,CENTRO-OESTE,CENTRO-OESTE,Nao informado,entre 50 e 59 anos,QRDN,P2P,Pix,25,1
202411,PJ,PF,Nao informado,CENTRO-OESTE,Nao se aplica,até 19 anos,Nao disponivel,B2P,Nao disponivel,"225,55",7
202411,PJ,PF,NORDESTE,Nao informado,Nao se aplica,entre 40 e 49 anos,MANU,G2P,Pix,"4411,36",2
202411,PF,PF,NORDESTE,NORTE,entre 20 e 29 anos,entre 30 e 39 anos,QRES,P2P,Pix,"2748017,5",74513
202411,PF,PJ,SUL,SUL,entre 40 e 49 anos,Nao se aplica,MANU,P2B,Pix Saque,4170,32
202411,PF,PF,NORTE,Nao informado,entre 30 e 39 anos,entre 20 e 29 anos,DICT,P2P,Pix,"2411909,51",14338
202411,PF,PF,NORTE,CENTRO-OESTE,entre 40 e 49 anos,entre 40 e 49 anos,QRES,P2P,Pix,"1906103,66",29396
202411,PF,PF,Nao informado,SUDESTE,entre 30 e 39 anos,até 19 anos,QRDN,P2P,Pix,"2473,76",63
202411,PF,PF,SUDESTE,CENTRO-OESTE,entre 50 e 59 anos,entre 30 e 39 anos,QRES,P2P,Pix,"1068911,33",12920
202411,PF,PF,SUDESTE,SUDESTE,mais de 60 anos,Nao informado,DICT,P2P,Pix,8890,3
202411,PF,PF,SUDESTE,SUDESTE,entre 40 e 49 anos,entre 50 e 59 anos,INIC,P2P,Pix,260,2
202411,PF,PJ,SUL,CENTRO-OESTE,entre 40 e 49 anos,Nao se aplica,QRES,P2B,Pix,"13566450,06",57316
202411,PF,PF,CENTRO-OESTE,NORTE,entre 40 e 49 anos,entre 20 e 29 anos,DICT,P2P,Pix,"51584211,66",196079
202411,PF,PF,SUL,SUDESTE,mais de 60 anos,mais de 60 anos,QRDN,P2P,Pix,"95822,01",1187
202411,PF,PF,CENTRO-OESTE,NORDESTE,entre 40 e 49 anos,entre 50 e 59 anos,Nao disponivel,P2P,Nao disponivel,"64705,33",218
202411,PF,PF,NORTE,NORTE,entre 40 e 49 anos,entre 20 e 29 anos,QRDN,P2P,Pix,"17192428,94",549373
202411,PF,PJ,Nao informado,NORDESTE,mais de 60 anos,Nao se aplica,QRES,P2G,Pix,"69,6",2
202411,PF,PF,NORDESTE,CENTRO-OESTE,entre 50 e 59 anos,entre 40 e 49 anos,QRDN,P2P,Pix,"427576,33",11082
202411,PF,PF,NORTE,NORTE,entre 30 e 39 anos,até 19 anos,QRDN,P2P,Pix,"1894915,23",69007
202411,PJ,PF,NORDESTE,NORDESTE,Nao se aplica,entre 50 e 59 anos,QRES,G2P,Pix,"512,9",8
202411,PF,PF,NORDESTE,CENTRO-OESTE,entre 40 e 49 anos,mais de 60 anos,MANU,P2P,Pix,4992081,13521
202411,PF,PF,SUDESTE,NORTE,mais de 60 anos,entre 40 e 49 anos,QRES,P2P,Pix,"276416,8",4273
202411,PF,PF,SUDESTE,Nao informado,até 19 anos,Nao informado,MANU,P2P,Pix,"1232,29",24
202411,PF,PJ,SUDESTE,SUL,até 19 anos,Nao se aplica,DICT,P2B,Pix,"12883307,29",38387
202411,PF,PF,Nao informado,NORTE,Nao informado,mais de 60 anos,DICT,P2P,Pix,683,11
202411,PF,PF,SUL,CENTRO-OESTE,entre 50 e 59 anos,até 19 anos,DICT,P2P,Pix,"1920035,6",8810
202411,PF,PF,Nao informado,NORDESTE,entre 50 e 59 anos,mais de 60 anos,QRDN,P2P,Pix,"6802,08",144
202411,PF,PF,SUL,NORDESTE,até 19 anos,até 19 anos,MANU,P2P,Pix,"260097,5",7161
202411,PF,PF,NORDESTE,NORDESTE,entre 20 e 29 anos,entre 30 e 39 anos,MANU,P2P,Pix,"767968503,41",6436879
202411,PF,PJ,SUDESTE,NORDESTE,entre 40 e 49 anos,Nao se aplica,MANU,P2B,Pix,"36368363,51",85742
202411,PF,PJ,Nao informado,Nao informado,entre 20 e 29 anos,Nao se aplica,QRDN,P2G,Pix,"142,84",3
202411,PF,PJ,Nao informado,SUDESTE,Nao informado,Nao se aplica,QRDN,P2B,Pix,"28450,11",734
202411,PF,PJ,CENTRO-OESTE,SUDESTE,entre 20 e 29 anos,Nao se aplica,QRDN,P2B,Pix Troco,"43,18",1
202411,PJ,PF,NORDESTE,CENTRO-OESTE,Nao se aplica,entre 40 e 49 anos,Nao disponivel,B2P,Nao disponivel,"439246,89",6011
202411,PF,PF,NORDESTE,Nao informado,entre 30 e 39 anos,até 19 anos,QRES,P2P,Pix,"1968,1",57
202411,PF,PF,Nao informado,Nao informado,entre 20 e 29 anos,até 19 anos,QRDN,P2P,Pix,44,2
202411,PF,PF,SUDESTE,SUDESTE,entre 30 e 39 anos,até 19 anos,MANU,P2P,Pix,"165945344,09",1947526
202411,PF,PF,SUDESTE,NORDESTE,entre 20 e 29 anos,entre 30 e 39 anos,INIC,P2P,Pix,"313,93",2
202411,PF,PF,NORDESTE,NORDESTE,Nao informado,entre 50 e 59 anos,QRES,P2P,Pix,"1840,5",20
202411,PF,PJ,NORTE,SUL,entre 50 e 59 anos,Nao se aplica,QRDN,P2B,Pix Saque,"749537,12",2603
202411,PF,PJ,SUDESTE,NORTE,entre 50 e 59 anos,Nao se aplica,Nao disponivel,P2B,Nao disponivel,"190402,25",60
202411,PF,PF,Nao informado,SUL,entre 20 e 29 anos,entre 40 e 49 anos,QRES,P2P,Pix,"44453,84",1177
202411,PF,PF,SUDESTE,NORTE,até 19 anos,entre 40 e 49 anos,MANU,P2P,Pix,"342615,06",4393
202411,PF,PF,SUDESTE,Nao informado,até 19 anos,mais de 60 anos,MANU,P2P,Pix,"69395,52",84
202411,PF,PF,SUL,SUDESTE,entre 50 e 59 anos,entre 20 e 29 anos,DICT,P2P,Pix,"37884583,93",133151
202411,PF,PF,SUL,SUDESTE,até 19 anos,entre 40 e 49 anos,DICT,P2P,Pix,"6914868,6",58992
202411,PF,PF,Nao informado,Nao informado,entre 20 e 29 anos,entre 20 e 29 anos,MANU,P2P,Pix,"12823517,71",33147
202411,PJ,PF,NORTE,CENTRO-OESTE,Nao se aplica,entre 50 e 59 anos,Nao disponivel,B2P,Nao disponivel,"37705,88",172
202411,PF,PF,CENTRO-OESTE,NORTE,entre 40 e 49 anos,entre 50 e 59 anos,Nao disponivel,P2P,Nao disponivel,"30636,32",123
202411,PF,PF,SUDESTE,CENTRO-OESTE,entre 20 e 29 anos,entre 30 e 39 anos,QRES,P2P,Pix,"2275038,2",49354
202411,PF,PF,SUL,SUL,entre 50 e 59 anos,entre 50 e 59 anos,QRDN,P2P,Pix,"5060745,34",84490
202411,PJ,PJ,SUDESTE,SUL,Nao se aplica,Nao se aplica,MANU,B2G,Pix,"7431380,77",419
202411,PJ,PF,CENTRO-OESTE,SUL,Nao se aplica,entre 30 e 39 anos,MANU,G2P,Pix,"4759729,11",4792
202411,PJ,PF,Nao informado,NORDESTE,Nao se aplica,entre 20 e 29 anos,QRDN,B2P,Pix,"5479,06",46
202411,PF,PF,SUL,CENTRO-OESTE,entre 20 e 29 anos,entre 50 e 59 anos,DICT,P2P,Pix,"9484594,15",30773
202411,PF,PF,NORTE,NORDESTE,mais de 60 anos,mais de 60 anos,QRES,P2P,Pix,"300321,67",3604
202411,PF,PJ,NORDESTE,NORDESTE,até 19 anos,Nao se aplica,QRDN,P2G,Pix,"2421440,83",12280
202411,PF,PJ,NORDESTE,NORTE,entre 40 e 49 anos,Nao se aplica,QRDN,P2B,Pix,"54020735,23",1293346
202411,PF,PF,NORDESTE,CENTRO-OESTE,mais de 60 anos,até 19 anos,MANU,P2P,Pix,"187323,06",1861
202411,PF,PF,NORTE,NORDESTE,mais de 60 anos,entre 20 e 29 anos,QRDN,P2P,Pix,"204254,77",3881
202411,PF,PJ,CENTRO-OESTE,SUL,entre 30 e 39 anos,Nao se aplica,MANU,P2B,Pix,"16148815,72",14196
202411,PF,PF,SUDESTE,NORDESTE,entre 30 e 39 anos,entre 20 e 29 anos,MANU,P2P,Pix,"51913101,89",360694
202411,PF,PF,NORDESTE,SUDESTE,entre 40 e 49 anos,até 19 anos,DICT,P2P,Pix,"23042029,11",228094
202411,PF,PF,NORDESTE,SUL,entre 50 e 59 anos,entre 50 e 59 anos,MANU,P2P,Pix,"1678411,1",4492
202411,PF,PF,Nao informado,Nao informado,entre 40 e 49 anos,entre 50 e 59 anos,Nao disponivel,P2P,Nao disponivel,500,1
202411,PF,PF,NORDESTE,NORDESTE,entre 20 e 29 anos,até 19 anos,Nao disponivel,P2P,Nao disponivel,"1919050,66",33772
202411,PJ,PJ,NORTE,NORDESTE,Nao se aplica,Nao se aplica,MANU,B2B,Pix,"202609417,27",8650
202411,PF,PJ,NORDESTE,NORDESTE,entre 50 e 59 anos,Nao se aplica,QRES,P2G,Pix,"253232,32",2654
202411,PF,PF,SUL,CENTRO-OESTE,entre 20 e 29 anos,entre 50 e 59 anos,Nao disponivel,P2P,Nao disponivel,"36388,75",136
202411,PF,PJ,SUDESTE,NORDESTE,entre 50 e 59 anos,Nao se aplica,MANU,P2G,Pix,"38818,11",10
202411,PF,PF,CENTRO-OESTE,NORTE,entre 30 e 39 anos,até 19 anos,QRES,P2P,Pix,"105510,05",2747
202411,PF,PJ,SUL,SUDESTE,até 19 anos,Nao se aplica,DICT,P2B,Pix,"17228129,34",38955
202411,PF,PF,SUL,Nao informado,entre 30 e 39 anos,entre 50 e 59 anos,DICT,P2P,Pix,"1708822,05",2434
202411,PF,PF,NORDESTE,NORTE,entre 30 e 39 anos,entre 40 e 49 anos,DICT,P2P,Pix,"66177274,96",277274
202411,PF,PF,NORDESTE,SUDESTE,entre 50 e 59 anos,até 19 anos,QRDN,P2P,Pix,"109997,94",1931
202411,PF,PJ,NORTE,CENTRO-OESTE,entre 50 e 59 anos,Nao se aplica,QRDN,P2B,Pix Troco,237,1
202411,PF,PF,NORTE,SUL,entre 40 e 49 anos,até 19 anos,Nao disponivel,P2P,Nao disponivel,"2888,95",135
202411,PF,PF,CENTRO-OESTE,CENTRO-OESTE,entre 20 e 29 anos,até 19 anos,DICT,P2P,Pix,"133264739,49",1308962
202411,PF,PF,SUL,Nao informado,até 19 anos,entre 50 e 59 anos,MANU,P2P,Pix,"22078,49",105
202411,PF,PF,SUL,NORTE,entre 30 e 39 anos,entre 40 e 49 anos,QRES,P2P,Pix,"559903,54",13697
202411,PJ,PJ,SUL,NORTE,Nao se aplica,Nao se aplica,MANU,G2B,Pix,"5329629,45",10
202411,PF,PF,NORDESTE,Nao informado,entre 40 e 49 anos,entre 50 e 59 anos,MANU,P2P,Pix,"199585,92",630
202411,PJ,PF,SUDESTE,SUL,Nao se aplica,até 19 anos,DICT,G2P,Pix,"3457,37",8
202411,PF,PF,CENTRO-OESTE,NORDESTE,mais de 60 anos,entre 40 e 49 anos,DICT,P2P,Pix,"33381791,59",82448
202411,PF,PF,Nao informado,SUDESTE,entre 30 e 39 anos,entre 50 e 59 anos,QRDN,P2P,Pix,"34549,91",1030
202411,PF,PF,NORTE,SUL,entre 50 e 59 anos,até 19 anos,QRES,P2P,Pix,"18020,04",369
202411,PF,PF,Nao informado,NORTE,entre 40 e 49 anos,entre 50 e 59 anos,QRDN,P2P,Pix,"7973,57",308
202411,PF,PF,CENTRO-OESTE,NORDESTE,entre 40 e 49 anos,até 19 anos,DICT,P2P,Pix,"9038843,68",80153
202411,PF,PF,Nao informado,SUL,mais de 60 anos,entre 30 e 39 anos,DICT,P2P,Pix,"1513076,41",1524
202411,PF,PJ,Nao informado,SUL,entre 20 e 29 anos,Nao se aplica,QRDN,P2B,Pix Saque,"38833,36",136
202411,PJ,PF,SUDESTE,NORTE,Nao se aplica,entre 50 e 59 anos,MANU,B2P,Pix,"267156612,92",280473
202411,PF,PF,SUL,NORTE,até 19 anos,até 19 anos,QRDN,P2P,Pix,"9467,26",249
202411,PF,PF,Nao informado,Nao informado,entre 30 e 39 anos,entre 20 e 29 anos,QRDN,P2P,Pix,"2510,19",76
202411,PF,PF,CENTRO-OESTE,SUL,entre 40 e 49 anos,entre 50 e 59 anos,QRES,P2P,Pix,"325495,31",4936
202411,PF,PF,NORDESTE,SUDESTE,entre 40 e 49 anos,entre 30 e 39 anos,DICT,P2P,Pix,"256672812,2",1113210
202411,PF,PF,CENTRO-OESTE,NORDESTE,entre 40 e 49 anos,entre 30 e 39 anos,Nao disponivel,P2P,Nao disponivel,"193241,93",927
202411,PF,PF,NORDESTE,NORDESTE,mais de 60 anos,entre 40 e 49 anos,DICT,P2P,Pix,"1899464586,55",5532559
202411,PJ,PF,SUL,SUL,Nao se aplica,mais de 60 anos,Nao disponivel,B2P,Nao disponivel,"8310041,17",15216
202411,PF,PF,NORTE,NORDESTE,entre 40 e 49 anos,Nao informado,QRES,P2P,Pix,73,10
202411,PF,PJ,CENTRO-OESTE,Nao informado,entre 20 e 29 anos,Nao se aplica,MANU,P2B,Pix,"2924,08",3
202411,PF,PF,NORDESTE,SUDESTE,entre 20 e 29 anos,entre 20 e 29 anos,Nao disponivel,P2P,Nao disponivel,"1730431,01",11629
202411,PF,PF,NORTE,SUL,entre 50 e 59 anos,entre 40 e 49 anos,DICT,P2P,Pix,"13574419,01",38257
202411,PF,PF,CENTRO-OESTE,NORDESTE,entre 50 e 59 anos,entre 40 e 49 anos,QRES,P2P,Pix,"1044119,47",19504
202411,PF,PJ,NORTE,CENTRO-OESTE,entre 40 e 49 anos,Nao se aplica,QRES,P2B,Pix Saque,"308,21",4
202411,PF,PF,SUDESTE,Nao informado,até 19 anos,entre 50 e 59 anos,QRES,P2P,Pix,"19233,67",147
202411,PF,PF,NORDESTE,SUDESTE,mais de 60 anos,entre 40 e 49 anos,QRES,P2P,Pix,"1687367,12",20072
202411,PF,PJ,Nao informado,SUDESTE,entre 40 e 49 anos,Nao se aplica,QRDN,P2B,Pix Saque,"3567,63",22
202411,PF,PJ,NORTE,SUDESTE,entre 20 e 29 anos,Nao se aplica,QRDN,P2G,Pix,"225041,41",1088
202411,PF,PF,NORDESTE,CENTRO-OESTE,entre 50 e 59 anos,entre 30 e 39 anos,Nao disponivel,P2P,Nao disponivel,"30014,89",207
202411,PJ,PJ,SUDESTE,SUL,Nao se aplica,Nao se aplica,DICT,B2G,Pix,"990722,33",128
202411,PF,PF,SUL,SUL,mais de 60 anos,entre 20 e 29 anos,QRES,P2P,Pix,"6828749,77",45953
202411,PJ,PJ,SUDESTE,CENTRO-OESTE,Nao se aplica,Nao se aplica,QRDN,B2G,Pix,"2883656875,14",1420915
202411,PF,PJ,NORDESTE,NORDESTE,entre 50 e 59 anos,Nao se aplica,MANU,P2B,Pix Saque,4250,22
202411,PF,PF,SUL,NORDESTE,entre 20 e 29 anos,entre 20 e 29 anos,QRDN,P2P,Pix,"505699,26",17674
202411,PF,PF,SUL,SUL,entre 20 e 29 anos,até 19 anos,QRES,P2P,Pix,"3690002,7",80732
202411,PF,PF,NORDESTE,SUDESTE,mais de 60 anos,entre 40 e 49 anos,Nao disponivel,P2P,Nao disponivel,"67641,77",334
202411,PF,PF,Nao informado,Nao informado,entre 30 e 39 anos,até 19 anos,QRDN,P2P,Pix,62,3
202411,PF,PF,NORTE,SUL,entre 30 e 39 anos,entre 20 e 29 anos,QRDN,P2P,Pix,"398486,93",12915
202411,PJ,PF,NORDESTE,Nao informado,Nao se aplica,entre 40 e 49 anos,QRDN,B2P,Pix,"5021,99",59
202411,PF,PF,SUL,SUDESTE,entre 40 e 49 anos,entre 30 e 39 anos,DICT,P2P,Pix,"109322127,51",358089
202411,PJ,PF,SUDESTE,SUL,Nao se aplica,entre 40 e 49 anos,Nao disponivel,G2P,Nao disponivel,"955,23",7
202411,PF,PJ,Nao informado,CENTRO-OESTE,entre 30 e 39 anos,Nao se aplica,QRDN,P2B,Pix Saque,11489,22
202411,PF,PJ,SUDESTE,SUL,entre 30 e 39 anos,Nao se aplica,QRES,P2B,Pix Saque,"248,45",3
202411,PJ,PF,Nao informado,NORDESTE,Nao se aplica,até 19 anos,MANU,B2P,Pix,"41154,54",30
202411,PF,PJ,NORDESTE,NORTE,entre 50 e 59 anos,Nao se aplica,QRES,P2B,Pix,"4119156,57",25244
202411,PF,PF,SUL,NORDESTE,até 19 anos,até 19 anos,QRDN,P2P,Pix,"9252,87",451
202411,PF,PF,SUDESTE,NORDESTE,entre 20 e 29 anos,até 19 anos,Nao disponivel,P2P,Nao disponivel,"220247,85",5094
202411,PF,PF,NORTE,SUL,entre 50 e 59 anos,até 19 anos,DICT,P2P,Pix,"1150244,42",8309
202411,PF,PF,NORDESTE,SUDESTE,até 19 anos,entre 30 e 39 anos,DICT,P2P,Pix,"25246518,64",301522
202411,PF,PF,CENTRO-OESTE,SUL,entre 50 e 59 anos,entre 20 e 29 anos,QRDN,P2P,Pix,75621,1298
202411,PF,PJ,Nao informado,NORTE,entre 40 e 49 anos,Nao se aplica,Nao disponivel,P2B,Nao disponivel,"1422,55",3
202411,PF,PF,NORDESTE,CENTRO-OESTE,entre 40 e 49 anos,mais de 60 anos,QRES,P2P,Pix,"509894,23",12135
202411,PF,PJ,Nao informado,SUDESTE,entre 30 e 39 anos,Nao se aplica,QRES,P2B,Pix,"4643662,09",17228
202411,PF,PJ,CENTRO-OESTE,CENTRO-OESTE,entre 50 e 59 anos,Nao se aplica,DICT,P2B,Pix,"1717795479,73",1967748
202411,PF,PF,SUDESTE,Nao informado,entre 20 e 29 anos,mais de 60 anos,QRDN,P2P,Pix,"2258,28",92
202411,PF,PF,CENTRO-OESTE,SUL,entre 50 e 59 anos,entre 30 e 39 anos,MANU,P2P,Pix,"3196846,61",7607
202411,PF,PF,SUDESTE,CENTRO-OESTE,entre 50 e 59 anos,entre 20 e 29 anos,MANU,P2P,Pix,"4286471,52",17849
202411,PF,PF,NORDESTE,Nao informado,entre 20 e 29 anos,mais de 60 anos,Nao disponivel,P2P,Nao disponivel,1575,5
202411,PF,PF,NORDESTE,SUL,entre 30 e 39 anos,até 19 anos,MANU,P2P,Pix,"619225,94",7284
202411,PF,PF,CENTRO-OESTE,CENTRO-OESTE,até 19 anos,entre 20 e 29 anos,MANU,P2P,Pix,"25659400,71",319409
202411,PJ,PF,SUDESTE,Nao informado,Nao se aplica,entre 30 e 39 anos,MANU,B2P,Pix,"92436092,29",28089
202411,PJ,PF,SUDESTE,SUL,Nao se aplica,mais de 60 anos,QRES,B2P,Pix,"537610,73",1908
202411,PF,PF,SUDESTE,SUDESTE,entre 50 e 59 anos,até 19 anos,QRDN,P2P,Pix,"1511402,4",42326
202411,PF,PJ,Nao informado,SUL,entre 40 e 49 anos,Nao se aplica,DICT,P2B,Pix,"10942434,15",6500
202411,PF,PF,SUDESTE,SUDESTE,Nao informado,entre 40 e 49 anos,DICT,P2P,Pix,"1646,49",8
202411,PF,PF,NORDESTE,NORDESTE,entre 40 e 49 anos,entre 30 e 39 anos,Nao disponivel,P2P,Nao disponivel,"7742542,61",35329
202411,PF,PJ,Nao informado,NORTE,até 19 anos,Nao se aplica,QRES,P2B,Pix,"11009,06",140
202411,PF,PJ,SUL,CENTRO-OESTE,entre 20 e 29 anos,Nao se aplica,QRES,P2B,Pix Saque,220,2
202411,PJ,PF,SUL,SUDESTE,Nao se aplica,entre 20 e 29 anos,Nao disponivel,B2P,Nao disponivel,"22781021,48",96734
202411,PJ,PF,SUL,CENTRO-OESTE,Nao se aplica,mais de 60 anos,DICT,G2P,Pix,"4564,61",68
202411,PJ,PF,SUL,Nao informado,Nao se aplica,mais de 60 anos,DICT,B2P,Pix,"3997371,35",1401
202411,PF,PF,SUDESTE,SUDESTE,entre 50 e 59 anos,entre 30 e 39 anos,DICT,P2P,Pix,"4112568412,04",14720092
202411,PF,PF,Nao informado,NORTE,entre 20 e 29 anos,entre 50 e 59 anos,DICT,P2P,Pix,"610516,67",2347
202411,PF,PF,NORTE,SUL,entre 40 e 49 anos,entre 20 e 29 anos,DICT,P2P,Pix,"14707417,42",91650
202411,PJ,PF,SUL,NORTE,Nao se aplica,até 19 anos,Nao disponivel,B2P,Nao disponivel,"729675,42",9435
202411,PF,PF,NORDESTE,SUDESTE,entre 30 e 39 anos,até 19 anos,QRDN,P2P,Pix,"460779,11",13584
202411,PF,PF,SUDESTE,SUDESTE,entre 40 e 49 anos,entre 40 e 49 anos,MANU,P2P,Pix,"10427247718,09",22479049
202411,PF,PF,NORTE,Nao informado,entre 40 e 49 anos,entre 40 e 49 anos,Nao disponivel,P2P,Nao disponivel,"5777,03",14
202411,PF,PF,SUDESTE,NORTE,entre 20 e 29 anos,entre 20 e 29 anos,MANU,P2P,Pix,"8757176,51",62845
202411,PF,PF,SUL,NORTE,entre 30 e 39 anos,entre 50 e 59 anos,DICT,P2P,Pix,"13763600,65",44722
202411,PF,PF,Nao informado,CENTRO-OESTE,entre 30 e 39 anos,mais de 60 anos,MANU,P2P,Pix,"397263,18",353
202411,PJ,PJ,NORDESTE,SUL,Nao se aplica,Nao se aplica,Nao disponivel,G2B,Nao disponivel,"478,02",1
202411,PJ,PF,CENTRO-OESTE,SUDESTE,Nao se aplica,entre 30 e 39 anos,MANU,B2P,Pix,"77940452,62",27060
202411,PF,PF,Nao informado,SUDESTE,entre 40 e 49 anos,entre 50 e 59 anos,Nao disponivel,P2P,Nao disponivel,"3621,13",15
202411,PF,PF,SUDESTE,SUL,até 19 anos,até 19 anos,Nao disponivel,P2P,Nao disponivel,"80301,67",3567
202411,PF,PF,NORDESTE,Nao informado,entre 50 e 59 anos,entre 40 e 49 anos,DICT,P2P,Pix,"1522663,94",4851
202411,PF,PF,NORTE,NORDESTE,até 19 anos,mais de 60 anos,QRDN,P2P,Pix,"69970,41",3436
202411,PF,PJ,SUL,CENTRO-OESTE,entre 40 e 49 anos,Nao se aplica,MANU,P2G,Pix,"25260,36",8
202411,PF,PF,SUDESTE,NORDESTE,mais de 60 anos,até 19 anos,Nao disponivel,P2P,Nao disponivel,"13879,67",501
202411,PF,PJ,Nao informado,SUL,até 19 anos,Nao se aplica,QRDN,P2B,Pix,"156743,62",3932
202411,PF,PF,CENTRO-OESTE,NORDESTE,entre 50 e 59 anos,entre 50 e 59 anos,Nao disponivel,P2P,Nao disponivel,"44241,65",107
202411,PF,PF,NORTE,NORDESTE,entre 30 e 39 anos,entre 40 e 49 anos,MANU,P2P,Pix,"9457271,81",57773
202411,PF,PF,NORDESTE,CENTRO-OESTE,mais de 60 anos,entre 20 e 29 anos,MANU,P2P,Pix,"913942,28",5873
202411,PJ,PJ,Nao informado,NORTE,Nao se aplica,Nao se aplica,QRES,B2G,Pix,"198,77",1
202411,PF,PJ,SUL,NORTE,entre 30 e 39 anos,Nao se aplica,QRDN,P2B,Pix,"44667559,9",1057958
202411,PJ,PF,Nao informado,Nao informado,Nao se aplica,mais de 60 anos,MANU,B2P,Pix,"7680,96",5
202411,PF,PJ,CENTRO-OESTE,SUL,entre 20 e 29 anos,Nao se aplica,QRES,P2B,Pix,"41049330,07",194277
202411,PJ,PF,NORTE,SUDESTE,Nao se aplica,até 19 anos,QRES,B2P,Pix,"137943,61",367
202411,PF,PJ,NORTE,NORTE,até 19 anos,Nao se aplica,QRDN,P2B,Pix Saque,"301199,88",1320
202411,PF,PF,NORDESTE,Nao informado,entre 20 e 29 anos,entre 20 e 29 anos,QRDN,P2P,Pix,"28323,86",3644
202411,PF,PF,NORDESTE,NORTE,mais de 60 anos,mais de 60 anos,QRES,P2P,Pix,"128789,74",2024
202411,PJ,PF,SUL,SUDESTE,Nao se aplica,até 19 anos,MANU,B2P,Pix,"9786095,99",31065
202411,PF,PF,SUL,SUL,entre 20 e 29 anos,mais de 60 anos,DICT,P2P,Pix,"425584914,87",1626504
202411,PF,PJ,SUDESTE,NORDESTE,entre 50 e 59 anos,Nao se aplica,QRDN,P2B,Pix Troco,"3779,03",6
202411,PF,PF,Nao informado,Nao informado,entre 40 e 49 anos,entre 30 e 39 anos,QRDN,P2P,Pix,"2907,8",73
202411,PF,PF,CENTRO-OESTE,NORTE,entre 50 e 59 anos,mais de 60 anos,MANU,P2P,Pix,"2045622,25",3627
202411,PF,PF,NORDESTE,NORDESTE,entre 50 e 59 anos,entre 50 e 59 anos,DICT,P2P,Pix,"5888031806,72",14710314
202411,PF,PF,CENTRO-OESTE,SUL,entre 50 e 59 anos,entre 20 e 29 anos,QRES,P2P,Pix,"227738,05",1964
202411,PF,PJ,SUDESTE,SUDESTE,até 19 anos,Nao se aplica,DICT,P2G,Pix,"220537,25",877
202411,PJ,PF,NORDESTE,Nao informado,Nao se aplica,Nao informado,DICT,B2P,Pix,"274952,32",4255
202411,PF,PF,Nao informado,SUL,entre 50 e 59 anos,entre 50 e 59 anos,DICT,P2P,Pix,1518043,2147
202411,PF,PJ,NORTE,CENTRO-OESTE,entre 50 e 59 anos,Nao se aplica,Nao disponivel,P2B,Nao disponivel,"46298,38",97
202411,PF,PJ,NORDESTE,NORTE,entre 50 e 59 anos,Nao se aplica,DICT,P2B,Pix,"39905854,88",30484
202411,PF,PF,CENTRO-OESTE,NORDESTE,até 19 anos,mais de 60 anos,Nao disponivel,P2P,Nao disponivel,"34125,17",97
202411,PJ,PF,SUL,CENTRO-OESTE,Nao se aplica,até 19 anos,DICT,B2P,Pix,"12852579,54",53548
202411,PJ,PJ,NORDESTE,SUDESTE,Nao se aplica,Nao se aplica,QRDN,B2B,Pix Troco,"575,5",2
202411,PF,PF,SUL,CENTRO-OESTE,mais de 60 anos,entre 50 e 59 anos,DICT,P2P,Pix,"16762761,36",20345
202411,PF,PF,SUL,NORTE,entre 40 e 49 anos,entre 40 e 49 anos,Nao disponivel,P2P,Nao disponivel,"57253,38",222
202411,PF,PF,NORDESTE,NORDESTE,entre 40 e 49 anos,mais de 60 anos,MANU,P2P,Pix,"298327259,23",1217272
202411,PF,PF,SUDESTE,NORDESTE,entre 20 e 29 anos,até 19 anos,QRES,P2P,Pix,"891979,45",22060
202411,PF,PF,Nao informado,NORDESTE,entre 40 e 49 anos,entre 20 e 29 anos,DICT,P2P,Pix,"2107625,32",6363
202411,PF,PF,NORTE,NORTE,entre 50 e 59 anos,entre 50 e 59 anos,DICT,P2P,Pix,"2154960351,91",5165850
202411,PF,PF,NORTE,NORTE,entre 20 e 29 anos,entre 30 e 39 anos,Nao disponivel,P2P,Nao disponivel,"3399293,79",23697
202411,PF,PJ,NORTE,NORDESTE,mais de 60 anos,Nao se aplica,QRDN,P2B,Pix Saque,"128809,63",458
202411,PF,PJ,SUL,CENTRO-OESTE,entre 40 e 49 anos,Nao se aplica,DICT,P2B,Pix,"72614194,38",53633
202411,PF,PF,NORTE,SUDESTE,entre 50 e 59 anos,entre 30 e 39 anos,QRES,P2P,Pix,"1195913,18",9134
202411,PF,PJ,SUL,CENTRO-OESTE,entre 20 e 29 anos,Nao se aplica,QRDN,P2B,Pix,45591767,619625
202411,PF,PF,CENTRO-OESTE,SUDESTE,entre 30 e 39 anos,entre 30 e 39 anos,Nao disponivel,P2P,Nao disponivel,"491893,61",1730
202411,PJ,PF,NORTE,NORTE,Nao se aplica,entre 40 e 49 anos,MANU,B2P,Pix,"342117917,48",240643
202411,PF,PF,SUDESTE,NORTE,até 19 anos,entre 20 e 29 anos,QRES,P2P,Pix,"198800,56",11627
202411,PF,PF,NORTE,CENTRO-OESTE,até 19 anos,entre 20 e 29 anos,MANU,P2P,Pix,"965028,48",12221
202411,PF,PF,CENTRO-OESTE,SUL,entre 20 e 29 anos,entre 30 e 39 anos,QRES,P2P,Pix,"809149,82",15810
202411,PF,PJ,SUL,NORDESTE,entre 20 e 29 anos,Nao se aplica,MANU,P2B,Pix,"1761434,98",5543
202411,PJ,PF,NORTE,NORDESTE,Nao se aplica,entre 50 e 59 anos,QRDN,B2P,Pix,"172075,19",2124
202411,PF,PF,Nao informado,SUL,entre 30 e 39 anos,entre 20 e 29 anos,QRES,P2P,Pix,53285,620
202411,PF,PF,CENTRO-OESTE,NORDESTE,entre 20 e 29 anos,até 19 anos,QRES,P2P,Pix,"202612,97",5658
202411,PF,PF,CENTRO-OESTE,NORDESTE,entre 40 e 49 anos,entre 40 e 49 anos,Nao disponivel,P2P,Nao disponivel,"135920,98",583
202411,PF,PF,CENTRO-OESTE,NORTE,entre 40 e 49 anos,até 19 anos,QRES,P2P,Pix,"84514,38",1784
202411,PJ,PJ,SUL,SUDESTE,Nao se aplica,Nao se aplica,Nao disponivel,B2G,Nao disponivel,"29324,98",4
202411,PF,PF,SUL,SUDESTE,até 19 anos,mais de 60 anos,Nao disponivel,P2P,Nao disponivel,"40317,18",146
202411,PF,PF,SUDESTE,SUDESTE,entre 20 e 29 anos,Nao informado,INIC,P2P,Pix,"2760,64",13
202411,PF,PF,NORDESTE,SUL,entre 20 e 29 anos,até 19 anos,Nao disponivel,P2P,Nao disponivel,"37607,06",1340
202411,PF,PF,CENTRO-OESTE,NORDESTE,até 19 anos,entre 30 e 39 anos,QRDN,P2P,Pix,"324536,89",15798
202411,PF,PF,NORTE,Nao informado,entre 40 e 49 anos,entre 40 e 49 anos,QRES,P2P,Pix,"82435,55",798
202411,PF,PF,SUDESTE,Nao informado,entre 50 e 59 anos,mais de 60 anos,QRDN,P2P,Pix,"547,55",47
202411,PF,PF,NORDESTE,Nao informado,até 19 anos,entre 20 e 29 anos,DICT,P2P,Pix,"197994,63",1611
202411,PF,PF,NORDESTE,SUL,até 19 anos,mais de 60 anos,DICT,P2P,Pix,702533,6013
202411,PF,PJ,Nao informado,CENTRO-OESTE,entre 30 e 39 anos,Nao se aplica,QRES,P2G,Pix,"2,5",1
202411,PF,PF,Nao informado,Nao informado,até 19 anos,entre 20 e 29 anos,DICT,P2P,Pix,"140433,61",1689
202411,PF,PF,SUL,NORTE,entre 30 e 39 anos,entre 30 e 39 anos,QRDN,P2P,Pix,"340868,31",9162
202411,PF,PF,NORTE,NORDESTE,entre 50 e 59 anos,entre 20 e 29 anos,QRDN,P2P,Pix,"548773,76",12365
202411,PJ,PF,SUDESTE,NORDESTE,Nao se aplica,entre 20 e 29 anos,QRES,B2P,Pix,"5190175,46",24090
202411,PF,PJ,Nao informado,NORDESTE,até 19 anos,Nao se aplica,QRDN,P2G,Pix,"934,15",9
202411,PF,PF,SUL,Nao informado,entre 50 e 59 anos,entre 30 e 39 anos,DICT,P2P,Pix,"2336080,3",3880
202411,PF,PF,SUL,NORTE,entre 40 e 49 anos,entre 50 e 59 anos,MANU,P2P,Pix,"1562933,82",4935
202411,PF,PF,NORTE,CENTRO-OESTE,entre 30 e 39 anos,entre 50 e 59 anos,QRDN,P2P,Pix,"923913,33",30019
202411,PF,PF,Nao informado,Nao informado,entre 40 e 49 anos,entre 40 e 49 anos,INIC,P2P,Pix,"212021,9",78
202411,PF,PJ,Nao informado,SUL,entre 20 e 29 anos,Nao se aplica,MANU,P2G,Pix,60,1
202411,PF,PF,CENTRO-OESTE,SUL,mais de 60 anos,mais de 60 anos,DICT,P2P,Pix,"22155984,23",16629
202411,PF,PJ,SUL,NORTE,entre 30 e 39 anos,Nao se aplica,QRES,P2G,Pix,"1088,55",12
202411,PF,PF,SUDESTE,NORDESTE,mais de 60 anos,entre 30 e 39 anos,QRES,P2P,Pix,"2346722,64",31765
202411,PF,PF,SUL,NORTE,entre 50 e 59 anos,entre 40 e 49 anos,Nao disponivel,P2P,Nao disponivel,"13532,21",68
202411,PJ,PF,SUL,SUL,Nao se aplica,entre 20 e 29 anos,QRDN,B2P,Pix,"3826011,47",49332
202411,PF,PF,Nao informado,SUDESTE,entre 30 e 39 anos,entre 40 e 49 anos,MANU,P2P,Pix,"2138488,1",3061
202411,PF,PF,SUL,NORTE,entre 20 e 29 anos,entre 20 e 29 anos,QRDN,P2P,Pix,"192318,96",5523
202411,PF,PF,NORDESTE,Nao informado,entre 20 e 29 anos,Nao informado,QRES,P2P,Pix,"104,01",8
202411,PF,PF,Nao informado,SUDESTE,até 19 anos,até 19 anos,QRES,P2P,Pix,"613,56",41
202411,PJ,PF,NORTE,SUDESTE,Nao se aplica,entre 20 e 29 anos,MANU,B2P,Pix,"6110632,67",3107
202411,PJ,PF,CENTRO-OESTE,Nao informado,Nao se aplica,entre 40 e 49 anos,DICT,G2P,Pix,"34175,85",12
202411,PF,PF,Nao informado,Nao informado,mais de 60 anos,mais de 60 anos,DICT,P2P,Pix,"9794547,24",5121
202411,PF,PF,CENTRO-OESTE,SUL,entre 40 e 49 anos,entre 40 e 49 anos,DICT,P2P,Pix,"40957034,5",82972
202411,PF,PF,SUL,Nao informado,entre 50 e 59 anos,entre 50 e 59 anos,DICT,P2P,Pix,"2178623,71",1778
202411,PF,PF,CENTRO-OESTE,SUDESTE,entre 50 e 59 anos,mais de 60 anos,QRES,P2P,Pix,"841914,47",5341
202411,PF,PF,SUL,CENTRO-OESTE,mais de 60 anos,entre 30 e 39 anos,QRES,P2P,Pix,"171552,95",1443
202411,PF,PJ,NORDESTE,NORDESTE,mais de 60 anos,Nao se aplica,MANU,P2B,Pix Saque,10710,24
202411,PF,PF,SUDESTE,Nao informado,entre 40 e 49 anos,entre 20 e 29 anos,Nao disponivel,P2P,Nao disponivel,"1271,85",9
202411,PF,PF,Nao informado,NORDESTE,Nao informado,entre 30 e 39 anos,QRDN,P2P,Pix,"157,37",9
202411,PF,PF,CENTRO-OESTE,SUL,entre 30 e 39 anos,entre 20 e 29 anos,DICT,P2P,Pix,"27355431,29",99908
202411,PF,PF,SUDESTE,SUDESTE,entre 20 e 29 anos,Nao informado,QRDN,P2P,Pix,"16444,3",131
202411,PJ,PF,SUDESTE,NORDESTE,Nao se aplica,até 19 anos,QRDN,B2P,Pix,"55990,32",846
202411,PF,PF,SUDESTE,NORDESTE,até 19 anos,entre 20 e 29 anos,QRDN,P2P,Pix,1030367,53033
202411,PF,PF,CENTRO-OESTE,Nao informado,entre 30 e 39 anos,até 19 anos,DICT,P2P,Pix,"56259,05",273
202411,PF,PF,NORTE,NORTE,entre 20 e 29 anos,Nao informado,DICT,P2P,Pix,2513,10
202411,PF,PF,CENTRO-OESTE,Nao informado,mais de 60 anos,entre 50 e 59 anos,QRDN,P2P,Pix,"803,12",24
202411,PF,PF,SUL,Nao informado,entre 20 e 29 anos,entre 20 e 29 anos,QRES,P2P,Pix,"65415,08",858
202411,PF,PF,SUDESTE,CENTRO-OESTE,até 19 anos,entre 20 e 29 anos,MANU,P2P,Pix,"977277,9",11025
202411,PF,PJ,NORTE,SUDESTE,entre 30 e 39 anos,Nao se aplica,MANU,P2B,Pix,"19097379,45",51462
202411,PF,PF,SUDESTE,NORDESTE,até 19 anos,entre 50 e 59 anos,Nao disponivel,P2P,Nao disponivel,"69617,28",690
202411,PF,PJ,SUL,CENTRO-OESTE,entre 20 e 29 anos,Nao se aplica,QRES,P2B,Pix,"15828213,54",71075
202411,PF,PF,NORDESTE,NORDESTE,entre 50 e 59 anos,entre 30 e 39 anos,MANU,P2P,Pix,"362311774,47",2354266
202411,PF,PF,NORTE,SUDESTE,até 19 anos,entre 40 e 49 anos,MANU,P2P,Pix,"438933,43",5611
202411,PF,PF,CENTRO-OESTE,CENTRO-OESTE,Nao informado,mais de 60 anos,DICT,P2P,Pix,3026,4
202411,PF,PF,NORTE,NORTE,entre 30 e 39 anos,até 19 anos,Nao disponivel,P2P,Nao disponivel,"339378,24",4460
202411,PF,PF,SUL,SUL,entre 40 e 49 anos,entre 30 e 39 anos,DICT,P2P,Pix,"2277521921,34",7488428
202411,PF,PF,CENTRO-OESTE,SUL,entre 40 e 49 anos,mais de 60 anos,DICT,P2P,Pix,"20084077,16",27022
202411,PF,PF,CENTRO-OESTE,NORDESTE,entre 20 e 29 anos,mais de 60 anos,DICT,P2P,Pix,"7949319,08",36517
202411,PF,PF,NORTE,SUDESTE,entre 20 e 29 anos,Nao informado,DICT,P2P,Pix,30,2
202411,PF,PF,Nao informado,NORTE,até 19 anos,até 19 anos,QRDN,P2P,Pix,"308,5",13
202411,PF,PF,NORDESTE,NORDESTE,até 19 anos,mais de 60 anos,QRES,P2P,Pix,"10136990,53",696638
202411,PF,PF,SUDESTE,Nao informado,entre 30 e 39 anos,entre 50 e 59 anos,QRES,P2P,Pix,"65036,13",459
202411,PF,PF,SUL,SUDESTE,entre 20 e 29 anos,entre 40 e 49 anos,MANU,P2P,Pix,"9188184,04",42079
202411,PF,PF,SUDESTE,SUDESTE,entre 20 e 29 anos,até 19 anos,MANU,P2P,Pix,"136826941,9",1769101
202411,PF,PF,NORDESTE,SUL,entre 50 e 59 anos,entre 40 e 49 anos,MANU,P2P,Pix,"1791662,82",7990
202411,PF,PF,NORDESTE,NORDESTE,entre 30 e 39 anos,entre 20 e 29 anos,QRES,P2P,Pix,"138040983,4",3064318
202411,PF,PJ,SUL,SUDESTE,entre 40 e 49 anos,Nao se aplica,QRES,P2B,Pix Saque,441,5
202411,PF,PJ,Nao informado,NORDESTE,mais de 60 anos,Nao se aplica,QRES,P2B,Pix,"275383,34",872
202411,PF,PF,CENTRO-OESTE,NORDESTE,entre 20 e 29 anos,entre 40 e 49 anos,MANU,P2P,Pix,"7597761,3",51878
202411,PF,PF,SUDESTE,CENTRO-OESTE,entre 20 e 29 anos,entre 50 e 59 anos,QRDN,P2P,Pix,"524492,02",19937
202411,PF,PJ,SUL,SUL,entre 30 e 39 anos,Nao se aplica,QRDN,P2B,Pix,"2104422562,07",25829954
202411,PF,PF,NORTE,CENTRO-OESTE,mais de 60 anos,entre 50 e 59 anos,QRES,P2P,Pix,"249925,93",2339
202411,PJ,PF,SUDESTE,CENTRO-OESTE,Nao se aplica,Nao informado,DICT,B2P,Pix,200,3
202411,PF,PJ,SUDESTE,NORDESTE,entre 20 e 29 anos,Nao se aplica,DICT,P2B,Pix,"105888399,85",236491
202411,PF,PJ,SUL,SUL,entre 40 e 49 anos,Nao se aplica,QRDN,P2B,Pix Saque,"23091085,5",109392
202411,PF,PF,NORTE,SUDESTE,entre 40 e 49 anos,mais de 60 anos,Nao disponivel,P2P,Nao disponivel,"93076,99",107
202411,PF,PF,Nao informado,SUDESTE,entre 20 e 29 anos,mais de 60 anos,QRDN,P2P,Pix,"10112,27",418
202411,PF,PF,NORDESTE,NORDESTE,mais de 60 anos,entre 40 e 49 anos,QRDN,P2P,Pix,"12563023,08",287113
202411,PF,PF,Nao informado,CENTRO-OESTE,mais de 60 anos,entre 40 e 49 anos,QRDN,P2P,Pix,"2594,75",28
202411,PF,PF,NORTE,SUDESTE,entre 50 e 59 anos,entre 50 e 59 anos,Nao disponivel,P2P,Nao disponivel,"10874,14",65
202411,PJ,PF,NORTE,NORDESTE,Nao se aplica,até 19 anos,DICT,B2P,Pix,"14939971,07",106036
202411,PF,PF,NORTE,SUL,entre 20 e 29 anos,entre 30 e 39 anos,DICT,P2P,Pix,"35680630,93",254704
202411,PF,PF,NORDESTE,NORTE,entre 40 e 49 anos,entre 30 e 39 anos,DICT,P2P,Pix,"64980096,65",267392
202411,PF,PJ,NORDESTE,NORTE,entre 30 e 39 anos,Nao se aplica,QRES,P2B,Pix,"12642629,44",106128
202411,PF,PF,NORDESTE,Nao informado,mais de 60 anos,mais de 60 anos,DICT,P2P,Pix,"458546,61",622
202411,PF,PJ,NORTE,SUDESTE,entre 50 e 59 anos,Nao se aplica,INIC,P2B,Pix,"1664,02",143
202411,PF,PF,NORDESTE,NORDESTE,entre 50 e 59 anos,entre 30 e 39 anos,INIC,P2P,Pix,"89,99",1
202411,PF,PF,SUL,SUDESTE,entre 40 e 49 anos,entre 50 e 59 anos,INIC,P2P,Pix,"15,9",1
202411,PF,PJ,SUL,SUL,entre 50 e 59 anos,Nao se aplica,QRDN,P2B,Pix Saque,"12389871,51",52582
202411,PF,PF,NORTE,NORDESTE,entre 50 e 59 anos,entre 40 e 49 anos,QRDN,P2P,Pix,"696118,8",15061
202411,PF,PJ,SUL,SUL,mais de 60 anos,Nao se aplica,QRES,P2B,Pix Saque,"14679,76",84
202411,PF,PF,SUDESTE,SUDESTE,Nao informado,entre 50 e 59 anos,DICT,P2P,Pix,1565,13
202411,PF,PF,NORDESTE,Nao informado,entre 50 e 59 anos,até 19 anos,DICT,P2P,Pix,"66049,18",532
202411,PF,PF,NORDESTE,SUL,entre 20 e 29 anos,entre 40 e 49 anos,QRDN,P2P,Pix,"771033,09",27403
202411,PF,PF,SUDESTE,NORDESTE,entre 20 e 29 anos,até 19 anos,DICT,P2P,Pix,"25803583,74",320891
202411,PJ,PJ,Nao informado,SUDESTE,Nao se aplica,Nao se aplica,QRES,B2G,Pix,"7626,07",10
202411,PJ,PF,CENTRO-OESTE,SUL,Nao se aplica,entre 50 e 59 anos,DICT,B2P,Pix,"74251073,68",55727
202411,PF,PF,SUL,Nao informado,entre 50 e 59 anos,entre 20 e 29 anos,QRES,P2P,Pix,"25854,69",180
202411,PF,PF,SUDESTE,NORDESTE,Nao informado,entre 20 e 29 anos,MANU,P2P,Pix,75,5
202411,PF,PF,SUL,SUL,entre 20 e 29 anos,entre 50 e 59 anos,MANU,P2P,Pix,"220415318,72",944106
202411,PF,PF,NORDESTE,NORTE,entre 30 e 39 anos,entre 30 e 39 anos,QRES,P2P,Pix,"2810086,53",67829
202411,PJ,PF,SUL,Nao informado,Nao se aplica,entre 30 e 39 anos,DICT,B2P,Pix,"13165734,42",11146
202411,PF,PF,NORDESTE,NORDESTE,até 19 anos,entre 40 e 49 anos,DICT,P2P,Pix,"385193017,37",4495200
202411,PF,PF,SUDESTE,Nao informado,entre 50 e 59 anos,Nao informado,QRES,P2P,Pix,2,2
202411,PF,PF,NORDESTE,Nao informado,entre 40 e 49 anos,Nao informado,MANU,P2P,Pix,"344,85",8
202411,PF,PF,CENTRO-OESTE,SUL,entre 20 e 29 anos,entre 50 e 59 anos,Nao disponivel,P2P,Nao disponivel,"55962,48",259
202411,PF,PF,CENTRO-OESTE,NORDESTE,entre 40 e 49 anos,entre 20 e 29 anos,QRES,P2P,Pix,"1851133,36",33688
202411,PF,PF,Nao informado,CENTRO-OESTE,mais de 60 anos,entre 50 e 59 anos,DICT,P2P,Pix,"1047357,21",932
202411,PF,PF,SUDESTE,SUDESTE,entre 50 e 59 anos,entre 50 e 59 anos,QRES,P2P,Pix,"303751520,73",1300060
202411,PJ,PF,NORDESTE,NORDESTE,Nao se aplica,entre 50 e 59 anos,MANU,G2P,Pix,"12365808,33",2060
202411,PF,PF,NORDESTE,CENTRO-OESTE,entre 40 e 49 anos,entre 30 e 39 anos,MANU,P2P,Pix,"9653086,18",61121
202411,PJ,PF,SUL,NORDESTE,Nao se aplica,até 19 anos,DICT,G2P,Pix,"5120,14",45
202411,PJ,PF,SUL,Nao informado,Nao se aplica,até 19 anos,MANU,B2P,Pix,"17366,04",71
202411,PF,PJ,SUDESTE,SUDESTE,entre 30 e 39 anos,Nao se aplica,MANU,P2B,Pix Saque,"1091,53",9
202411,PJ,PJ,SUDESTE,CENTRO-OESTE,Nao se aplica,Nao se aplica,MANU,B2G,Pix,"3089507,52",1196
202411,PF,PF,NORDESTE,NORDESTE,entre 20 e 29 anos,Nao informado,QRES,P2P,Pix,"3679,5",30
202411,PF,PF,CENTRO-OESTE,SUDESTE,até 19 anos,entre 40 e 49 anos,DICT,P2P,Pix,"5772419,64",53168
202411,PF,PF,Nao informado,NORDESTE,entre 30 e 39 anos,entre 30 e 39 anos,MANU,P2P,Pix,"1915318,66",3020
202411,PF,PF,CENTRO-OESTE,CENTRO-OESTE,até 19 anos,entre 50 e 59 anos,MANU,P2P,Pix,"12917323,32",127773
202411,PF,PJ,NORDESTE,CENTRO-OESTE,entre 20 e 29 anos,Nao se aplica,QRDN,P2B,Pix,"116662086,12",2137124
202411,PF,PF,NORTE,SUL,mais de 60 anos,entre 20 e 29 anos,QRES,P2P,Pix,"49456,91",763
202411,PF,PJ,NORTE,CENTRO-OESTE,Nao informado,Nao se aplica,DICT,P2B,Pix,1000,1
202411,PF,PJ,SUL,SUL,entre 30 e 39 anos,Nao se aplica,INIC,P2B,Pix,"60059,05",251
202411,PF,PF,SUDESTE,SUL,entre 30 e 39 anos,entre 20 e 29 anos,INIC,P2P,Pix,54,3
202411,PJ,PF,NORTE,SUDESTE,Nao se aplica,até 19 anos,DICT,B2P,Pix,"15015400,14",120145
202411,PF,PF,CENTRO-OESTE,NORTE,entre 20 e 29 anos,mais de 60 anos,DICT,P2P,Pix,"6438271,4",24003
202411,PF,PJ,NORTE,SUL,entre 30 e 39 anos,Nao se aplica,QRDN,P2B,Pix,"339043876,52",4032697
202411,PF,PJ,CENTRO-OESTE,CENTRO-OESTE,entre 30 e 39 anos,Nao se aplica,QRDN,P2B,Pix,"830715915,53",11665625
202411,PF,PJ,SUDESTE,Nao informado,mais de 60 anos,Nao se aplica,DICT,P2B,Pix,"99580,69",61
202411,PF,PF,Nao informado,SUL,entre 30 e 39 anos,entre 20 e 29 anos,Nao disponivel,P2P,Nao disponivel,"4371,19",18
202411,PF,PF,SUDESTE,NORTE,Nao informado,entre 20 e 29 anos,DICT,P2P,Pix,10,1
202411,PF,PF,SUDESTE,NORTE,entre 40 e 49 anos,entre 20 e 29 anos,DICT,P2P,Pix,"38524420,4",189041
202411,PF,PF,NORTE,SUL,entre 30 e 39 anos,mais de 60 anos,MANU,P2P,Pix,"3595732,02",7951
202411,PF,PF,SUL,SUDESTE,entre 20 e 29 anos,entre 50 e 59 anos,MANU,P2P,Pix,"6286548,81",23676
202411,PF,PF,NORDESTE,NORDESTE,entre 20 e 29 anos,entre 40 e 49 anos,Nao disponivel,P2P,Nao disponivel,"7368381,52",51638
202411,PF,PF,CENTRO-OESTE,SUL,entre 40 e 49 anos,mais de 60 anos,QRES,P2P,Pix,"242898,9",3282
202411,PF,PF,SUL,NORDESTE,até 19 anos,entre 40 e 49 anos,Nao disponivel,P2P,Nao disponivel,"15192,46",301
202411,PF,PF,NORDESTE,NORDESTE,mais de 60 anos,entre 30 e 39 anos,QRES,P2P,Pix,"35296437,02",421969
202411,PF,PF,SUL,SUDESTE,mais de 60 anos,entre 20 e 29 anos,MANU,P2P,Pix,"3261692,52",7342
202411,PF,PF,SUL,CENTRO-OESTE,até 19 anos,entre 50 e 59 anos,QRDN,P2P,Pix,"26099,31",1224
202411,PF,PF,NORTE,SUL,entre 20 e 29 anos,até 19 anos,QRDN,P2P,Pix,"48748,99",1856
202411,PJ,PF,SUL,Nao informado,Nao se aplica,entre 30 e 39 anos,MANU,B2P,Pix,"4285391,79",1539
202411,PF,PF,Nao informado,NORDESTE,Nao informado,entre 30 e 39 anos,MANU,P2P,Pix,"9266,08",12
202411,PF,PJ,CENTRO-OESTE,SUL,entre 30 e 39 anos,Nao se aplica,QRDN,P2B,Pix Troco,"324,96",1
202411,PF,PJ,NORDESTE,NORDESTE,entre 20 e 29 anos,Nao se aplica,QRDN,P2B,Pix Troco,"30895,99",146
202411,PF,PF,SUDESTE,SUDESTE,mais de 60 anos,entre 30 e 39 anos,DICT,P2P,Pix,"4117413319,78",10205082
202411,PF,PF,SUDESTE,CENTRO-OESTE,entre 20 e 29 anos,entre 30 e 39 anos,MANU,P2P,Pix,"9664989,18",51480
202411,PF,PF,SUDESTE,Nao informado,entre 30 e 39 anos,entre 50 e 59 anos,Nao disponivel,P2P,Nao disponivel,16372,14
202411,PJ,PJ,SUDESTE,NORTE,Nao se aplica,Nao se aplica,MANU,G2B,Pix,"2682651,1",18
202411,PF,PF,CENTRO-OESTE,NORDESTE,entre 20 e 29 anos,entre 40 e 49 anos,Nao disponivel,P2P,Nao disponivel,"162355,67",845
202411,PF,PF,SUL,SUL,entre 20 e 29 anos,entre 50 e 59 anos,INIC,P2P,Pix,30,1
202411,PF,PF,Nao informado,NORTE,entre 20 e 29 anos,até 19 anos,QRES,P2P,Pix,"954,55",36
202411,PF,PJ,NORDESTE,SUDESTE,entre 40 e 49 anos,Nao se aplica,MANU,P2G,Pix,"24748,33",73
202411,PF,PF,NORTE,SUDESTE,entre 20 e 29 anos,até 19 anos,QRES,P2P,Pix,"214032,26",5956
202411,PJ,PF,SUDESTE,SUL,Nao se aplica,entre 20 e 29 anos,QRES,B2P,Pix,"1789660,67",7044
202411,PJ,PF,NORDESTE,Nao informado,Nao se aplica,Nao informado,MANU,B2P,Pix,"1703,83",1
202411,PF,PJ,NORTE,NORTE,entre 40 e 49 anos,Nao se aplica,QRDN,P2G,Pix,"36404262,75",91910
202411,PJ,PF,NORDESTE,CENTRO-OESTE,Nao se aplica,entre 30 e 39 anos,Nao disponivel,B2P,Nao disponivel,"653845,63",9206
202411,PJ,PF,NORTE,Nao informado,Nao se aplica,Nao informado,DICT,B2P,Pix,"18469,66",25
202411,PF,PJ,CENTRO-OESTE,SUL,entre 30 e 39 anos,Nao se aplica,MANU,P2G,Pix,3168,14
202411,PF,PF,SUDESTE,CENTRO-OESTE,entre 50 e 59 anos,entre 40 e 49 anos,Nao disponivel,P2P,Nao disponivel,"77341,28",253
202411,PF,PF,CENTRO-OESTE,Nao informado,entre 20 e 29 anos,entre 30 e 39 anos,DICT,P2P,Pix,"1585666,34",3803
202411,PF,PJ,SUL,SUL,entre 30 e 39 anos,Nao se aplica,DICT,P2G,Pix,"1074595,12",2994
202411,PF,PJ,SUDESTE,NORDESTE,entre 20 e 29 anos,Nao se aplica,QRDN,P2B,Pix Saque,"258154,09",1130
202411,PF,PF,Nao informado,CENTRO-OESTE,entre 30 e 39 anos,entre 20 e 29 anos,Nao disponivel,P2P,Nao disponivel,"1059,01",8
202411,PJ,PF,CENTRO-OESTE,SUDESTE,Nao se aplica,Nao informado,QRES,B2P,Pix,"734802,67",117
202411,PF,PJ,SUL,Nao informado,entre 20 e 29 anos,Nao se aplica,QRDN,P2B,Pix,"299859,36",3578
202411,PF,PF,NORTE,SUL,até 19 anos,entre 40 e 49 anos,Nao disponivel,P2P,Nao disponivel,"11891,38",148
202411,PF,PF,NORTE,CENTRO-OESTE,entre 20 e 29 anos,entre 20 e 29 anos,DICT,P2P,Pix,"55835177,71",370200
202411,PF,PF,SUDESTE,Nao informado,entre 20 e 29 anos,Nao informado,DICT,P2P,Pix,"10328,71",83
202411,PF,PF,CENTRO-OESTE,NORTE,entre 20 e 29 anos,entre 40 e 49 anos,MANU,P2P,Pix,"4911127,21",27103
202411,PF,PF,NORDESTE,SUDESTE,até 19 anos,até 19 anos,MANU,P2P,Pix,"2001347,37",60990
202411,PF,PF,CENTRO-OESTE,SUL,entre 30 e 39 anos,entre 20 e 29 anos,QRES,P2P,Pix,"613426,57",9519
202411,PF,PF,SUDESTE,NORTE,entre 50 e 59 anos,entre 30 e 39 anos,QRES,P2P,Pix,"555256,55",9217
202411,PF,PJ,SUL,NORTE,entre 20 e 29 anos,Nao se aplica,QRDN,P2B,Pix Saque,"1035,36",12
202411,PF,PF,SUL,CENTRO-OESTE,entre 40 e 49 anos,entre 40 e 49 anos,QRDN,P2P,Pix,"418930,65",7231
202411,PF,PJ,NORDESTE,NORTE,entre 40 e 49 anos,Nao se aplica,DICT,P2G,Pix,"4315,92",14
202411,PF,PF,SUL,SUDESTE,entre 20 e 29 anos,até 19 anos,DICT,P2P,Pix,"7516666,65",85475
202411,PF,PF,NORDESTE,NORTE,mais de 60 anos,mais de 60 anos,MANU,P2P,Pix,"1846207,19",2879
202411,PJ,PF,SUDESTE,CENTRO-OESTE,Nao se aplica,entre 50 e 59 anos,MANU,B2P,Pix,"509921435,33",357717
202411,PF,PJ,SUDESTE,SUL,entre 40 e 49 anos,Nao se aplica,QRDN,P2B,Pix,"1094220898,31",10039255
202411,PF,PJ,NORDESTE,CENTRO-OESTE,até 19 anos,Nao se aplica,QRES,P2G,Pix,"6523,63",97
202411,PF,PF,NORDESTE,Nao informado,entre 30 e 39 anos,entre 20 e 29 anos,QRES,P2P,Pix,"48608,07",1290
202411,PF,PF,SUL,SUDESTE,entre 30 e 39 anos,entre 30 e 39 anos,QRES,P2P,Pix,"5384884,98",64492
202411,PJ,PF,SUL,SUDESTE,Nao se aplica,entre 40 e 49 anos,DICT,G2P,Pix,"123081,51",817
202411,PJ,PF,NORTE,CENTRO-OESTE,Nao se aplica,entre 30 e 39 anos,QRES,B2P,Pix,"1287384,49",3608
202411,PF,PF,SUL,SUDESTE,mais de 60 anos,Nao informado,QRDN,P2P,Pix,"636,05",3
202411,PF,PJ,SUDESTE,NORTE,entre 50 e 59 anos,Nao se aplica,DICT,P2B,Pix,"42067868,35",27687
202411,PJ,PF,CENTRO-OESTE,CENTRO-OESTE,Nao se aplica,mais de 60 anos,QRDN,B2P,Pix,"2785230,56",38995
202411,PJ,PF,Nao informado,NORTE,Nao se aplica,entre 20 e 29 anos,DICT,B2P,Pix,"151442,46",219
202411,PF,PF,SUDESTE,CENTRO-OESTE,entre 40 e 49 anos,entre 20 e 29 anos,QRDN,P2P,Pix,"648878,02",15975
202411,PJ,PJ,SUL,NORTE,Nao se aplica,Nao se aplica,QRDN,B2B,Pix,"23947299,52",18293
202411,PF,PF,NORTE,Nao informado,até 19 anos,entre 20 e 29 anos,DICT,P2P,Pix,"132882,04",1530
202411,PF,PF,NORTE,SUDESTE,entre 50 e 59 anos,entre 50 e 59 anos,QRES,P2P,Pix,"573435,91",6827
202411,PF,PF,NORDESTE,CENTRO-OESTE,entre 40 e 49 anos,entre 20 e 29 anos,QRDN,P2P,Pix,"627611,75",17259
202411,PF,PF,NORTE,SUL,entre 40 e 49 anos,entre 40 e 49 anos,Nao disponivel,P2P,Nao disponivel,"40199,75",150
202411,PJ,PF,SUDESTE,NORTE,Nao se aplica,mais de 60 anos,MANU,G2P,Pix,"37696,59",12
202411,PF,PF,NORDESTE,SUDESTE,entre 40 e 49 anos,entre 50 e 59 anos,MANU,P2P,Pix,"26355994,66",131483
202411,PF,PF,SUDESTE,SUDESTE,entre 20 e 29 anos,entre 20 e 29 anos,DICT,P2P,Pix,"22605424905,11",85782133
202411,PJ,PJ,CENTRO-OESTE,CENTRO-OESTE,Nao se aplica,Nao se aplica,MANU,G2B,Pix,"774276189,81",11808
202411,PF,PF,Nao informado,SUDESTE,entre 20 e 29 anos,até 19 anos,MANU,P2P,Pix,"32074,44",208
202411,PF,PF,Nao informado,Nao informado,entre 40 e 49 anos,entre 40 e 49 anos,MANU,P2P,Pix,"20261162,6",20502
202411,PF,PF,SUL,SUDESTE,entre 40 e 49 anos,mais de 60 anos,QRES,P2P,Pix,"2138345,8",10674
202411,PJ,PF,NORDESTE,SUDESTE,Nao se aplica,entre 30 e 39 anos,MANU,G2P,Pix,"317229,8",123
202411,PF,PF,NORDESTE,CENTRO-OESTE,entre 40 e 49 anos,entre 50 e 59 anos,DICT,P2P,Pix,"36256984,21",131945
202411,PF,PF,CENTRO-OESTE,CENTRO-OESTE,entre 40 e 49 anos,até 19 anos,MANU,P2P,Pix,"46467574,5",447053
202411,PJ,PJ,SUDESTE,NORTE,Nao se aplica,Nao se aplica,DICT,B2B,Pix,"1091662214,05",106852
202411,PJ,PF,SUDESTE,CENTRO-OESTE,Nao se aplica,mais de 60 anos,Nao disponivel,B2P,Nao disponivel,"4861496,37",30340
202411,PF,PF,SUDESTE,NORDESTE,entre 40 e 49 anos,Nao informado,MANU,P2P,Pix,167,1
202411,PF,PF,NORDESTE,SUDESTE,até 19 anos,entre 50 e 59 anos,Nao disponivel,P2P,Nao disponivel,"214489,03",967
202411,PF,PF,CENTRO-OESTE,SUL,entre 50 e 59 anos,até 19 anos,QRES,P2P,Pix,"19188,85",299
202411,PF,PF,NORDESTE,Nao informado,entre 30 e 39 anos,entre 40 e 49 anos,Nao disponivel,P2P,Nao disponivel,"5021,5",26
202411,PF,PF,NORDESTE,Nao informado,entre 20 e 29 anos,entre 30 e 39 anos,QRES,P2P,Pix,"52600,34",3135
202411,PF,PF,Nao informado,SUL,entre 30 e 39 anos,mais de 60 anos,QRDN,P2P,Pix,"8076,27",292
202411,PJ,PF,NORTE,NORTE,Nao se aplica,mais de 60 anos,DICT,B2P,Pix,"807860414,29",510287
202411,PF,PF,NORDESTE,NORDESTE,entre 30 e 39 anos,mais de 60 anos,MANU,P2P,Pix,"370314162,06",1592459
202411,PF,PJ,NORDESTE,CENTRO-OESTE,entre 30 e 39 anos,Nao se aplica,QRDN,P2G,Pix,"67651507,27",306393
202411,PF,PF,CENTRO-OESTE,Nao informado,mais de 60 anos,entre 30 e 39 anos,Nao disponivel,P2P,Nao disponivel,2530,3
202411,PF,PJ,NORTE,NORTE,entre 30 e 39 anos,Nao se aplica,QRES,P2G,Pix,"315892,13",3310
202411,PF,PF,NORDESTE,NORTE,entre 30 e 39 anos,entre 50 e 59 anos,QRES,P2P,Pix,"1749722,06",51214
202411,PF,PJ,NORTE,NORTE,mais de 60 anos,Nao se aplica,DICT,P2G,Pix,"290790,12",270
202411,PF,PF,NORTE,Nao informado,entre 40 e 49 anos,Nao informado,MANU,P2P,Pix,"231,98",14
202411,PF,PF,NORDESTE,Nao informado,entre 20 e 29 anos,entre 20 e 29 anos,MANU,P2P,Pix,490959,4758
202411,PF,PF,NORTE,NORTE,mais de 60 anos,entre 40 e 49 anos,QRDN,P2P,Pix,"4720605,5",116428
202411,PF,PJ,Nao informado,CENTRO-OESTE,até 19 anos,Nao se aplica,QRES,P2B,Pix,"13016,61",172
202411,PJ,PJ,Nao informado,Nao informado,Nao se aplica,Nao se aplica,DICT,B2B,Pix,"6513860,23",477
202411,PJ,PJ,CENTRO-OESTE,NORDESTE,Nao se aplica,Nao se aplica,Nao disponivel,B2B,Nao disponivel,"1853014,73",518
202411,PF,PF,Nao informado,SUL,entre 40 e 49 anos,entre 40 e 49 anos,DICT,P2P,Pix,"3773933,43",6193
202411,PF,PF,SUL,SUL,entre 50 e 59 anos,entre 30 e 39 anos,DICT,P2P,Pix,1381205271,4135038
202411,PJ,PF,Nao informado,NORDESTE,Nao se aplica,entre 50 e 59 anos,Nao disponivel,B2P,Nao disponivel,2534,1
202411,PF,PF,NORDESTE,SUL,entre 50 e 59 anos,entre 50 e 59 anos,QRDN,P2P,Pix,"64106,55",1507
202411,PF,PF,SUL,SUL,até 19 anos,entre 20 e 29 anos,DICT,P2P,Pix,"196567020,12",2050410
202411,PF,PJ,NORDESTE,NORTE,entre 20 e 29 anos,Nao se aplica,QRES,P2G,Pix,"1595,6",32
202411,PJ,PF,SUDESTE,SUL,Nao se aplica,mais de 60 anos,QRDN,B2P,Pix,"1059480,06",929
202411,PF,PF,NORDESTE,NORDESTE,entre 40 e 49 anos,mais de 60 anos,QRDN,P2P,Pix,"25144962,88",791442
202411,PF,PJ,CENTRO-OESTE,SUL,entre 30 e 39 anos,Nao se aplica,DICT,P2B,Pix,"120805613,48",100228
202411,PJ,PJ,SUL,NORDESTE,Nao se aplica,Nao se aplica,DICT,B2B,Pix,"1478218239,21",147368
202411,PJ,PJ,SUL,SUDESTE,Nao se aplica,Nao se aplica,Nao disponivel,B2B,Nao disponivel,"34209692,1",54002
202411,PF,PF,NORTE,SUDESTE,entre 30 e 39 anos,mais de 60 anos,QRES,P2P,Pix,"747221,36",13344
202411,PF,PF,SUDESTE,CENTRO-OESTE,entre 20 e 29 anos,entre 40 e 49 anos,Nao disponivel,P2P,Nao disponivel,"329659,36",1096
202411,PF,PF,SUDESTE,Nao informado,entre 20 e 29 anos,entre 40 e 49 anos,DICT,P2P,Pix,"2198221,89",6802
202411,PF,PF,NORTE,SUL,mais de 60 anos,entre 50 e 59 anos,DICT,P2P,Pix,"6885334,01",11168
202411,PF,PF,NORTE,SUL,mais de 60 anos,entre 20 e 29 anos,QRDN,P2P,Pix,"21763,94",488
202411,PF,PF,NORDESTE,SUL,até 19 anos,entre 30 e 39 anos,DICT,P2P,Pix,"3421126,17",37501
202411,PF,PF,SUDESTE,NORTE,entre 30 e 39 anos,entre 30 e 39 anos,QRDN,P2P,Pix,"819422,1",23792
202411,PF,PF,SUDESTE,SUDESTE,entre 40 e 49 anos,até 19 anos,QRES,P2P,Pix,"14344631,2",213212
202411,PF,PF,NORDESTE,SUDESTE,mais de 60 anos,entre 20 e 29 anos,QRES,P2P,Pix,"1274583,58",8806
202411,PF,PJ,NORTE,CENTRO-OESTE,entre 20 e 29 anos,Nao se aplica,DICT,P2G,Pix,"9779,75",16
202411,PJ,PJ,SUDESTE,SUDESTE,Nao se aplica,Nao se aplica,MANU,G2B,Pix,"544259433,13",13015
202411,PJ,PJ,SUL,NORTE,Nao se aplica,Nao se aplica,MANU,B2G,Pix,"100616,33",22
202411,PF,PJ,SUL,SUDESTE,entre 50 e 59 anos,Nao se aplica,QRDN,P2B,Pix Saque,"136063,62",782
202411,PF,PJ,Nao informado,SUL,entre 30 e 39 anos,Nao se aplica,QRDN,P2G,Pix,"86136,96",162
202411,PJ,PF,NORDESTE,NORDESTE,Nao se aplica,entre 20 e 29 anos,MANU,B2P,Pix,"393523421,75",830414
202411,PF,PF,Nao informado,Nao informado,entre 20 e 29 anos,entre 20 e 29 anos,QRDN,P2P,Pix,"6607,4",142
202411,PF,PJ,CENTRO-OESTE,SUDESTE,entre 40 e 49 anos,Nao se aplica,MANU,P2B,Pix,"68505614,95",42865
202411,PJ,PF,SUDESTE,NORTE,Nao se aplica,entre 50 e 59 anos,Nao disponivel,B2P,Nao disponivel,"4035452,93",38885
202411,PF,PF,NORTE,SUDESTE,até 19 anos,entre 50 e 59 anos,QRDN,P2P,Pix,"89605,39",4939
202411,PF,PJ,CENTRO-OESTE,NORTE,mais de 60 anos,Nao se aplica,MANU,P2G,Pix,"3386,78",6
202411,PF,PF,SUDESTE,SUDESTE,entre 20 e 29 anos,entre 20 e 29 anos,Nao disponivel,P2P,Nao disponivel,"75672351,34",322149
202411,PF,PF,SUL,NORDESTE,entre 30 e 39 anos,até 19 anos,MANU,P2P,Pix,"583267,07",6643
202411,PF,PF,SUL,SUL,entre 50 e 59 anos,entre 50 e 59 anos,QRES,P2P,Pix,"84133943,89",275772
202411,PJ,PJ,NORDESTE,NORDESTE,Nao se aplica,Nao se aplica,DICT,G2B,Pix,"199870548,41",20493
202411,PF,PJ,NORTE,NORTE,até 19 anos,Nao se aplica,QRDN,P2B,Pix,"91051749,93",2823930
202411,PF,PF,NORTE,NORTE,mais de 60 anos,até 19 anos,QRDN,P2P,Pix,"176208,27",4984
202411,PF,PF,SUDESTE,SUDESTE,mais de 60 anos,entre 40 e 49 anos,DICT,P2P,Pix,"4770276491,84",11003715
202411,PF,PF,SUDESTE,SUL,até 19 anos,entre 50 e 59 anos,MANU,P2P,Pix,"493972,31",3580
202411,PF,PF,CENTRO-OESTE,SUL,mais de 60 anos,entre 40 e 49 anos,MANU,P2P,Pix,"14257654,89",2654
202411,PF,PF,SUL,SUDESTE,entre 40 e 49 anos,entre 50 e 59 anos,DICT,P2P,Pix,"70137509,14",160620
202411,PF,PJ,SUL,SUDESTE,mais de 60 anos,Nao se aplica,QRDN,P2B,Pix Troco,"650,3",4
202411,PJ,PF,CENTRO-OESTE,NORDESTE,Nao se aplica,entre 30 e 39 anos,DICT,B2P,Pix,"236001933,68",371418
202411,PF,PF,CENTRO-OESTE,SUL,mais de 60 anos,entre 50 e 59 anos,Nao disponivel,P2P,Nao disponivel,"2652,93",22
202411,PJ,PF,Nao informado,Nao informado,Nao se aplica,entre 40 e 49 anos,Nao disponivel,B2P,Nao disponivel,1900,1
202411,PF,PF,Nao informado,NORDESTE,entre 30 e 39 anos,entre 20 e 29 anos,DICT,P2P,Pix,"2714904,11",9935
202411,PF,PJ,Nao informado,NORTE,entre 40 e 49 anos,Nao se aplica,QRES,P2B,Pix,"237526,91",1331
202411,PJ,PF,NORTE,NORTE,Nao se aplica,até 19 anos,QRES,B2P,Pix,"958927,79",8110
202411,PF,PF,NORTE,NORDESTE,até 19 anos,entre 40 e 49 anos,QRES,P2P,Pix,"415136,53",21969
202411,PF,PF,Nao informado,SUDESTE,mais de 60 anos,entre 40 e 49 anos,Nao disponivel,P2P,Nao disponivel,1975,9
202411,PF,PF,SUDESTE,NORTE,entre 20 e 29 anos,entre 30 e 39 anos,QRES,P2P,Pix,"950238,99",24619
202411,PF,PF,NORDESTE,CENTRO-OESTE,entre 30 e 39 anos,entre 20 e 29 anos,QRES,P2P,Pix,"2108120,04",42973
202411,PF,PF,NORDESTE,NORDESTE,até 19 anos,mais de 60 anos,QRDN,P2P,Pix,"5185552,23",361947
202411,PF,PJ,SUDESTE,SUL,entre 40 e 49 anos,Nao se aplica,MANU,P2G,Pix,"68366,57",34
202411,PF,PF,CENTRO-OESTE,NORDESTE,entre 30 e 39 anos,mais de 60 anos,DICT,P2P,Pix,"21493945,24",63137
202411,PF,PJ,NORDESTE,SUDESTE,entre 50 e 59 anos,Nao se aplica,QRES,P2G,Pix,"28674,18",169
202411,PF,PF,NORTE,CENTRO-OESTE,entre 40 e 49 anos,entre 30 e 39 anos,QRES,P2P,Pix,"1540729,5",24072
202411,PF,PF,SUL,SUL,entre 30 e 39 anos,entre 20 e 29 anos,QRES,P2P,Pix,"32082265,25",430775
202411,PF,PF,SUDESTE,NORTE,entre 50 e 59 anos,até 19 anos,MANU,P2P,Pix,"224724,56",3003
202411,PF,PF,NORTE,Nao informado,até 19 anos,entre 30 e 39 anos,Nao disponivel,P2P,Nao disponivel,262,4
202411,PF,PF,Nao informado,SUDESTE,entre 20 e 29 anos,entre 50 e 59 anos,QRDN,P2P,Pix,"21131,94",741
202411,PF,PF,CENTRO-OESTE,CENTRO-OESTE,entre 50 e 59 anos,mais de 60 anos,MANU,P2P,Pix,"144527024,51",207035
202411,PF,PF,SUL,SUL,mais de 60 anos,entre 50 e 59 anos,MANU,P2P,Pix,"113940582,53",192928
202411,PF,PJ,NORTE,NORDESTE,entre 40 e 49 anos,Nao se aplica,MANU,P2G,Pix,"1067,19",2
202411,PJ,PF,CENTRO-OESTE,NORDESTE,Nao se aplica,entre 30 e 39 anos,MANU,B2P,Pix,"34730621,91",29207
202411,PF,PF,CENTRO-OESTE,SUDESTE,até 19 anos,entre 20 e 29 anos,QRES,P2P,Pix,"487938,59",21845
202411,PF,PJ,NORDESTE,NORDESTE,entre 30 e 39 anos,Nao se aplica,QRES,P2B,Pix Saque,"130931,89",736
202411,PF,PF,SUDESTE,SUDESTE,entre 30 e 39 anos,entre 50 e 59 anos,INIC,P2P,Pix,"284,9",2
202411,PJ,PJ,CENTRO-OESTE,SUDESTE,Nao se aplica,Nao se aplica,Nao disponivel,B2B,Nao disponivel,"6985827,6",1896
202411,PF,PF,CENTRO-OESTE,Nao informado,até 19 anos,até 19 anos,MANU,P2P,Pix,"977,7",32
202411,PF,PF,NORTE,SUDESTE,entre 50 e 59 anos,entre 40 e 49 anos,QRDN,P2P,Pix,"267116,98",6356
202411,PF,PJ,SUDESTE,CENTRO-OESTE,entre 20 e 29 anos,Nao se aplica,INIC,P2B,Pix,"29630,18",177
202411,PJ,PF,SUL,CENTRO-OESTE,Nao se aplica,entre 50 e 59 anos,Nao disponivel,B2P,Nao disponivel,"2187788,58",3643
202411,PF,PF,Nao informado,SUL,entre 30 e 39 anos,entre 20 e 29 anos,MANU,P2P,Pix,"372305,75",1318
202411,PF,PF,SUL,SUDESTE,entre 20 e 29 anos,entre 50 e 59 anos,Nao disponivel,P2P,Nao disponivel,"163641,02",612
202411,PF,PF,CENTRO-OESTE,CENTRO-OESTE,entre 20 e 29 anos,até 19 anos,Nao disponivel,P2P,Nao disponivel,"859740,02",8523
202411,PF,PF,NORDESTE,NORDESTE,até 19 anos,Nao informado,Nao disponivel,P2P,Nao disponivel,"0,01",1
202411,PF,PF,Nao informado,SUL,mais de 60 anos,entre 30 e 39 anos,Nao disponivel,P2P,Nao disponivel,1300,2
202411,PF,PF,Nao informado,SUDESTE,até 19 anos,entre 20 e 29 anos,MANU,P2P,Pix,"15490,42",138
202411,PF,PF,SUL,CENTRO-OESTE,entre 20 e 29 anos,entre 20 e 29 anos,Nao disponivel,P2P,Nao disponivel,"164023,64",922
202411,PF,PF,NORDESTE,CENTRO-OESTE,mais de 60 anos,mais de 60 anos,QRDN,P2P,Pix,"61451,93",838
202411,PF,PF,NORDESTE,CENTRO-OESTE,entre 20 e 29 anos,entre 20 e 29 anos,MANU,P2P,Pix,"18229238,7",163038
202411,PF,PF,NORDESTE,CENTRO-OESTE,entre 50 e 59 anos,entre 50 e 59 anos,QRES,P2P,Pix,"475980,96",9350
202411,PF,PF,CENTRO-OESTE,Nao informado,até 19 anos,entre 40 e 49 anos,MANU,P2P,Pix,"13530,33",115
202411,PF,PF,SUL,Nao informado,entre 30 e 39 anos,até 19 anos,MANU,P2P,Pix,"10067,34",121
202411,PJ,PF,SUL,SUL,Nao se aplica,entre 40 e 49 anos,Nao disponivel,G2P,Nao disponivel,"433,31",11
202411,PF,PF,CENTRO-OESTE,SUL,entre 40 e 49 anos,entre 20 e 29 anos,QRDN,P2P,Pix,"197231,66",3672
202411,PF,PJ,NORDESTE,CENTRO-OESTE,entre 30 e 39 anos,Nao se aplica,DICT,P2B,Pix,"122040325,01",209349
202411,PJ,PF,CENTRO-OESTE,NORTE,Nao se aplica,entre 40 e 49 anos,MANU,G2P,Pix,"3055269,99",1645
202411,PF,PF,SUL,SUL,entre 50 e 59 anos,entre 30 e 39 anos,QRDN,P2P,Pix,"5596560,98",108591
202411,PF,PJ,Nao informado,SUL,entre 20 e 29 anos,Nao se aplica,QRES,P2B,Pix,"1639711,52",6421
202411,PF,PF,SUDESTE,NORTE,mais de 60 anos,entre 50 e 59 anos,DICT,P2P,Pix,"21271940,32",31806
202411,PF,PF,Nao informado,SUL,entre 30 e 39 anos,entre 50 e 59 anos,QRDN,P2P,Pix,"11482,66",362
202411,PF,PF,SUL,SUDESTE,entre 50 e 59 anos,entre 20 e 29 anos,MANU,P2P,Pix,"4278390,96",20131
202411,PJ,PF,SUDESTE,SUL,Nao se aplica,entre 20 e 29 anos,MANU,B2P,Pix,"510243890,27",1253564
202411,PF,PF,CENTRO-OESTE,SUL,entre 30 e 39 anos,entre 50 e 59 anos,MANU,P2P,Pix,"3066263,15",7812
202411,PF,PF,SUDESTE,SUDESTE,entre 40 e 49 anos,mais de 60 anos,Nao disponivel,P2P,Nao disponivel,"10005712,59",21188
202411,PF,PF,NORTE,Nao informado,entre 40 e 49 anos,entre 20 e 29 anos,Nao disponivel,P2P,Nao disponivel,4801,9
202411,PJ,PF,Nao informado,NORDESTE,Nao se aplica,mais de 60 anos,QRES,B2P,Pix,"4547,78",32
202411,PF,PJ,SUDESTE,Nao informado,até 19 anos,Nao se aplica,QRDN,P2B,Pix,"78687,43",1678
202411,PJ,PF,SUL,SUL,Nao se aplica,entre 30 e 39 anos,QRES,B2P,Pix,"78946879,38",185899
202411,PF,PF,SUDESTE,NORDESTE,mais de 60 anos,até 19 anos,MANU,P2P,Pix,"857587,16",7822
202411,PF,PJ,SUL,CENTRO-OESTE,mais de 60 anos,Nao se aplica,QRES,P2B,Pix Saque,800,1
202411,PJ,PJ,Nao informado,SUL,Nao se aplica,Nao se aplica,QRDN,B2B,Pix,"382017,17",1699
202411,PF,PF,CENTRO-OESTE,Nao informado,mais de 60 anos,entre 40 e 49 anos,QRES,P2P,Pix,"36389,2",48
202411,PF,PJ,Nao informado,NORTE,mais de 60 anos,Nao se aplica,QRES,P2B,Pix,"48657,53",163
202411,PF,PF,Nao informado,NORTE,mais de 60 anos,mais de 60 anos,QRDN,P2P,Pix,"860,01",19
202411,PF,PF,NORDESTE,SUDESTE,Nao informado,entre 40 e 49 anos,DICT,P2P,Pix,"141,22",5
202411,PF,PJ,SUL,CENTRO-OESTE,entre 40 e 49 anos,Nao se aplica,QRDN,P2B,Pix Saque,"54015,34",157
202411,PF,PF,SUL,SUDESTE,entre 30 e 39 anos,mais de 60 anos,Nao disponivel,P2P,Nao disponivel,"165132,34",392
202411,PF,PF,SUDESTE,NORTE,entre 40 e 49 anos,mais de 60 anos,QRDN,P2P,Pix,"121916,91",4071
202411,PF,PF,SUL,NORTE,entre 50 e 59 anos,entre 40 e 49 anos,MANU,P2P,Pix,"1876779,87",6475
202411,PJ,PJ,NORDESTE,CENTRO-OESTE,Nao se aplica,Nao se aplica,DICT,G2B,Pix,"2082325,24",175
202411,PF,PJ,NORDESTE,CENTRO-OESTE,entre 30 e 39 anos,Nao se aplica,QRES,P2B,Pix Saque,"1129,36",9
202411,PF,PF,SUDESTE,SUL,entre 40 e 49 anos,entre 20 e 29 anos,DICT,P2P,Pix,"68081742,26",267502
202411,PF,PF,NORDESTE,Nao informado,entre 30 e 39 anos,mais de 60 anos,QRDN,P2P,Pix,"9740,54",326
202411,PF,PF,NORDESTE,SUDESTE,entre 20 e 29 anos,entre 50 e 59 anos,Nao disponivel,P2P,Nao disponivel,"548352,27",2317
202411,PF,PJ,NORTE,CENTRO-OESTE,entre 20 e 29 anos,Nao se aplica,Nao disponivel,P2G,Nao disponivel,"0,2",1
202411,PF,PJ,NORTE,CENTRO-OESTE,até 19 anos,Nao se aplica,QRES,P2B,Pix Saque,10,1
202411,PF,PF,Nao informado,CENTRO-OESTE,entre 20 e 29 anos,mais de 60 anos,Nao disponivel,P2P,Nao disponivel,5648,1
202411,PF,PF,SUDESTE,SUL,entre 50 e 59 anos,entre 30 e 39 anos,MANU,P2P,Pix,"8835986,35",30224
202411,PF,PF,CENTRO-OESTE,NORTE,até 19 anos,até 19 anos,Nao disponivel,P2P,Nao disponivel,"26853,58",961
202411,PF,PF,SUL,CENTRO-OESTE,entre 50 e 59 anos,entre 50 e 59 anos,Nao disponivel,P2P,Nao disponivel,"10023,88",54
202411,PF,PJ,NORDESTE,CENTRO-OESTE,entre 50 e 59 anos,Nao se aplica,QRDN,P2B,Pix,"45488316,11",402708
202411,PF,PF,NORTE,NORDESTE,entre 40 e 49 anos,mais de 60 anos,QRDN,P2P,Pix,"431275,91",10465
202411,PF,PF,CENTRO-OESTE,NORDESTE,entre 30 e 39 anos,entre 50 e 59 anos,DICT,P2P,Pix,"35976318,85",141569
202411,PF,PF,SUDESTE,CENTRO-OESTE,entre 30 e 39 anos,até 19 anos,DICT,P2P,Pix,"8412896,97",60694
202411,PF,PF,CENTRO-OESTE,SUDESTE,entre 20 e 29 anos,entre 40 e 49 anos,QRES,P2P,Pix,"2085854,07",46005
202411,PJ,PJ,Nao informado,SUDESTE,Nao se aplica,Nao se aplica,Nao disponivel,B2B,Nao disponivel,"0,01",1
202411,PF,PF,NORTE,NORTE,entre 50 e 59 anos,mais de 60 anos,DICT,P2P,Pix,"296591570,7",991442
202411,PF,PF,CENTRO-OESTE,NORDESTE,até 19 anos,entre 50 e 59 anos,DICT,P2P,Pix,"1941023,25",21204
202411,PJ,PJ,Nao informado,SUDESTE,Nao se aplica,Nao se aplica,QRDN,B2B,Pix,"1562436,29",6054
202411,PJ,PF,SUDESTE,Nao informado,Nao se aplica,até 19 anos,MANU,B2P,Pix,"261027,34",318
202411,PJ,PF,SUDESTE,SUDESTE,Nao se aplica,entre 20 e 29 anos,QRDN,G2P,Pix,"346,88",3
202411,PJ,PJ,Nao informado,NORDESTE,Nao se aplica,Nao se aplica,MANU,G2B,Pix,"12066,98",7
202411,PF,PF,NORTE,CENTRO-OESTE,mais de 60 anos,até 19 anos,Nao disponivel,P2P,Nao disponivel,"633,31",33
202411,PF,PF,CENTRO-OESTE,Nao informado,até 19 anos,mais de 60 anos,QRDN,P2P,Pix,"327,98",13
202411,PF,PF,NORDESTE,CENTRO-OESTE,mais de 60 anos,entre 40 e 49 anos,QRES,P2P,Pix,"355844,12",4594
202411,PF,PF,SUL,Nao informado,entre 40 e 49 anos,entre 20 e 29 anos,QRDN,P2P,Pix,7940,140
202411,PF,PJ,SUL,SUL,entre 20 e 29 anos,Nao se aplica,DICT,P2B,Pix Saque,150,1
202411,PF,PF,NORDESTE,SUDESTE,entre 30 e 39 anos,entre 40 e 49 anos,MANU,P2P,Pix,"71910169,89",412063
202411,PF,PF,NORTE,NORTE,entre 50 e 59 anos,entre 40 e 49 anos,QRDN,P2P,Pix,"13489424,81",409679
202411,PF,PJ,SUL,CENTRO-OESTE,até 19 anos,Nao se aplica,Nao disponivel,P2B,Nao disponivel,"18656,03",58
202411,PF,PJ,SUDESTE,CENTRO-OESTE,mais de 60 anos,Nao se aplica,QRDN,P2B,Pix Troco,"2091,5",9
202411,PF,PJ,SUL,Nao informado,entre 20 e 29 anos,Nao se aplica,DICT,P2B,Pix,"42010,82",53
202411,PF,PF,SUL,NORTE,entre 50 e 59 anos,mais de 60 anos,MANU,P2P,Pix,"2328244,25",1302
202411,PF,PF,CENTRO-OESTE,NORDESTE,entre 20 e 29 anos,mais de 60 anos,MANU,P2P,Pix,"2042841,35",10315
202411,PF,PF,Nao informado,SUL,entre 20 e 29 anos,entre 30 e 39 anos,MANU,P2P,Pix,"654363,59",1623
202411,PF,PF,NORDESTE,SUDESTE,entre 30 e 39 anos,entre 50 e 59 anos,QRDN,P2P,Pix,"4995952,49",182194
202411,PF,PF,NORDESTE,SUDESTE,entre 30 e 39 anos,Nao informado,MANU,P2P,Pix,97,8
202411,PJ,PF,Nao informado,SUL,Nao se aplica,até 19 anos,DICT,B2P,Pix,"53710,42",206
202411,PF,PF,NORTE,SUL,até 19 anos,até 19 anos,DICT,P2P,Pix,1092779,35970
202411,PF,PF,CENTRO-OESTE,CENTRO-OESTE,entre 40 e 49 anos,entre 40 e 49 anos,Nao disponivel,P2P,Nao disponivel,"14434404,58",18277
202411,PF,PF,SUDESTE,NORDESTE,entre 30 e 39 anos,entre 40 e 49 anos,QRES,P2P,Pix,"10327400,1",254164
202411,PF,PF,SUL,NORDESTE,entre 50 e 59 anos,entre 40 e 49 anos,QRDN,P2P,Pix,"203034,63",4698
202411,PF,PF,SUL,NORDESTE,mais de 60 anos,entre 20 e 29 anos,DICT,P2P,Pix,"11661832,35",43325
202411,PF,PJ,NORTE,NORTE,entre 40 e 49 anos,Nao se aplica,DICT,P2B,Pix,"1613105602,07",2630116
202411,PF,PF,SUL,NORDESTE,até 19 anos,entre 50 e 59 anos,DICT,P2P,Pix,"857632,57",9463
202411,PF,PF,CENTRO-OESTE,Nao informado,mais de 60 anos,Nao informado,DICT,P2P,Pix,1,1
202411,PF,PF,CENTRO-OESTE,SUDESTE,até 19 anos,mais de 60 anos,QRES,P2P,Pix,"102353,07",4976
202411,PF,PF,NORDESTE,Nao informado,entre 50 e 59 anos,Nao informado,MANU,P2P,Pix,"996,9",15
202411,PF,PF,NORDESTE,SUDESTE,entre 50 e 59 anos,entre 20 e 29 anos,Nao disponivel,P2P,Nao disponivel,"199753,82",671
202411,PJ,PJ,SUL,CENTRO-OESTE,Nao se aplica,Nao se aplica,QRES,G2B,Pix,"7542,16",3
202411,PF,PJ,NORTE,SUL,entre 50 e 59 anos,Nao se aplica,DICT,P2G,Pix,"1919,15",10
202411,PJ,PF,NORTE,NORTE,Nao se aplica,entre 30 e 39 anos,MANU,B2P,Pix,"286030386,06",321990
202411,PF,PF,Nao informado,Nao informado,até 19 anos,entre 40 e 49 anos,QRES,P2P,Pix,"6391,14",162
202411,PJ,PF,NORDESTE,NORTE,Nao se aplica,Nao informado,DICT,B2P,Pix,370,10
202411,PF,PJ,NORDESTE,SUL,mais de 60 anos,Nao se aplica,QRES,P2G,Pix,"573,94",9
202411,PJ,PF,SUDESTE,CENTRO-OESTE,Nao se aplica,entre 20 e 29 anos,Nao disponivel,G2P,Nao disponivel,"2983,33",8
202411,PJ,PF,Nao informado,SUL,Nao se aplica,entre 30 e 39 anos,Nao disponivel,B2P,Nao disponivel,"9700,22",9
202411,PF,PF,SUDESTE,NORDESTE,entre 50 e 59 anos,entre 50 e 59 anos,DICT,P2P,Pix,"114144497,78",381821
202411,PJ,PJ,CENTRO-OESTE,NORDESTE,Nao se aplica,Nao se aplica,MANU,B2B,Pix,"414026872,78",19507
202411,PJ,PF,SUDESTE,NORTE,Nao se aplica,entre 30 e 39 anos,DICT,G2P,Pix,"84362,66",38
202411,PF,PJ,NORTE,SUL,entre 50 e 59 anos,Nao se aplica,MANU,P2B,Pix,"2740925,03",4751
202411,PF,PF,SUDESTE,SUDESTE,entre 40 e 49 anos,Nao informado,DICT,P2P,Pix,"3901,17",19
202411,PF,PF,SUL,NORDESTE,até 19 anos,entre 40 e 49 anos,DICT,P2P,Pix,"1984263,26",23749
202411,PF,PF,SUDESTE,Nao informado,entre 30 e 39 anos,até 19 anos,DICT,P2P,Pix,"95612,42",374
202411,PJ,PF,CENTRO-OESTE,NORDESTE,Nao se aplica,mais de 60 anos,Nao disponivel,B2P,Nao disponivel,"65177,81",466
202411,PF,PF,SUL,SUL,entre 40 e 49 anos,mais de 60 anos,QRES,P2P,Pix,"19686931,54",252985
202411,PJ,PF,NORDESTE,NORTE,Nao se aplica,entre 50 e 59 anos,Nao disponivel,B2P,Nao disponivel,"249053,92",2533
202411,PF,PF,NORTE,SUDESTE,entre 40 e 49 anos,entre 30 e 39 anos,QRES,P2P,Pix,"2331786,36",24658
202411,PF,PJ,SUL,SUL,entre 50 e 59 anos,Nao se aplica,MANU,P2G,Pix,"198281,58",476
202411,PF,PF,NORTE,NORDESTE,entre 30 e 39 anos,entre 20 e 29 anos,DICT,P2P,Pix,"70384947,32",401224
202411,PF,PF,NORTE,SUL,mais de 60 anos,entre 20 e 29 anos,DICT,P2P,Pix,"4193469,02",13826
202411,PF,PF,SUDESTE,NORDESTE,entre 20 e 29 anos,entre 50 e 59 anos,Nao disponivel,P2P,Nao disponivel,"379396,88",1430
202411,PF,PJ,CENTRO-OESTE,NORTE,mais de 60 anos,Nao se aplica,DICT,P2B,Pix,"36167629,09",16160
202411,PF,PF,NORDESTE,Nao informado,entre 50 e 59 anos,entre 50 e 59 anos,QRDN,P2P,Pix,"2905,44",99
202411,PF,PJ,NORDESTE,CENTRO-OESTE,mais de 60 anos,Nao se aplica,MANU,P2G,Pix,"6390,99",3
202411,PF,PF,SUDESTE,Nao informado,entre 50 e 59 anos,entre 40 e 49 anos,QRDN,P2P,Pix,"21753,27",416
202411,PJ,PF,NORTE,SUL,Nao se aplica,entre 40 e 49 anos,MANU,G2P,Pix,"4288,14",4
202411,PF,PF,SUDESTE,NORDESTE,entre 20 e 29 anos,entre 30 e 39 anos,DICT,P2P,Pix,"225410804,95",1451148
202411,PF,PF,NORTE,SUL,entre 30 e 39 anos,entre 50 e 59 anos,Nao disponivel,P2P,Nao disponivel,"67034,14",160
202411,PF,PF,SUL,NORTE,mais de 60 anos,entre 30 e 39 anos,QRES,P2P,Pix,"145426,19",1762
202411,PF,PF,SUDESTE,NORTE,entre 30 e 39 anos,entre 30 e 39 anos,MANU,P2P,Pix,"11928861,02",55529
202411,PF,PF,SUDESTE,SUL,entre 20 e 29 anos,entre 40 e 49 anos,QRDN,P2P,Pix,"845103,01",28248
202411,PF,PF,NORDESTE,Nao informado,entre 30 e 39 anos,entre 40 e 49 anos,MANU,P2P,Pix,"592793,03",2558
202411,PF,PF,NORDESTE,CENTRO-OESTE,até 19 anos,entre 30 e 39 anos,QRDN,P2P,Pix,"755965,08",20970
202411,PF,PJ,CENTRO-OESTE,CENTRO-OESTE,mais de 60 anos,Nao se aplica,MANU,P2G,Pix,"292743,3",107
202411,PF,PF,NORDESTE,Nao informado,entre 40 e 49 anos,entre 40 e 49 anos,DICT,P2P,Pix,"3470268,92",8832
202411,PF,PF,SUDESTE,SUDESTE,entre 30 e 39 anos,até 19 anos,INIC,P2P,Pix,2000,1
202411,PF,PF,NORDESTE,NORTE,entre 50 e 59 anos,entre 40 e 49 anos,Nao disponivel,P2P,Nao disponivel,"45445,65",169
202411,PJ,PF,SUL,SUL,Nao se aplica,entre 20 e 29 anos,MANU,G2P,Pix,"555527,87",475
202411,PF,PF,NORTE,CENTRO-OESTE,entre 30 e 39 anos,mais de 60 anos,DICT,P2P,Pix,"23952034,87",58054
202411,PF,PF,NORDESTE,NORTE,mais de 60 anos,entre 50 e 59 anos,DICT,P2P,Pix,"13375212,82",29129
202411,PJ,PF,NORDESTE,NORDESTE,Nao se aplica,até 19 anos,DICT,G2P,Pix,"1323182,38",2108
202411,PF,PF,NORTE,SUDESTE,mais de 60 anos,até 19 anos,QRES,P2P,Pix,"35071,91",423
202411,PF,PJ,SUDESTE,Nao informado,entre 40 e 49 anos,Nao se aplica,QRES,P2B,Pix,"21185,77",62
202411,PF,PF,NORTE,SUDESTE,entre 40 e 49 anos,até 19 anos,MANU,P2P,Pix,"639079,67",7970
202411,PJ,PF,NORDESTE,NORTE,Nao se aplica,entre 40 e 49 anos,QRES,B2P,Pix,"554643,71",4535
202411,PF,PF,SUDESTE,NORTE,mais de 60 anos,entre 40 e 49 anos,Nao disponivel,P2P,Nao disponivel,"15602,2",58
202411,PF,PF,CENTRO-OESTE,Nao informado,entre 20 e 29 anos,entre 20 e 29 anos,QRES,P2P,Pix,"36123,59",669
202411,PF,PJ,Nao informado,SUDESTE,Nao informado,Nao se aplica,DICT,P2B,Pix,"4781,23",35
202411,PF,PJ,NORTE,SUL,entre 40 e 49 anos,Nao se aplica,Nao disponivel,P2B,Nao disponivel,"230133,06",73
202411,PJ,PF,NORDESTE,CENTRO-OESTE,Nao se aplica,entre 30 e 39 anos,QRES,B2P,Pix,"727465,64",4088
202411,PF,PJ,NORTE,NORTE,entre 50 e 59 anos,Nao se aplica,QRDN,P2B,Pix,"368858560,88",3927545
202411,PF,PF,SUDESTE,CENTRO-OESTE,entre 50 e 59 anos,entre 50 e 59 anos,QRES,P2P,Pix,"540000,93",8689
202411,PF,PF,NORTE,Nao informado,entre 30 e 39 anos,entre 20 e 29 anos,MANU,P2P,Pix,"639638,51",6022
202411,PF,PF,CENTRO-OESTE,NORTE,mais de 60 anos,mais de 60 anos,Nao disponivel,P2P,Nao disponivel,"3031,1",12
202411,PF,PF,Nao informado,SUL,entre 20 e 29 anos,até 19 anos,QRDN,P2P,Pix,"708,75",25
202411,PF,PF,NORTE,Nao informado,até 19 anos,entre 40 e 49 anos,QRDN,P2P,Pix,"2583,81",126
202411,PF,PJ,SUDESTE,NORDESTE,entre 50 e 59 anos,Nao se aplica,Nao disponivel,P2B,Nao disponivel,"211565,47",278
202411,PJ,PJ,SUDESTE,SUDESTE,Nao se aplica,Nao se aplica,QRES,B2G,Pix,"14226502,45",27409
202411,PJ,PF,CENTRO-OESTE,CENTRO-OESTE,Nao se aplica,entre 30 e 39 anos,DICT,G2P,Pix,"13126685,75",7103
202411,PF,PF,SUDESTE,CENTRO-OESTE,entre 50 e 59 anos,entre 50 e 59 anos,MANU,P2P,Pix,"9535974,28",16373
202411,PF,PF,NORDESTE,CENTRO-OESTE,entre 20 e 29 anos,entre 30 e 39 anos,QRDN,P2P,Pix,"3470868,77",106619
202411,PF,PJ,NORTE,CENTRO-OESTE,entre 40 e 49 anos,Nao se aplica,DICT,P2B,Pix,"99306606,91",101480
202411,PJ,PJ,SUL,SUDESTE,Nao se aplica,Nao se aplica,Nao disponivel,G2B,Nao disponivel,"419,86",2
202411,PJ,PF,NORDESTE,NORDESTE,Nao se aplica,mais de 60 anos,DICT,B2P,Pix,"2152561631,77",1781834
202411,PF,PF,Nao informado,NORTE,mais de 60 anos,entre 50 e 59 anos,QRES,P2P,Pix,"3029,84",37
202411,PF,PF,SUDESTE,NORDESTE,entre 30 e 39 anos,entre 30 e 39 anos,INIC,P2P,Pix,16,3
202411,PF,PF,NORDESTE,Nao informado,entre 20 e 29 anos,mais de 60 anos,QRDN,P2P,Pix,"9263,35",360
202411,PF,PF,NORDESTE,Nao informado,entre 40 e 49 anos,entre 20 e 29 anos,QRDN,P2P,Pix,"11885,02",645
202411,PF,PF,NORTE,NORTE,entre 20 e 29 anos,entre 20 e 29 anos,Nao disponivel,P2P,Nao disponivel,"10500203,99",63710
202411,PF,PF,NORTE,NORTE,mais de 60 anos,entre 20 e 29 anos,DICT,P2P,Pix,"319014675,7",1289472
202411,PF,PF,CENTRO-OESTE,SUL,até 19 anos,mais de 60 anos,QRDN,P2P,Pix,"24465,66",1412
202411,PF,PF,Nao informado,NORDESTE,entre 50 e 59 anos,entre 20 e 29 anos,QRES,P2P,Pix,"21835,7",288
202411,PF,PJ,NORTE,NORDESTE,entre 50 e 59 anos,Nao se aplica,QRES,P2B,Pix,"5334317,38",50867
202411,PF,PJ,NORDESTE,Nao informado,entre 30 e 39 anos,Nao se aplica,QRDN,P2B,Pix,"344581,15",2367
202411,PF,PF,NORDESTE,CENTRO-OESTE,entre 40 e 49 anos,mais de 60 anos,DICT,P2P,Pix,"22333201,68",56719
202411,PF,PF,NORTE,NORDESTE,entre 20 e 29 anos,entre 50 e 59 anos,Nao disponivel,P2P,Nao disponivel,"92933,66",256
202411,PF,PF,SUDESTE,Nao informado,entre 40 e 49 anos,entre 50 e 59 anos,QRES,P2P,Pix,"68464,99",415
202411,PF,PF,NORTE,NORDESTE,entre 40 e 49 anos,entre 20 e 29 anos,Nao disponivel,P2P,Nao disponivel,"120276,15",429
202411,PF,PF,Nao informado,SUDESTE,entre 30 e 39 anos,entre 30 e 39 anos,MANU,P2P,Pix,"3397790,68",4273
202411,PF,PF,CENTRO-OESTE,SUDESTE,entre 30 e 39 anos,entre 20 e 29 anos,Nao disponivel,P2P,Nao disponivel,"317365,71",1402
202411,PF,PF,NORTE,CENTRO-OESTE,mais de 60 anos,mais de 60 anos,QRES,P2P,Pix,"107446,77",1193
202411,PF,PF,NORDESTE,NORTE,mais de 60 anos,entre 30 e 39 anos,QRDN,P2P,Pix,"119492,8",3069
202411,PJ,PF,SUDESTE,Nao informado,Nao se aplica,entre 40 e 49 anos,MANU,B2P,Pix,"108977804,06",23129
202411,PF,PF,NORTE,SUL,entre 20 e 29 anos,entre 50 e 59 anos,DICT,P2P,Pix,"14917528,2",90299
202411,PF,PF,Nao informado,NORTE,até 19 anos,entre 30 e 39 anos,Nao disponivel,P2P,Nao disponivel,124,4
202411,PJ,PJ,NORDESTE,CENTRO-OESTE,Nao se aplica,Nao se aplica,DICT,B2G,Pix,"12325,65",4
202411,PF,PF,NORDESTE,Nao informado,entre 50 e 59 anos,mais de 60 anos,MANU,P2P,Pix,"182609,35",205
202411,PJ,PF,Nao informado,SUDESTE,Nao se aplica,mais de 60 anos,QRDN,B2P,Pix,"839,3",23
202411,PF,PJ,SUDESTE,Nao informado,entre 30 e 39 anos,Nao se aplica,Nao disponivel,P2B,Nao disponivel,"16255,79",6
202411,PF,PF,NORDESTE,NORTE,entre 30 e 39 anos,entre 20 e 29 anos,DICT,P2P,Pix,"55035586,06",345692
202411,PF,PF,NORTE,SUL,mais de 60 anos,entre 20 e 29 anos,MANU,P2P,Pix,"377311,21",2421
202411,PF,PF,SUL,SUDESTE,entre 30 e 39 anos,Nao informado,INIC,P2P,Pix,"791,1",7
202411,PF,PF,SUDESTE,SUL,mais de 60 anos,entre 40 e 49 anos,QRES,P2P,Pix,"603184,89",6023
202411,PF,PJ,SUL,CENTRO-OESTE,entre 30 e 39 anos,Nao se aplica,Nao disponivel,P2B,Nao disponivel,363190,455
202411,PF,PJ,SUL,SUDESTE,entre 20 e 29 anos,Nao se aplica,DICT,P2B,Pix,"207908791,5",263201
202411,PF,PF,Nao informado,NORTE,entre 40 e 49 anos,entre 30 e 39 anos,MANU,P2P,Pix,"569885,33",2251
202411,PF,PF,SUDESTE,SUDESTE,entre 40 e 49 anos,entre 50 e 59 anos,QRES,P2P,Pix,"103704174,28",1963909
202411,PF,PF,SUDESTE,Nao informado,entre 20 e 29 anos,entre 40 e 49 anos,Nao disponivel,P2P,Nao disponivel,"20051,15",34
202411,PF,PF,Nao informado,CENTRO-OESTE,entre 50 e 59 anos,entre 20 e 29 anos,DICT,P2P,Pix,"667690,56",1246
202411,PF,PF,NORTE,NORDESTE,mais de 60 anos,entre 40 e 49 anos,Nao disponivel,P2P,Nao disponivel,"9258,49",46
202411,PJ,PF,Nao informado,NORTE,Nao se aplica,até 19 anos,MANU,B2P,Pix,26493,49
202411,PF,PF,Nao informado,NORDESTE,entre 50 e 59 anos,até 19 anos,MANU,P2P,Pix,"11078,28",159
202411,PF,PF,NORTE,CENTRO-OESTE,entre 50 e 59 anos,entre 30 e 39 anos,QRDN,P2P,Pix,"391854,26",7693
202411,PF,PJ,NORTE,CENTRO-OESTE,entre 40 e 49 anos,Nao se aplica,QRDN,P2B,Pix Saque,"75176,1",518
202411,PJ,PF,Nao informado,NORDESTE,Nao se aplica,entre 40 e 49 anos,QRDN,B2P,Pix,"3408,75",86
202411,PF,PF,NORTE,SUDESTE,entre 30 e 39 anos,entre 40 e 49 anos,MANU,P2P,Pix,"9462091,17",44785
202411,PF,PF,SUL,Nao informado,até 19 anos,entre 20 e 29 anos,QRES,P2P,Pix,"4947,9",176
202411,PF,PJ,SUL,SUDESTE,até 19 anos,Nao se aplica,Nao disponivel,P2B,Nao disponivel,"220328,31",589
202411,PF,PF,Nao informado,NORDESTE,até 19 anos,entre 20 e 29 anos,QRDN,P2P,Pix,"3713,39",186
202411,PF,PF,Nao informado,Nao informado,mais de 60 anos,entre 50 e 59 anos,MANU,P2P,Pix,"141556,72",144
202411,PF,PJ,SUL,SUDESTE,entre 20 e 29 anos,Nao se aplica,QRES,P2B,Pix,"326863488,73",2255729
202411,PF,PF,NORTE,NORDESTE,entre 20 e 29 anos,entre 50 e 59 anos,MANU,P2P,Pix,"3407846,24",23177
202411,PF,PF,SUDESTE,Nao informado,entre 20 e 29 anos,entre 30 e 39 anos,QRES,P2P,Pix,"94442,84",2587
202411,PJ,PF,Nao informado,SUDESTE,Nao se aplica,entre 20 e 29 anos,QRDN,B2P,Pix,"3224,84",31
202411,PF,PF,NORTE,CENTRO-OESTE,entre 50 e 59 anos,até 19 anos,Nao disponivel,P2P,Nao disponivel,"2139,22",29
202411,PF,PF,CENTRO-OESTE,NORDESTE,mais de 60 anos,mais de 60 anos,Nao disponivel,P2P,Nao disponivel,"22035,44",31
202411,PF,PF,CENTRO-OESTE,Nao informado,entre 30 e 39 anos,entre 50 e 59 anos,MANU,P2P,Pix,"288056,62",453
202411,PF,PF,NORDESTE,SUDESTE,mais de 60 anos,entre 30 e 39 anos,MANU,P2P,Pix,"8626088,69",37278
202411,PF,PF,NORDESTE,Nao informado,entre 20 e 29 anos,entre 50 e 59 anos,Nao disponivel,P2P,Nao disponivel,555,12
202411,PF,PF,NORTE,SUL,entre 50 e 59 anos,até 19 anos,Nao disponivel,P2P,Nao disponivel,"1273,62",24
202411,PF,PF,SUL,NORTE,entre 30 e 39 anos,mais de 60 anos,QRES,P2P,Pix,"187845,37",3716
202411,PF,PF,Nao informado,Nao informado,entre 20 e 29 anos,entre 30 e 39 anos,QRDN,P2P,Pix,"9153,74",205
202411,PF,PF,NORDESTE,SUDESTE,entre 20 e 29 anos,entre 40 e 49 anos,MANU,P2P,Pix,"52616372,53",377911
202411,PF,PF,CENTRO-OESTE,SUDESTE,entre 30 e 39 anos,entre 40 e 49 anos,Nao disponivel,P2P,Nao disponivel,"391353,77",1094
202411,PF,PF,CENTRO-OESTE,CENTRO-OESTE,entre 20 e 29 anos,entre 20 e 29 anos,QRES,P2P,Pix,"134122471,96",841513
202411,PF,PF,NORDESTE,SUDESTE,entre 50 e 59 anos,até 19 anos,Nao disponivel,P2P,Nao disponivel,"15228,17",810
202411,PF,PF,NORTE,NORDESTE,entre 50 e 59 anos,entre 30 e 39 anos,QRES,P2P,Pix,"1700075,67",22678
202411,PF,PF,SUDESTE,SUL,entre 40 e 49 anos,entre 30 e 39 anos,QRES,P2P,Pix,"2761583,81",35518
202411,PF,PF,NORTE,CENTRO-OESTE,entre 30 e 39 anos,até 19 anos,Nao disponivel,P2P,Nao disponivel,"11758,2",183
202411,PF,PF,SUL,NORTE,até 19 anos,mais de 60 anos,QRDN,P2P,Pix,"6622,3",514
202411,PF,PF,SUDESTE,Nao informado,entre 20 e 29 anos,entre 30 e 39 anos,MANU,P2P,Pix,"892604,43",2505
202411,PF,PF,SUDESTE,NORTE,até 19 anos,entre 20 e 29 anos,QRDN,P2P,Pix,"74818,22",3457
202411,PF,PF,SUDESTE,CENTRO-OESTE,entre 50 e 59 anos,mais de 60 anos,QRES,P2P,Pix,"399034,32",5009
202411,PF,PF,NORDESTE,NORDESTE,entre 40 e 49 anos,entre 20 e 29 anos,QRES,P2P,Pix,"91823068,65",1818239
202411,PF,PJ,NORDESTE,SUL,entre 20 e 29 anos,Nao se aplica,QRDN,P2B,Pix,"652279574,24",9401802
202411,PF,PF,SUDESTE,SUL,entre 40 e 49 anos,entre 30 e 39 anos,Nao disponivel,P2P,Nao disponivel,"200785,54",874
202411,PJ,PJ,CENTRO-OESTE,CENTRO-OESTE,Nao se aplica,Nao se aplica,Nao disponivel,G2B,Nao disponivel,"5746,62",5
202411,PF,PJ,SUL,NORTE,entre 40 e 49 anos,Nao se aplica,QRES,P2B,Pix,"2363590,01",11092
202411,PF,PF,SUL,NORTE,entre 40 e 49 anos,entre 20 e 29 anos,MANU,P2P,Pix,"2378281,35",18254
202411,PF,PJ,SUL,SUDESTE,entre 20 e 29 anos,Nao se aplica,INIC,P2B,Pix,"10868,92",735
202411,PF,PF,Nao informado,NORDESTE,mais de 60 anos,até 19 anos,MANU,P2P,Pix,"3973,74",44
202411,PF,PF,SUL,NORTE,até 19 anos,entre 40 e 49 anos,MANU,P2P,Pix,"225804,45",2315
202411,PF,PJ,NORDESTE,Nao informado,entre 20 e 29 anos,Nao se aplica,DICT,P2B,Pix,"131524,19",400
202411,PF,PF,Nao informado,NORTE,até 19 anos,mais de 60 anos,MANU,P2P,Pix,"1407,08",48
202411,PF,PF,NORDESTE,SUDESTE,entre 20 e 29 anos,até 19 anos,Nao disponivel,P2P,Nao disponivel,"190174,95",6638
202411,PF,PJ,NORDESTE,CENTRO-OESTE,mais de 60 anos,Nao se aplica,QRDN,P2B,Pix,"38576306,14",170024
202411,PJ,PF,SUL,NORDESTE,Nao se aplica,entre 30 e 39 anos,QRDN,B2P,Pix,"366284,66",4793
202411,PF,PJ,SUL,SUDESTE,entre 50 e 59 anos,Nao se aplica,MANU,P2B,Pix,"25546390,72",25502
202411,PJ,PJ,NORDESTE,CENTRO-OESTE,Nao se aplica,Nao se aplica,QRDN,B2G,Pix,"808690878,96",442468
202411,PF,PF,CENTRO-OESTE,SUL,mais de 60 anos,mais de 60 anos,QRES,P2P,Pix,"98949,92",645
202411,PF,PF,NORDESTE,SUDESTE,mais de 60 anos,entre 30 e 39 anos,QRDN,P2P,Pix,"519118,4",10095
202411,PF,PJ,SUDESTE,SUL,mais de 60 anos,Nao se aplica,Nao disponivel,P2B,Nao disponivel,"145247,11",134
202411,PF,PF,NORDESTE,NORDESTE,até 19 anos,entre 30 e 39 anos,MANU,P2P,Pix,"96716473,07",1458911
202411,PF,PF,NORTE,Nao informado,entre 30 e 39 anos,entre 50 e 59 anos,QRES,P2P,Pix,"35431,77",727
202411,PF,PF,CENTRO-OESTE,Nao informado,entre 40 e 49 anos,entre 30 e 39 anos,MANU,P2P,Pix,"302682,43",1661
202411,PF,PF,Nao informado,SUL,entre 30 e 39 anos,entre 30 e 39 anos,Nao disponivel,P2P,Nao disponivel,"28841,27",52
202411,PF,PF,Nao informado,SUDESTE,entre 50 e 59 anos,mais de 60 anos,Nao disponivel,P2P,Nao disponivel,4160,8
202411,PF,PF,Nao informado,SUL,entre 20 e 29 anos,entre 50 e 59 anos,QRES,P2P,Pix,"24734,87",722
202411,PJ,PJ,Nao informado,CENTRO-OESTE,Nao se aplica,Nao se aplica,MANU,B2B,Pix,"330789,72",25
202411,PF,PF,CENTRO-OESTE,SUDESTE,entre 50 e 59 anos,entre 20 e 29 anos,QRES,P2P,Pix,"1165222,18",7796
202411,PF,PJ,SUL,NORDESTE,entre 50 e 59 anos,Nao se aplica,DICT,P2B,Pix,"27865998,78",32582
202411,PF,PF,SUL,NORTE,até 19 anos,entre 20 e 29 anos,QRDN,P2P,Pix,"39943,78",1528
202411,PF,PJ,SUDESTE,SUL,até 19 anos,Nao se aplica,MANU,P2B,Pix,"1546567,95",5378
202411,PF,PF,SUDESTE,SUDESTE,mais de 60 anos,entre 40 e 49 anos,QRES,P2P,Pix,"50415595,05",451615
202411,PF,PF,CENTRO-OESTE,NORDESTE,entre 20 e 29 anos,entre 40 e 49 anos,QRES,P2P,Pix,"1869180,1",54881
202411,PF,PF,NORTE,SUL,entre 40 e 49 anos,entre 40 e 49 anos,MANU,P2P,Pix,"3938835,58",17177
202411,PF,PJ,CENTRO-OESTE,NORTE,até 19 anos,Nao se aplica,QRES,P2G,Pix,"38,02",3
202411,PF,PF,CENTRO-OESTE,NORDESTE,entre 50 e 59 anos,entre 40 e 49 anos,DICT,P2P,Pix,"46968339,5",153603
202411,PF,PF,NORTE,SUDESTE,entre 30 e 39 anos,entre 50 e 59 anos,MANU,P2P,Pix,"6082933,53",20887
202411,PF,PF,SUL,SUDESTE,entre 20 e 29 anos,entre 50 e 59 anos,QRES,P2P,Pix,"1272840,42",26391
202411,PJ,PJ,SUL,SUL,Nao se aplica,Nao se aplica,DICT,G2G,Pix,"134308183,06",1172
202411,PJ,PF,NORTE,SUDESTE,Nao se aplica,até 19 anos,MANU,B2P,Pix,"894396,42",478
202411,PF,PJ,Nao informado,SUDESTE,mais de 60 anos,Nao se aplica,DICT,P2B,Pix,"10040264,55",4638
202411,PF,PF,NORDESTE,NORDESTE,entre 40 e 49 anos,até 19 anos,DICT,P2P,Pix,"530907648,1",5827060
202411,PJ,PF,NORTE,SUDESTE,Nao se aplica,entre 50 e 59 anos,MANU,B2P,Pix,"16080009,39",2263
202411,PF,PF,SUDESTE,Nao informado,entre 20 e 29 anos,Nao informado,QRES,P2P,Pix,12,12
202411,PF,PJ,SUDESTE,CENTRO-OESTE,entre 20 e 29 anos,Nao se aplica,QRDN,P2B,Pix Troco,"295,88",1
202411,PF,PF,SUL,SUDESTE,entre 30 e 39 anos,até 19 anos,QRDN,P2P,Pix,"49238,13",1514
202411,PF,PJ,SUDESTE,Nao informado,entre 40 e 49 anos,Nao se aplica,QRDN,P2B,Pix,"1069753,79",3007
202411,PF,PJ,NORTE,NORDESTE,entre 40 e 49 anos,Nao se aplica,DICT,P2B,Pix,"64959392,25",87914
202411,PJ,PF,NORTE,NORTE,Nao se aplica,entre 40 e 49 anos,QRES,B2P,Pix,"28087146,89",172234
202411,PJ,PF,SUDESTE,NORTE,Nao se aplica,entre 50 e 59 anos,DICT,G2P,Pix,"8482,61",11
202411,PF,PJ,NORTE,SUDESTE,entre 30 e 39 anos,Nao se aplica,INIC,P2B,Pix,"2481,55",163
202411,PF,PJ,SUDESTE,SUL,entre 20 e 29 anos,Nao se aplica,Nao disponivel,P2B,Nao disponivel,"1207997,32",1258
202411,PJ,PF,CENTRO-OESTE,NORDESTE,Nao se aplica,entre 30 e 39 anos,DICT,G2P,Pix,"3450115,11",3330
202411,PF,PJ,Nao informado,NORTE,entre 50 e 59 anos,Nao se aplica,QRDN,P2G,Pix,"3450,11",15
202411,PF,PJ,SUL,NORTE,mais de 60 anos,Nao se aplica,DICT,P2B,Pix,"22030178,01",6829
202411,PF,PF,SUDESTE,CENTRO-OESTE,entre 40 e 49 anos,até 19 anos,MANU,P2P,Pix,"1375656,88",11299
202411,PF,PF,SUL,NORDESTE,até 19 anos,entre 40 e 49 anos,MANU,P2P,Pix,"326025,5",3662
202411,PF,PJ,Nao informado,Nao informado,entre 40 e 49 anos,Nao se aplica,QRDN,P2G,Pix,"318,76",7
202411,PF,PF,NORDESTE,NORTE,entre 50 e 59 anos,entre 40 e 49 anos,DICT,P2P,Pix,"29554834,1",94690
202411,PF,PF,SUL,NORDESTE,até 19 anos,entre 20 e 29 anos,QRES,P2P,Pix,"277098,34",11543
202411,PF,PF,SUL,SUL,até 19 anos,entre 50 e 59 anos,QRES,P2P,Pix,"5522043,99",223575
202411,PJ,PF,SUL,SUL,Nao se aplica,entre 40 e 49 anos,DICT,B2P,Pix,"7551873068,59",5717236
202411,PF,PF,SUL,CENTRO-OESTE,entre 20 e 29 anos,mais de 60 anos,QRDN,P2P,Pix,"106014,02",3423
202411,PF,PF,CENTRO-OESTE,NORTE,entre 40 e 49 anos,entre 20 e 29 anos,QRDN,P2P,Pix,"445028,8",10971
202411,PF,PF,NORTE,NORTE,entre 40 e 49 anos,entre 40 e 49 anos,QRES,P2P,Pix,"127422876,9",1463711
202411,PF,PJ,Nao informado,NORDESTE,entre 20 e 29 anos,Nao se aplica,QRES,P2B,Pix,"318511,69",3962
202411,PF,PF,SUDESTE,NORDESTE,até 19 anos,entre 50 e 59 anos,QRES,P2P,Pix,"604441,72",35384
202411,PF,PF,Nao informado,SUDESTE,mais de 60 anos,entre 20 e 29 anos,QRES,P2P,Pix,"37304,15",92
202411,PF,PF,NORDESTE,CENTRO-OESTE,entre 20 e 29 anos,entre 50 e 59 anos,DICT,P2P,Pix,"31155449,69",197118
202411,PF,PF,SUL,Nao informado,mais de 60 anos,entre 30 e 39 anos,MANU,P2P,Pix,"463070,12",341
202411,PF,PF,SUDESTE,SUL,até 19 anos,até 19 anos,QRES,P2P,Pix,"116569,17",8457
202411,PF,PF,Nao informado,CENTRO-OESTE,entre 30 e 39 anos,entre 40 e 49 anos,QRDN,P2P,Pix,"14523,33",419
202411,PF,PJ,CENTRO-OESTE,NORTE,entre 40 e 49 anos,Nao se aplica,DICT,P2G,Pix,"36941,73",24
202411,PF,PJ,CENTRO-OESTE,CENTRO-OESTE,entre 30 e 39 anos,Nao se aplica,QRDN,P2G,Pix,"68294056,67",220587
202411,PF,PF,NORDESTE,SUDESTE,entre 40 e 49 anos,até 19 anos,MANU,P2P,Pix,"4762470,23",60014
202411,PJ,PF,CENTRO-OESTE,CENTRO-OESTE,Nao se aplica,até 19 anos,DICT,B2P,Pix,"268175525,56",652468
202411,PF,PJ,NORTE,SUDESTE,entre 40 e 49 anos,Nao se aplica,QRDN,P2B,Pix Troco,"270,11",1
202411,PF,PF,CENTRO-OESTE,SUDESTE,entre 30 e 39 anos,entre 30 e 39 anos,MANU,P2P,Pix,"23544656,12",90935
202411,PF,PJ,NORTE,NORDESTE,entre 50 e 59 anos,Nao se aplica,MANU,P2G,Pix,"745,34",6
202411,PF,PF,NORTE,NORDESTE,entre 40 e 49 anos,entre 30 e 39 anos,MANU,P2P,Pix,"10815896,2",69618
202411,PF,PF,CENTRO-OESTE,CENTRO-OESTE,até 19 anos,entre 40 e 49 anos,QRDN,P2P,Pix,"4946769,16",250750
202411,PF,PF,NORTE,CENTRO-OESTE,até 19 anos,entre 30 e 39 anos,MANU,P2P,Pix,"813729,73",8742
202411,PF,PF,CENTRO-OESTE,Nao informado,entre 40 e 49 anos,entre 20 e 29 anos,Nao disponivel,P2P,Nao disponivel,"11301,89",7
202411,PF,PF,SUDESTE,NORDESTE,mais de 60 anos,entre 30 e 39 anos,Nao disponivel,P2P,Nao disponivel,"118302,58",540
202411,PJ,PF,NORDESTE,NORTE,Nao se aplica,mais de 60 anos,MANU,B2P,Pix,"7245255,48",5834
202411,PF,PJ,NORTE,CENTRO-OESTE,entre 20 e 29 anos,Nao se aplica,MANU,P2B,Pix,"7174440,76",26245
202411,PJ,PF,Nao informado,CENTRO-OESTE,Nao se aplica,entre 20 e 29 anos,QRDN,B2P,Pix,"513,5",10
202411,PJ,PJ,NORTE,CENTRO-OESTE,Nao se aplica,Nao se aplica,QRES,B2G,Pix,"1912,63",23
202411,PF,PF,SUL,NORDESTE,até 19 anos,entre 30 e 39 anos,DICT,P2P,Pix,"3250005,69",39872
202411,PF,PF,NORTE,CENTRO-OESTE,até 19 anos,entre 20 e 29 anos,QRDN,P2P,Pix,"273128,9",8128
202411,PJ,PF,CENTRO-OESTE,NORDESTE,Nao se aplica,entre 30 e 39 anos,QRES,B2P,Pix,"1385148,22",7822
202411,PF,PF,Nao informado,CENTRO-OESTE,até 19 anos,entre 30 e 39 anos,QRDN,P2P,Pix,"3167,72",69
202411,PF,PJ,CENTRO-OESTE,SUDESTE,entre 40 e 49 anos,Nao se aplica,QRDN,P2B,Pix Troco,"2154,25",7
202411,PJ,PF,NORDESTE,CENTRO-OESTE,Nao se aplica,até 19 anos,Nao disponivel,B2P,Nao disponivel,"207322,73",7533
202411,PF,PF,Nao informado,NORDESTE,mais de 60 anos,até 19 anos,QRES,P2P,Pix,"902,59",21
202411,PF,PF,Nao informado,NORDESTE,mais de 60 anos,entre 20 e 29 anos,MANU,P2P,Pix,"37415,41",194
202411,PJ,PF,SUDESTE,CENTRO-OESTE,Nao se aplica,entre 50 e 59 anos,Nao disponivel,G2P,Nao disponivel,"883,09",6
202411,PF,PF,NORTE,NORTE,entre 20 e 29 anos,entre 30 e 39 anos,MANU,P2P,Pix,"267255296,4",2339038
202411,PF,PF,CENTRO-OESTE,CENTRO-OESTE,até 19 anos,até 19 anos,INIC,P2P,Pix,"329318,12",1939
202411,PF,PF,CENTRO-OESTE,NORDESTE,entre 20 e 29 anos,até 19 anos,Nao disponivel,P2P,Nao disponivel,"75050,44",980
202411,PF,PJ,CENTRO-OESTE,Nao informado,entre 40 e 49 anos,Nao se aplica,Nao disponivel,P2B,Nao disponivel,130,3
202411,PF,PF,Nao informado,NORTE,Nao informado,entre 40 e 49 anos,QRES,P2P,Pix,"513,68",17
202411,PF,PJ,CENTRO-OESTE,NORDESTE,entre 50 e 59 anos,Nao se aplica,QRDN,P2B,Pix Saque,"55846,77",313
202411,PF,PF,NORDESTE,NORDESTE,entre 40 e 49 anos,entre 40 e 49 anos,QRDN,P2P,Pix,"85145727,35",2405835
202411,PF,PF,CENTRO-OESTE,NORDESTE,entre 30 e 39 anos,entre 30 e 39 anos,DICT,P2P,Pix,"139895802,87",619775
202411,PF,PF,CENTRO-OESTE,NORTE,mais de 60 anos,entre 20 e 29 anos,QRES,P2P,Pix,"156709,65",1771
202411,PF,PF,CENTRO-OESTE,NORTE,mais de 60 anos,mais de 60 anos,MANU,P2P,Pix,"1325001,26",1752
202411,PJ,PF,SUL,NORTE,Nao se aplica,entre 50 e 59 anos,QRES,B2P,Pix,"126862,2",1095
202411,PF,PF,Nao informado,SUDESTE,entre 30 e 39 anos,entre 50 e 59 anos,MANU,P2P,Pix,"1851457,24",2066
202411,PJ,PF,SUDESTE,NORTE,Nao se aplica,até 19 anos,QRDN,B2P,Pix,"19447,47",135
202411,PF,PJ,NORDESTE,SUDESTE,entre 50 e 59 anos,Nao se aplica,QRDN,P2B,Pix,"1096499895,44",16433325
202411,PF,PF,Nao informado,Nao informado,mais de 60 anos,mais de 60 anos,MANU,P2P,Pix,"6432382,86",2566
202411,PJ,PF,NORDESTE,SUDESTE,Nao se aplica,entre 20 e 29 anos,MANU,G2P,Pix,"108206,71",54
202411,PF,PJ,SUDESTE,SUDESTE,entre 50 e 59 anos,Nao se aplica,MANU,P2B,Pix,"1201898965,18",1653764
202411,PF,PF,SUL,SUL,até 19 anos,até 19 anos,QRES,P2P,Pix,"14609232,04",169020
202411,PF,PF,NORDESTE,SUL,mais de 60 anos,entre 30 e 39 anos,DICT,P2P,Pix,"12964831,59",31388
202411,PF,PF,Nao informado,CENTRO-OESTE,entre 40 e 49 anos,entre 30 e 39 anos,Nao disponivel,P2P,Nao disponivel,"2671,22",7
202411,PF,PJ,Nao informado,NORDESTE,até 19 anos,Nao se aplica,QRDN,P2B,Pix,"80487,72",2812
202411,PF,PF,SUDESTE,SUDESTE,entre 50 e 59 anos,entre 40 e 49 anos,MANU,P2P,Pix,"890903591,83",2697303
202411,PF,PF,SUDESTE,SUDESTE,até 19 anos,entre 50 e 59 anos,QRDN,P2P,Pix,"10268538,66",703438
202411,PF,PJ,NORTE,NORTE,mais de 60 anos,Nao se aplica,QRDN,P2G,Pix,"11729201,58",22831
202411,PF,PF,CENTRO-OESTE,CENTRO-OESTE,Nao informado,Nao informado,MANU,P2P,Pix,"3681,81",11
202411,PJ,PJ,CENTRO-OESTE,CENTRO-OESTE,Nao se aplica,Nao se aplica,QRES,G2B,Pix,"94374,36",111
202411,PJ,PF,SUDESTE,SUDESTE,Nao se aplica,Nao informado,MANU,B2P,Pix,250,1
202411,PF,PJ,NORTE,CENTRO-OESTE,entre 40 e 49 anos,Nao se aplica,QRDN,P2B,Pix Troco,"1365,23",3
202411,PF,PJ,NORTE,SUDESTE,entre 20 e 29 anos,Nao se aplica,Nao disponivel,P2B,Nao disponivel,"715150,65",1320
202411,PJ,PJ,SUL,CENTRO-OESTE,Nao se aplica,Nao se aplica,Nao disponivel,B2B,Nao disponivel,"8979937,81",14261
202411,PF,PF,SUDESTE,Nao informado,entre 30 e 39 anos,entre 20 e 29 anos,QRDN,P2P,Pix,"2371,11",71
202411,PJ,PF,NORTE,CENTRO-OESTE,Nao se aplica,entre 40 e 49 anos,QRDN,B2P,Pix,"236051,87",2722
202411,PJ,PF,CENTRO-OESTE,NORTE,Nao se aplica,entre 40 e 49 anos,MANU,B2P,Pix,"28067384,61",8693
202411,PJ,PF,SUL,Nao informado,Nao se aplica,Nao informado,DICT,B2P,Pix,"3346,86",43
202411,PF,PJ,SUDESTE,SUL,entre 40 e 49 anos,Nao se aplica,QRDN,P2B,Pix Troco,"1243,39",5
202411,PF,PF,NORTE,Nao informado,entre 40 e 49 anos,mais de 60 anos,DICT,P2P,Pix,"211582,62",697
202411,PF,PF,Nao informado,NORDESTE,entre 20 e 29 anos,entre 40 e 49 anos,DICT,P2P,Pix,"2469010,15",7221
202411,PJ,PF,CENTRO-OESTE,Nao informado,Nao se aplica,até 19 anos,Nao disponivel,B2P,Nao disponivel,"19,66",2
202411,PF,PF,SUDESTE,NORTE,entre 40 e 49 anos,entre 40 e 49 anos,DICT,P2P,Pix,"58038374,61",151144
202411,PF,PF,SUL,SUDESTE,até 19 anos,até 19 anos,Nao disponivel,P2P,Nao disponivel,"80215,07",3598
202411,PF,PF,NORTE,NORDESTE,entre 40 e 49 anos,entre 40 e 49 anos,Nao disponivel,P2P,Nao disponivel,"53703,51",344
202411,PF,PF,SUDESTE,CENTRO-OESTE,entre 40 e 49 anos,entre 30 e 39 anos,MANU,P2P,Pix,"18121041,95",49584
202411,PF,PF,NORDESTE,NORTE,entre 20 e 29 anos,entre 50 e 59 anos,MANU,P2P,Pix,"3697896,72",28354
202411,PF,PF,NORDESTE,NORTE,até 19 anos,entre 50 e 59 anos,QRDN,P2P,Pix,"142415,84",8509
202411,PF,PF,SUL,SUDESTE,mais de 60 anos,até 19 anos,QRDN,P2P,Pix,"9592,23",165
202411,PF,PF,SUL,NORDESTE,mais de 60 anos,mais de 60 anos,DICT,P2P,Pix,"7685483,79",12178
202411,PF,PF,SUL,SUL,entre 50 e 59 anos,entre 20 e 29 anos,QRES,P2P,Pix,"12477032,64",112145
202411,PF,PF,SUDESTE,SUDESTE,entre 50 e 59 anos,entre 50 e 59 anos,INIC,P2P,Pix,"10310716,09",15707
202411,PF,PF,CENTRO-OESTE,CENTRO-OESTE,entre 30 e 39 anos,mais de 60 anos,Nao disponivel,P2P,Nao disponivel,"2895008,17",4345
202411,PF,PF,NORDESTE,SUL,entre 40 e 49 anos,até 19 anos,Nao disponivel,P2P,Nao disponivel,"4380,49",425
202411,PF,PF,NORTE,CENTRO-OESTE,entre 40 e 49 anos,entre 30 e 39 anos,MANU,P2P,Pix,"7040220,06",34228
202411,PJ,PF,NORTE,Nao informado,Nao se aplica,entre 40 e 49 anos,QRES,B2P,Pix,"59886,1",97
202411,PF,PF,SUDESTE,SUL,entre 30 e 39 anos,entre 20 e 29 anos,QRDN,P2P,Pix,"808181,13",24136
202411,PF,PF,NORDESTE,SUL,mais de 60 anos,entre 30 e 39 anos,Nao disponivel,P2P,Nao disponivel,"11249,08",54
202411,PF,PF,SUDESTE,CENTRO-OESTE,entre 20 e 29 anos,entre 40 e 49 anos,DICT,P2P,Pix,"49068431,42",186588
202411,PJ,PJ,NORTE,SUDESTE,Nao se aplica,Nao se aplica,DICT,G2B,Pix,"559524,75",46
202411,PJ,PF,NORTE,NORTE,Nao se aplica,Nao informado,DICT,B2P,Pix,1305,4
202411,PF,PJ,Nao informado,NORDESTE,até 19 anos,Nao se aplica,MANU,P2B,Pix,"2091,04",51
202411,PF,PF,SUL,SUL,mais de 60 anos,entre 50 e 59 anos,QRES,P2P,Pix,"10450574,29",80736
202411,PJ,PJ,CENTRO-OESTE,SUDESTE,Nao se aplica,Nao se aplica,MANU,G2B,Pix,"2188864884,31",38219
202411,PF,PF,CENTRO-OESTE,CENTRO-OESTE,entre 30 e 39 anos,mais de 60 anos,DICT,P2P,Pix,"768942062,64",1534293
202411,PF,PF,SUDESTE,SUDESTE,entre 50 e 59 anos,entre 40 e 49 anos,INIC,P2P,Pix,"388,4",3
202411,PF,PF,CENTRO-OESTE,NORTE,mais de 60 anos,entre 20 e 29 anos,DICT,P2P,Pix,"18107650,59",41457
202411,PF,PF,SUDESTE,CENTRO-OESTE,entre 30 e 39 anos,até 19 anos,Nao disponivel,P2P,Nao disponivel,"29901,77",431
202411,PF,PF,Nao informado,SUDESTE,mais de 60 anos,até 19 anos,QRDN,P2P,Pix,"238,5",10
202411,PF,PJ,Nao informado,SUDESTE,mais de 60 anos,Nao se aplica,DICT,P2G,Pix,"14658,4",4
202411,PF,PJ,SUDESTE,NORDESTE,entre 50 e 59 anos,Nao se aplica,QRDN,P2B,Pix,"342151068,15",9776376
202411,PF,PJ,SUDESTE,NORTE,entre 40 e 49 anos,Nao se aplica,QRES,P2G,Pix,"4741,34",41
202411,PF,PJ,NORDESTE,SUL,entre 30 e 39 anos,Nao se aplica,Nao disponivel,P2B,Nao disponivel,"586453,54",386
202411,PF,PF,NORTE,SUDESTE,entre 40 e 49 anos,mais de 60 anos,QRES,P2P,Pix,"515050,01",8120
202411,PF,PF,NORTE,Nao informado,entre 20 e 29 anos,entre 50 e 59 anos,QRES,P2P,Pix,"28746,48",741
202411,PJ,PF,SUDESTE,SUDESTE,Nao se aplica,até 19 anos,DICT,G2P,Pix,"1321538,83",2143
202411,PF,PJ,NORDESTE,CENTRO-OESTE,entre 20 e 29 anos,Nao se aplica,QRES,P2B,Pix,"71647247,62",387466
202411,PF,PJ,NORDESTE,SUDESTE,entre 40 e 49 anos,Nao se aplica,QRDN,P2B,Pix Saque,"660924,2",3334
202411,PF,PF,NORTE,CENTRO-OESTE,entre 40 e 49 anos,entre 20 e 29 anos,Nao disponivel,P2P,Nao disponivel,"31839,75",217
202411,PJ,PF,SUL,SUL,Nao se aplica,até 19 anos,Nao disponivel,B2P,Nao disponivel,"2987344,78",34314
202411,PF,PJ,CENTRO-OESTE,NORTE,entre 20 e 29 anos,Nao se aplica,QRES,P2G,Pix,"962,12",12
202411,PF,PF,SUL,SUDESTE,entre 40 e 49 anos,até 19 anos,MANU,P2P,Pix,"1491791,03",11532
202411,PF,PF,Nao informado,SUL,até 19 anos,mais de 60 anos,QRDN,P2P,Pix,"550,39",33
202411,PF,PF,CENTRO-OESTE,Nao informado,entre 30 e 39 anos,entre 40 e 49 anos,Nao disponivel,P2P,Nao disponivel,"849,06",10
202411,PF,PJ,CENTRO-OESTE,NORTE,até 19 anos,Nao se aplica,DICT,P2B,Pix,"2722810,87",8895
202411,PF,PJ,NORDESTE,SUL,entre 20 e 29 anos,Nao se aplica,DICT,P2G,Pix,"22323,28",72
202411,PJ,PJ,NORDESTE,NORTE,Nao se aplica,Nao se aplica,QRDN,B2B,Pix Saque,"22789,21",19
202411,PJ,PJ,NORDESTE,SUDESTE,Nao se aplica,Nao se aplica,QRES,G2B,Pix,"45236,73",103
202411,PF,PF,CENTRO-OESTE,NORTE,entre 50 e 59 anos,entre 30 e 39 anos,DICT,P2P,Pix,"46792583,64",112008
202411,PJ,PJ,CENTRO-OESTE,NORDESTE,Nao se aplica,Nao se aplica,DICT,G2B,Pix,"55281510,78",4493
202411,PF,PJ,NORDESTE,SUL,mais de 60 anos,Nao se aplica,MANU,P2B,Pix,"6036162,43",3308
202411,PF,PF,NORTE,Nao informado,entre 30 e 39 anos,entre 20 e 29 anos,Nao disponivel,P2P,Nao disponivel,"3821,01",25
202411,PF,PF,Nao informado,CENTRO-OESTE,entre 50 e 59 anos,entre 20 e 29 anos,MANU,P2P,Pix,"48928,54",198
202411,PF,PJ,NORTE,SUL,entre 40 e 49 anos,Nao se aplica,MANU,P2B,Pix Saque,120,1
202411,PJ,PF,Nao informado,NORTE,Nao se aplica,entre 20 e 29 anos,Nao disponivel,B2P,Nao disponivel,"561,3",6
202411,PF,PF,CENTRO-OESTE,NORDESTE,entre 20 e 29 anos,entre 50 e 59 anos,DICT,P2P,Pix,"17345183,17",94557
202411,PF,PF,NORDESTE,CENTRO-OESTE,entre 50 e 59 anos,até 19 anos,DICT,P2P,Pix,2949887,21796
202411,PF,PJ,SUDESTE,NORTE,entre 40 e 49 anos,Nao se aplica,QRES,P2B,Pix Saque,40,1
202411,PF,PF,SUL,SUDESTE,entre 20 e 29 anos,entre 50 e 59 anos,DICT,P2P,Pix,"31055487,38",126382
202411,PF,PF,Nao informado,NORTE,entre 30 e 39 anos,entre 20 e 29 anos,QRES,P2P,Pix,"42239,4",760
202411,PF,PF,Nao informado,SUL,entre 20 e 29 anos,entre 20 e 29 anos,QRDN,P2P,Pix,"16385,71",454
202411,PF,PJ,NORTE,CENTRO-OESTE,mais de 60 anos,Nao se aplica,QRES,P2G,Pix,"3508,08",44
202411,PF,PF,NORTE,Nao informado,até 19 anos,Nao informado,DICT,P2P,Pix,"334,11",18
202411,PF,PF,SUDESTE,SUL,mais de 60 anos,até 19 anos,DICT,P2P,Pix,"3730590,42",19921
202411,PF,PF,SUDESTE,CENTRO-OESTE,até 19 anos,entre 40 e 49 anos,Nao disponivel,P2P,Nao disponivel,"76697,49",508
202411,PF,PF,CENTRO-OESTE,NORTE,entre 20 e 29 anos,entre 30 e 39 anos,QRES,P2P,Pix,"1325696,69",31290
202411,PF,PF,NORTE,CENTRO-OESTE,entre 50 e 59 anos,entre 20 e 29 anos,Nao disponivel,P2P,Nao disponivel,"13049,32",83
202411,PF,PF,NORTE,SUL,mais de 60 anos,até 19 anos,MANU,P2P,Pix,"62871,86",757
202411,PF,PF,SUDESTE,SUL,mais de 60 anos,até 19 anos,QRDN,P2P,Pix,"74534,89",228
202411,PF,PJ,NORDESTE,SUDESTE,entre 50 e 59 anos,Nao se aplica,DICT,P2G,Pix,"37237,26",146
202411,PF,PF,Nao informado,SUDESTE,entre 50 e 59 anos,entre 20 e 29 anos,QRES,P2P,Pix,"17619,06",215
202411,PJ,PF,NORDESTE,NORDESTE,Nao se aplica,entre 30 e 39 anos,Nao disponivel,G2P,Nao disponivel,"942,56",5
202411,PF,PF,Nao informado,CENTRO-OESTE,Nao informado,até 19 anos,DICT,P2P,Pix,"922,1",8
202411,PF,PF,Nao informado,SUL,entre 30 e 39 anos,entre 30 e 39 anos,QRES,P2P,Pix,"103514,91",988
202411,PF,PJ,NORDESTE,SUL,Nao informado,Nao se aplica,QRDN,P2B,Pix,"176,9",5
202411,PF,PJ,Nao informado,CENTRO-OESTE,entre 30 e 39 anos,Nao se aplica,QRES,P2B,Pix,"348972,64",2085
202411,PF,PF,NORDESTE,SUL,entre 20 e 29 anos,entre 40 e 49 anos,MANU,P2P,Pix,"5598717,86",31820
202411,PF,PF,SUL,NORDESTE,entre 20 e 29 anos,mais de 60 anos,QRDN,P2P,Pix,"88068,07",3249
202411,PF,PF,NORTE,NORTE,mais de 60 anos,entre 50 e 59 anos,DICT,P2P,Pix,"400135970,05",1174084
202411,PF,PF,NORDESTE,SUDESTE,entre 50 e 59 anos,entre 20 e 29 anos,DICT,P2P,Pix,"70549699,76",322951
202411,PF,PF,SUL,SUL,entre 50 e 59 anos,entre 50 e 59 anos,DICT,P2P,Pix,"4243055670,07",6914920
202411,PF,PF,SUDESTE,Nao informado,entre 50 e 59 anos,entre 20 e 29 anos,QRES,P2P,Pix,"30173,09",270
202411,PF,PF,SUDESTE,CENTRO-OESTE,mais de 60 anos,entre 30 e 39 anos,DICT,P2P,Pix,"82001324,05",99657
202411,PJ,PF,NORDESTE,SUL,Nao se aplica,entre 30 e 39 anos,Nao disponivel,B2P,Nao disponivel,"859878,72",14331
202411,PF,PF,Nao informado,NORTE,entre 40 e 49 anos,entre 40 e 49 anos,Nao disponivel,P2P,Nao disponivel,"10782,7",15
202411,PF,PJ,NORTE,NORDESTE,mais de 60 anos,Nao se aplica,INIC,P2B,Pix,"469,13",1
202411,PF,PJ,NORTE,NORTE,entre 40 e 49 anos,Nao se aplica,QRDN,P2B,Pix Troco,"7010,1",28
202411,PF,PF,NORDESTE,SUL,entre 40 e 49 anos,entre 20 e 29 anos,QRDN,P2P,Pix,"242845,38",7866
202411,PF,PF,SUL,SUDESTE,entre 40 e 49 anos,Nao informado,INIC,P2P,Pix,"6411,81",11
202411,PF,PF,NORDESTE,Nao informado,até 19 anos,entre 20 e 29 anos,QRDN,P2P,Pix,"4333,96",489
202411,PF,PJ,SUL,SUDESTE,entre 20 e 29 anos,Nao se aplica,QRDN,P2B,Pix,"2034723945,09",29719604
202411,PF,PJ,SUL,Nao informado,entre 30 e 39 anos,Nao se aplica,QRES,P2B,Pix,"3901,68",24
202411,PF,PF,CENTRO-OESTE,NORTE,entre 20 e 29 anos,mais de 60 anos,QRDN,P2P,Pix,"153508,16",5727
202411,PF,PJ,CENTRO-OESTE,NORDESTE,entre 40 e 49 anos,Nao se aplica,QRDN,P2B,Pix Saque,"99741,92",506
202411,PF,PF,CENTRO-OESTE,NORDESTE,mais de 60 anos,até 19 anos,MANU,P2P,Pix,"193550,67",1806
202411,PJ,PF,NORDESTE,SUDESTE,Nao se aplica,entre 50 e 59 anos,QRDN,B2P,Pix,"449263,58",7192
202411,PF,PF,NORTE,NORTE,entre 20 e 29 anos,entre 50 e 59 anos,MANU,P2P,Pix,"132666759,6",990896
202411,PF,PF,SUL,NORDESTE,mais de 60 anos,entre 20 e 29 anos,MANU,P2P,Pix,"505068,69",3311
202411,PF,PF,SUL,NORDESTE,entre 40 e 49 anos,entre 40 e 49 anos,Nao disponivel,P2P,Nao disponivel,"68126,15",304
202411,PF,PF,SUL,SUL,entre 20 e 29 anos,entre 40 e 49 anos,QRES,P2P,Pix,"36776500,15",772567
202411,PF,PJ,Nao informado,SUDESTE,entre 50 e 59 anos,Nao se aplica,INIC,P2B,Pix,"19,98",2
202411,PJ,PF,NORTE,NORTE,Nao se aplica,entre 50 e 59 anos,MANU,B2P,Pix,"245543402,29",123711
202411,PF,PJ,SUDESTE,Nao informado,entre 50 e 59 anos,Nao se aplica,QRES,P2B,Pix,"8040,08",40
202411,PF,PF,NORTE,NORDESTE,entre 30 e 39 anos,entre 30 e 39 anos,QRES,P2P,Pix,"4417130,73",86160
202411,PJ,PF,CENTRO-OESTE,CENTRO-OESTE,Nao se aplica,entre 40 e 49 anos,QRDN,B2P,Pix,"7905978,2",112833
202411,PF,PJ,Nao informado,NORDESTE,entre 50 e 59 anos,Nao se aplica,Nao disponivel,P2B,Nao disponivel,10,1
202411,PF,PF,CENTRO-OESTE,SUDESTE,entre 20 e 29 anos,entre 20 e 29 anos,INIC,P2P,Pix,15,2
202411,PF,PJ,SUDESTE,SUL,entre 30 e 39 anos,Nao se aplica,INIC,P2B,Pix,"16323,47",79
202411,PF,PF,CENTRO-OESTE,SUDESTE,entre 30 e 39 anos,entre 30 e 39 anos,QRDN,P2P,Pix,"1561504,98",36273
202411,PJ,PF,Nao informado,SUDESTE,Nao se aplica,entre 40 e 49 anos,DICT,B2P,Pix,"2045206,83",1914
202411,PF,PJ,NORTE,NORDESTE,mais de 60 anos,Nao se aplica,QRDN,P2G,Pix,"200258,49",335
202411,PF,PF,Nao informado,NORTE,Nao informado,entre 20 e 29 anos,QRES,P2P,Pix,44,3
202411,PF,PF,CENTRO-OESTE,CENTRO-OESTE,entre 30 e 39 anos,entre 50 e 59 anos,DICT,P2P,Pix,"1046407280,45",3030047
202411,PF,PJ,CENTRO-OESTE,CENTRO-OESTE,entre 50 e 59 anos,Nao se aplica,MANU,P2G,Pix,"99076,6",238
202411,PJ,PF,NORTE,NORTE,Nao se aplica,até 19 anos,QRDN,B2P,Pix,"299379,39",5162
202411,PF,PJ,NORDESTE,SUDESTE,entre 50 e 59 anos,Nao se aplica,INIC,P2B,Pix,"6855,46",536
202411,PF,PJ,CENTRO-OESTE,SUDESTE,entre 30 e 39 anos,Nao se aplica,QRDN,P2G,Pix,"965712,18",2436
202411,PF,PF,SUDESTE,Nao informado,até 19 anos,Nao informado,QRES,P2P,Pix,3,3
202411,PJ,PF,SUL,CENTRO-OESTE,Nao se aplica,até 19 anos,MANU,B2P,Pix,"2622973,76",6114
202411,PF,PF,NORDESTE,CENTRO-OESTE,entre 50 e 59 anos,mais de 60 anos,Nao disponivel,P2P,Nao disponivel,"14558,42",43
202411,PJ,PJ,NORDESTE,NORTE,Nao se aplica,Nao se aplica,QRES,B2B,Pix,"4164725,1",9738
202411,PJ,PF,NORDESTE,SUL,Nao se aplica,até 19 anos,DICT,B2P,Pix,"43453704,05",347946
202411,PF,PF,NORTE,NORDESTE,entre 20 e 29 anos,entre 30 e 39 anos,DICT,P2P,Pix,"63172062,55",355173
202411,PJ,PJ,Nao informado,CENTRO-OESTE,Nao se aplica,Nao se aplica,QRDN,B2G,Pix,"589224,15",683
202411,PF,PF,SUL,SUL,entre 50 e 59 anos,mais de 60 anos,QRDN,P2P,Pix,"3064171,44",53150
202411,PF,PF,CENTRO-OESTE,SUDESTE,mais de 60 anos,mais de 60 anos,QRES,P2P,Pix,"287033,79",2288
202411,PF,PF,NORDESTE,Nao informado,mais de 60 anos,entre 40 e 49 anos,Nao disponivel,P2P,Nao disponivel,"584,8",2
202411,PF,PF,Nao informado,CENTRO-OESTE,entre 20 e 29 anos,até 19 anos,MANU,P2P,Pix,"9328,8",110
202411,PF,PF,Nao informado,SUL,mais de 60 anos,mais de 60 anos,QRES,P2P,Pix,"7163,8",34
202411,PF,PF,SUL,SUL,entre 20 e 29 anos,entre 50 e 59 anos,Nao disponivel,P2P,Nao disponivel,"2772612,43",10555
202411,PJ,PF,CENTRO-OESTE,NORDESTE,Nao se aplica,entre 50 e 59 anos,DICT,G2P,Pix,"2701495,47",2295
202411,PF,PJ,SUDESTE,CENTRO-OESTE,entre 30 e 39 anos,Nao se aplica,Nao disponivel,P2B,Nao disponivel,"311026,42",1572
202411,PF,PF,CENTRO-OESTE,SUL,entre 30 e 39 anos,entre 20 e 29 anos,Nao disponivel,P2P,Nao disponivel,"65643,06",391
202411,PF,PF,NORDESTE,NORDESTE,Nao informado,mais de 60 anos,DICT,P2P,Pix,1010,12
202411,PF,PF,SUL,SUL,mais de 60 anos,entre 40 e 49 anos,MANU,P2P,Pix,"131857147,7",243940
202411,PF,PF,NORDESTE,CENTRO-OESTE,entre 20 e 29 anos,entre 20 e 29 anos,INIC,P2P,Pix,27,1
202411,PF,PJ,SUDESTE,CENTRO-OESTE,entre 50 e 59 anos,Nao se aplica,DICT,P2G,Pix,"42080,17",37
202411,PF,PF,SUL,SUDESTE,entre 50 e 59 anos,entre 40 e 49 anos,Nao disponivel,P2P,Nao disponivel,"57659,49",300
202411,PF,PF,Nao informado,SUL,Nao informado,entre 20 e 29 anos,MANU,P2P,Pix,"222,82",8
202411,PF,PF,Nao informado,Nao informado,entre 20 e 29 anos,entre 20 e 29 anos,INIC,P2P,Pix,"32189,03",91
202411,PF,PF,NORTE,NORTE,entre 30 e 39 anos,Nao informado,DICT,P2P,Pix,5837,22
202411,PF,PF,NORTE,NORDESTE,entre 40 e 49 anos,entre 30 e 39 anos,QRDN,P2P,Pix,"1873415,19",53446
202411,PF,PJ,CENTRO-OESTE,SUL,entre 40 e 49 anos,Nao se aplica,QRDN,P2B,Pix Troco,"194,44",3
202411,PF,PF,SUL,SUDESTE,entre 20 e 29 anos,entre 40 e 49 anos,Nao disponivel,P2P,Nao disponivel,"471551,24",1298
202411,PF,PF,SUL,NORTE,até 19 anos,entre 30 e 39 anos,Nao disponivel,P2P,Nao disponivel,"16538,73",145
202411,PF,PF,Nao informado,SUDESTE,entre 40 e 49 anos,entre 40 e 49 anos,QRES,P2P,Pix,"174421,18",1285
202411,PF,PF,Nao informado,Nao informado,entre 30 e 39 anos,entre 20 e 29 anos,Nao disponivel,P2P,Nao disponivel,"4859,48",19
202411,PF,PF,Nao informado,NORDESTE,entre 50 e 59 anos,entre 50 e 59 anos,QRES,P2P,Pix,"27081,81",392
202411,PF,PF,NORTE,CENTRO-OESTE,mais de 60 anos,mais de 60 anos,MANU,P2P,Pix,"1664946,79",1985
202411,PF,PJ,Nao informado,CENTRO-OESTE,entre 50 e 59 anos,Nao se aplica,QRES,P2G,Pix,"487,97",4
202411,PF,PJ,SUL,CENTRO-OESTE,entre 40 e 49 anos,Nao se aplica,QRDN,P2B,Pix,"66741519,28",537547
202411,PF,PF,NORTE,SUDESTE,até 19 anos,entre 50 e 59 anos,QRES,P2P,Pix,"147932,04",6912
202411,PF,PF,SUL,SUDESTE,entre 50 e 59 anos,mais de 60 anos,DICT,P2P,Pix,"35348190,14",58919
202411,PJ,PF,NORTE,SUDESTE,Nao se aplica,entre 30 e 39 anos,Nao disponivel,B2P,Nao disponivel,"187617,54",602
202411,PF,PJ,NORTE,Nao informado,entre 40 e 49 anos,Nao se aplica,DICT,P2B,Pix,"18821,47",38
202411,PF,PF,Nao informado,Nao informado,mais de 60 anos,entre 30 e 39 anos,MANU,P2P,Pix,"133802,43",181
202411,PF,PF,Nao informado,CENTRO-OESTE,entre 50 e 59 anos,mais de 60 anos,DICT,P2P,Pix,"594373,04",852
202411,PJ,PJ,SUDESTE,Nao informado,Nao se aplica,Nao se aplica,MANU,B2B,Pix,"730578051,84",947
202411,PJ,PF,SUDESTE,SUDESTE,Nao se aplica,entre 30 e 39 anos,INIC,B2P,Pix,"1699,38",5
202411,PJ,PJ,CENTRO-OESTE,CENTRO-OESTE,Nao se aplica,Nao se aplica,Nao disponivel,B2B,Nao disponivel,"35331222,02",11999
202411,PF,PF,NORTE,NORDESTE,entre 40 e 49 anos,mais de 60 anos,DICT,P2P,Pix,"18124901,21",52080
202411,PF,PF,SUDESTE,NORDESTE,mais de 60 anos,entre 50 e 59 anos,DICT,P2P,Pix,"82798019,55",207890
202411,PF,PF,SUDESTE,CENTRO-OESTE,até 19 anos,entre 50 e 59 anos,Nao disponivel,P2P,Nao disponivel,"22938,43",246
202411,PF,PF,Nao informado,SUDESTE,entre 20 e 29 anos,entre 20 e 29 anos,QRES,P2P,Pix,"58557,28",1056
202411,PF,PF,NORTE,NORDESTE,entre 50 e 59 anos,entre 50 e 59 anos,QRES,P2P,Pix,"966311,24",15715
202411,PF,PF,SUL,NORTE,entre 20 e 29 anos,até 19 anos,Nao disponivel,P2P,Nao disponivel,"14255,94",488
202411,PJ,PF,NORDESTE,NORDESTE,Nao se aplica,entre 50 e 59 anos,QRES,B2P,Pix,"45139019,88",325637
202411,PF,PF,Nao informado,CENTRO-OESTE,entre 20 e 29 anos,entre 30 e 39 anos,QRES,P2P,Pix,"25374,03",523
202411,PF,PF,CENTRO-OESTE,CENTRO-OESTE,até 19 anos,entre 50 e 59 anos,DICT,P2P,Pix,"69334656,29",551055
202411,PF,PF,SUL,NORDESTE,entre 50 e 59 anos,entre 20 e 29 anos,Nao disponivel,P2P,Nao disponivel,"47828,34",174
202411,PF,PF,CENTRO-OESTE,SUDESTE,mais de 60 anos,mais de 60 anos,DICT,P2P,Pix,"49962900,28",57327
202411,PF,PF,CENTRO-OESTE,SUDESTE,entre 20 e 29 anos,Nao informado,QRDN,P2P,Pix,"5692,47",18
202411,PF,PF,NORTE,SUDESTE,entre 30 e 39 anos,entre 50 e 59 anos,QRDN,P2P,Pix,"598490,02",19075
202411,PF,PF,NORDESTE,SUL,entre 30 e 39 anos,até 19 anos,QRES,P2P,Pix,"143383,71",3022
202411,PF,PF,NORTE,Nao informado,entre 20 e 29 anos,entre 20 e 29 anos,MANU,P2P,Pix,"564620,61",6060
202411,PF,PJ,SUDESTE,SUL,entre 40 e 49 anos,Nao se aplica,QRES,P2B,Pix Saque,"184,75",4
202411,PF,PF,NORDESTE,NORTE,entre 40 e 49 anos,até 19 anos,MANU,P2P,Pix,"963822,89",13159
202411,PF,PF,NORDESTE,NORDESTE,até 19 anos,entre 20 e 29 anos,QRDN,P2P,Pix,"16409952,57",865798
202411,PF,PJ,SUL,CENTRO-OESTE,entre 30 e 39 anos,Nao se aplica,DICT,P2B,Pix,"69091436,95",65892
202411,PF,PF,SUL,NORDESTE,até 19 anos,até 19 anos,QRES,P2P,Pix,"83615,04",6159
202411,PF,PJ,SUDESTE,NORTE,entre 40 e 49 anos,Nao se aplica,MANU,P2B,Pix,"8701982,64",8361
202411,PJ,PJ,Nao informado,CENTRO-OESTE,Nao se aplica,Nao se aplica,QRDN,B2B,Pix Saque,500,1
202411,PF,PJ,NORDESTE,SUL,entre 40 e 49 anos,Nao se aplica,QRDN,P2G,Pix,"495807,45",771
202411,PF,PF,Nao informado,NORTE,até 19 anos,entre 20 e 29 anos,QRDN,P2P,Pix,"1398,9",73
202411,PF,PF,Nao informado,NORTE,até 19 anos,entre 40 e 49 anos,Nao disponivel,P2P,Nao disponivel,60,1
202411,PJ,PF,NORDESTE,Nao informado,Nao se aplica,mais de 60 anos,Nao disponivel,B2P,Nao disponivel,"927,23",12
202411,PJ,PJ,NORDESTE,NORDESTE,Nao se aplica,Nao se aplica,MANU,G2B,Pix,"337858583,83",7411
202411,PJ,PJ,CENTRO-OESTE,CENTRO-OESTE,Nao se aplica,Nao se aplica,QRDN,B2G,Pix,"581223095,87",378307
202411,PF,PF,NORTE,Nao informado,entre 50 e 59 anos,mais de 60 anos,DICT,P2P,Pix,"116703,97",401
202411,PF,PF,CENTRO-OESTE,NORTE,até 19 anos,entre 30 e 39 anos,QRES,P2P,Pix,"311253,37",10402
202411,PF,PF,NORDESTE,SUDESTE,entre 30 e 39 anos,entre 20 e 29 anos,QRDN,P2P,Pix,"4306747,74",140603
202411,PF,PF,CENTRO-OESTE,SUL,entre 20 e 29 anos,entre 30 e 39 anos,MANU,P2P,Pix,"3755858,22",18152
202411,PF,PF,NORDESTE,NORTE,entre 20 e 29 anos,entre 20 e 29 anos,QRDN,P2P,Pix,"1103354,17",38645
202411,PF,PF,SUDESTE,NORDESTE,entre 30 e 39 anos,entre 20 e 29 anos,DICT,P2P,Pix,"331066861,39",1971009
202411,PF,PF,NORDESTE,SUL,entre 50 e 59 anos,entre 30 e 39 anos,MANU,P2P,Pix,"1807477,68",13882
202411,PF,PF,CENTRO-OESTE,CENTRO-OESTE,entre 40 e 49 anos,até 19 anos,QRES,P2P,Pix,"3072137,08",48726
202411,PF,PF,NORDESTE,Nao informado,entre 40 e 49 anos,entre 40 e 49 anos,QRDN,P2P,Pix,"9400,43",298
202411,PF,PF,SUDESTE,SUDESTE,entre 50 e 59 anos,entre 50 e 59 anos,Nao disponivel,P2P,Nao disponivel,"23097700,16",32915
202411,PF,PF,NORTE,NORDESTE,entre 30 e 39 anos,entre 50 e 59 anos,Nao disponivel,P2P,Nao disponivel,"57455,76",249
202411,PF,PJ,NORTE,SUDESTE,entre 40 e 49 anos,Nao se aplica,QRES,P2B,Pix Saque,733,6
202411,PJ,PF,NORTE,NORTE,Nao se aplica,entre 30 e 39 anos,DICT,B2P,Pix,"3063170989,42",3203284
202411,PF,PF,NORDESTE,CENTRO-OESTE,entre 50 e 59 anos,entre 50 e 59 anos,DICT,P2P,Pix,"23702838,04",64683
202411,PF,PF,NORTE,CENTRO-OESTE,entre 50 e 59 anos,entre 40 e 49 anos,DICT,P2P,Pix,"31541544,95",74290
202411,PF,PF,SUL,NORTE,entre 30 e 39 anos,entre 30 e 39 anos,MANU,P2P,Pix,"8300672,97",38080
202411,PF,PF,CENTRO-OESTE,Nao informado,mais de 60 anos,entre 50 e 59 anos,QRES,P2P,Pix,"3846,45",50
202411,PF,PF,SUDESTE,SUL,entre 50 e 59 anos,entre 50 e 59 anos,Nao disponivel,P2P,Nao disponivel,"110196,96",266
202411,PF,PJ,Nao informado,SUDESTE,até 19 anos,Nao se aplica,DICT,P2B,Pix,"141385,09",303
202411,PF,PF,NORDESTE,CENTRO-OESTE,entre 20 e 29 anos,entre 20 e 29 anos,QRES,P2P,Pix,"2986136,49",68275
202411,PF,PF,CENTRO-OESTE,NORTE,entre 20 e 29 anos,entre 30 e 39 anos,DICT,P2P,Pix,"44268586,66",220983
202411,PF,PJ,Nao informado,SUL,até 19 anos,Nao se aplica,Nao disponivel,P2B,Nao disponivel,110,1
202411,PF,PF,CENTRO-OESTE,NORTE,entre 20 e 29 anos,entre 20 e 29 anos,QRDN,P2P,Pix,"694525,99",18079
202411,PF,PF,SUL,NORDESTE,entre 50 e 59 anos,entre 30 e 39 anos,QRES,P2P,Pix,"611397,24",9226
202411,PF,PF,NORTE,NORTE,entre 20 e 29 anos,entre 50 e 59 anos,DICT,P2P,Pix,"502479111,38",3097768
202411,PF,PF,NORDESTE,NORTE,entre 20 e 29 anos,Nao informado,DICT,P2P,Pix,45,1
202411,PF,PJ,SUDESTE,SUL,até 19 anos,Nao se aplica,QRDN,P2B,Pix,"121953506,7",2374738
202411,PF,PF,Nao informado,CENTRO-OESTE,entre 50 e 59 anos,entre 40 e 49 anos,Nao disponivel,P2P,Nao disponivel,178,2
202411,PJ,PJ,CENTRO-OESTE,SUDESTE,Nao se aplica,Nao se aplica,QRDN,B2B,Pix Saque,"22658,84",97
202411,PJ,PF,NORTE,SUL,Nao se aplica,até 19 anos,QRDN,B2P,Pix,"42554,56",62
202411,PF,PF,CENTRO-OESTE,SUL,entre 50 e 59 anos,até 19 anos,MANU,P2P,Pix,"135541,84",967
202411,PF,PF,NORTE,SUDESTE,entre 40 e 49 anos,entre 30 e 39 anos,Nao disponivel,P2P,Nao disponivel,"77012,34",331
202411,PJ,PJ,CENTRO-OESTE,NORDESTE,Nao se aplica,Nao se aplica,QRES,B2B,Pix,"7670074,61",22651
202411,PF,PF,NORDESTE,NORDESTE,até 19 anos,entre 30 e 39 anos,DICT,P2P,Pix,"410296870,86",5237575
202411,PJ,PF,SUDESTE,Nao informado,Nao se aplica,entre 50 e 59 anos,Nao disponivel,B2P,Nao disponivel,"248196,49",783
202411,PF,PJ,SUL,NORTE,mais de 60 anos,Nao se aplica,Nao disponivel,P2B,Nao disponivel,"28367,72",10
202411,PF,PF,NORDESTE,Nao informado,entre 20 e 29 anos,Nao informado,DICT,P2P,Pix,"2215,68",46
202411,PF,PJ,Nao informado,NORTE,entre 30 e 39 anos,Nao se aplica,QRDN,P2G,Pix,"16832,9",25
202411,PF,PF,SUDESTE,SUL,mais de 60 anos,mais de 60 anos,QRDN,P2P,Pix,"168848,81",918
202411,PF,PF,Nao informado,CENTRO-OESTE,mais de 60 anos,mais de 60 anos,Nao disponivel,P2P,Nao disponivel,1000,1
202411,PF,PF,CENTRO-OESTE,Nao informado,entre 30 e 39 anos,Nao informado,DICT,P2P,Pix,380,5
202411,PJ,PJ,SUL,CENTRO-OESTE,Nao se aplica,Nao se aplica,QRDN,B2G,Pix,"1533470734,74",728983
202411,PF,PF,SUDESTE,Nao informado,entre 30 e 39 anos,entre 30 e 39 anos,DICT,P2P,Pix,"9954248,71",16273
202411,PF,PJ,Nao informado,NORDESTE,mais de 60 anos,Nao se aplica,DICT,P2B,Pix,"2615337,75",1320
202411,PF,PJ,NORTE,NORTE,entre 40 e 49 anos,Nao se aplica,DICT,P2G,Pix,"323161,31",930
202411,PF,PJ,NORDESTE,SUL,entre 20 e 29 anos,Nao se aplica,DICT,P2B,Pix,"93385712,78",151943
202411,PF,PJ,CENTRO-OESTE,NORDESTE,mais de 60 anos,Nao se aplica,DICT,P2G,Pix,"1549,83",4
202411,PF,PF,CENTRO-OESTE,Nao informado,mais de 60 anos,entre 40 e 49 anos,DICT,P2P,Pix,"1928246,51",1526
202411,PF,PJ,NORDESTE,NORDESTE,entre 40 e 49 anos,Nao se aplica,DICT,P2B,Pix,"3992273044,07",7204516
202411,PF,PF,Nao informado,NORDESTE,até 19 anos,entre 50 e 59 anos,DICT,P2P,Pix,"73147,72",426
202411,PF,PF,SUDESTE,SUDESTE,Nao informado,entre 40 e 49 anos,Nao disponivel,P2P,Nao disponivel,"75,22",1
202411,PF,PJ,NORDESTE,SUL,entre 20 e 29 anos,Nao se aplica,MANU,P2B,Pix,"6377353,06",23963
202411,PJ,PJ,SUL,NORTE,Nao se aplica,Nao se aplica,QRES,B2B,Pix,"2452707,3",3294
202411,PF,PF,SUDESTE,CENTRO-OESTE,mais de 60 anos,entre 40 e 49 anos,QRDN,P2P,Pix,"171327,17",3078
202411,PJ,PF,NORDESTE,SUDESTE,Nao se aplica,até 19 anos,MANU,G2P,Pix,"875,37",2
202411,PF,PF,NORDESTE,NORDESTE,entre 30 e 39 anos,entre 50 e 59 anos,MANU,P2P,Pix,"494589072,22",3054722
202411,PF,PF,NORTE,Nao informado,até 19 anos,entre 30 e 39 anos,MANU,P2P,Pix,"46278,93",753
202411,PF,PF,Nao informado,SUL,entre 50 e 59 anos,entre 30 e 39 anos,MANU,P2P,Pix,"263108,66",479
202411,PF,PJ,SUDESTE,CENTRO-OESTE,entre 40 e 49 anos,Nao se aplica,Nao disponivel,P2G,Nao disponivel,"6482,27",4
202411,PF,PF,NORDESTE,SUL,entre 40 e 49 anos,entre 50 e 59 anos,QRDN,P2P,Pix,"196661,81",5435
202411,PF,PF,NORDESTE,SUDESTE,entre 30 e 39 anos,entre 20 e 29 anos,QRES,P2P,Pix,"8431456,38",181267
202411,PF,PF,SUDESTE,Nao informado,mais de 60 anos,entre 30 e 39 anos,Nao disponivel,P2P,Nao disponivel,"5723,56",11
202411,PF,PJ,NORTE,SUDESTE,entre 20 e 29 anos,Nao se aplica,INIC,P2B,Pix,"1141,26",66
202411,PF,PF,CENTRO-OESTE,NORTE,entre 30 e 39 anos,mais de 60 anos,MANU,P2P,Pix,"5634552,58",8454
202411,PF,PJ,NORTE,Nao informado,entre 20 e 29 anos,Nao se aplica,QRDN,P2B,Pix,"132974,17",1348
202411,PF,PF,NORDESTE,CENTRO-OESTE,até 19 anos,entre 50 e 59 anos,MANU,P2P,Pix,"479124,28",7773
202411,PF,PF,SUDESTE,NORDESTE,entre 50 e 59 anos,entre 40 e 49 anos,QRES,P2P,Pix,"4625496,26",82711
202411,PF,PF,CENTRO-OESTE,NORTE,entre 50 e 59 anos,mais de 60 anos,QRES,P2P,Pix,"163098,69",3159
202411,PF,PF,CENTRO-OESTE,NORDESTE,entre 30 e 39 anos,até 19 anos,Nao disponivel,P2P,Nao disponivel,"27551,48",483
202411,PF,PF,NORTE,NORDESTE,entre 20 e 29 anos,entre 40 e 49 anos,QRES,P2P,Pix,"2478240,37",72811
202411,PF,PF,CENTRO-OESTE,NORTE,entre 40 e 49 anos,entre 40 e 49 anos,QRDN,P2P,Pix,"645070,77",17553
202411,PF,PF,NORTE,Nao informado,entre 30 e 39 anos,Nao informado,DICT,P2P,Pix,"920,05",22
202411,PF,PF,SUL,Nao informado,até 19 anos,até 19 anos,MANU,P2P,Pix,"8887,59",130
202411,PF,PJ,NORDESTE,NORDESTE,entre 30 e 39 anos,Nao se aplica,QRES,P2G,Pix,"426971,15",8618
202411,PF,PF,SUL,SUDESTE,mais de 60 anos,entre 30 e 39 anos,MANU,P2P,Pix,"7990623,48",11209
202411,PF,PF,CENTRO-OESTE,SUL,entre 50 e 59 anos,mais de 60 anos,QRES,P2P,Pix,"619982,55",1474
202411,PF,PF,SUL,NORTE,entre 30 e 39 anos,entre 20 e 29 anos,QRES,P2P,Pix,"803401,13",11149
202411,PF,PF,CENTRO-OESTE,CENTRO-OESTE,mais de 60 anos,entre 50 e 59 anos,QRDN,P2P,Pix,"2238341,06",41487
202411,PF,PJ,CENTRO-OESTE,CENTRO-OESTE,mais de 60 anos,Nao se aplica,QRDN,P2B,Pix,"220741841,22",1404261
202411,PF,PF,Nao informado,SUL,entre 50 e 59 anos,entre 50 e 59 anos,QRES,P2P,Pix,"14051,56",144
202411,PF,PF,SUL,NORDESTE,entre 50 e 59 anos,entre 50 e 59 anos,DICT,P2P,Pix,"11623736,57",33944
202411,PF,PF,CENTRO-OESTE,CENTRO-OESTE,entre 50 e 59 anos,mais de 60 anos,QRES,P2P,Pix,"8184239,96",118135
202411,PJ,PF,Nao informado,SUDESTE,Nao se aplica,entre 20 e 29 anos,MANU,B2P,Pix,"1006915,53",420
202411,PF,PF,CENTRO-OESTE,NORDESTE,entre 30 e 39 anos,entre 20 e 29 anos,DICT,P2P,Pix,"97486687,88",556916
202411,PF,PF,SUDESTE,NORTE,entre 30 e 39 anos,mais de 60 anos,Nao disponivel,P2P,Nao disponivel,"56601,12",155
202411,PF,PJ,SUL,CENTRO-OESTE,até 19 anos,Nao se aplica,QRES,P2B,Pix,"1734387,63",11354
202411,PF,PF,NORDESTE,SUDESTE,entre 40 e 49 anos,mais de 60 anos,QRES,P2P,Pix,"2755299,04",51681
202411,PF,PF,SUL,Nao informado,mais de 60 anos,entre 40 e 49 anos,Nao disponivel,P2P,Nao disponivel,2300,1
202411,PF,PF,SUDESTE,CENTRO-OESTE,mais de 60 anos,mais de 60 anos,Nao disponivel,P2P,Nao disponivel,"78270,03",90
202411,PF,PF,SUDESTE,NORTE,até 19 anos,entre 50 e 59 anos,MANU,P2P,Pix,"268650,56",1695
202411,PF,PF,NORTE,NORTE,entre 30 e 39 anos,entre 20 e 29 anos,Nao disponivel,P2P,Nao disponivel,"3438533,43",19796
202411,PF,PF,SUL,Nao informado,entre 20 e 29 anos,entre 40 e 49 anos,QRES,P2P,Pix,"44591,72",1191
202411,PJ,PF,NORDESTE,CENTRO-OESTE,Nao se aplica,entre 20 e 29 anos,DICT,B2P,Pix,"349921896,86",1640264
202411,PF,PF,CENTRO-OESTE,SUL,mais de 60 anos,entre 30 e 39 anos,MANU,P2P,Pix,"1821900,1",3224
202411,PF,PF,NORTE,Nao informado,entre 30 e 39 anos,entre 30 e 39 anos,QRDN,P2P,Pix,"31595,97",820
202411,PF,PF,NORTE,SUL,entre 20 e 29 anos,entre 30 e 39 anos,QRDN,P2P,Pix,"917324,07",32413
202411,PJ,PF,NORDESTE,CENTRO-OESTE,Nao se aplica,entre 50 e 59 anos,QRES,B2P,Pix,"374852,23",2506
202411,PF,PF,NORDESTE,NORTE,entre 40 e 49 anos,entre 40 e 49 anos,Nao disponivel,P2P,Nao disponivel,"105615,07",448
202411,PF,PF,Nao informado,NORTE,Nao informado,entre 50 e 59 anos,QRES,P2P,Pix,"374,38",24
202411,PF,PF,CENTRO-OESTE,SUDESTE,entre 40 e 49 anos,entre 40 e 49 anos,Nao disponivel,P2P,Nao disponivel,"292466,13",734
202411,PJ,PF,SUL,NORDESTE,Nao se aplica,entre 30 e 39 anos,QRES,B2P,Pix,"1385058,11",8195
202411,PF,PF,NORDESTE,Nao informado,até 19 anos,até 19 anos,MANU,P2P,Pix,"8736,68",204
202411,PJ,PJ,NORTE,NORTE,Nao se aplica,Nao se aplica,MANU,G2G,Pix,"120027506,94",701
202411,PF,PF,NORTE,Nao informado,até 19 anos,até 19 anos,QRES,P2P,Pix,"80,5",8
202411,PF,PF,SUL,SUDESTE,entre 20 e 29 anos,entre 20 e 29 anos,QRDN,P2P,Pix,"916405,43",25196
202411,PJ,PF,Nao informado,CENTRO-OESTE,Nao se aplica,entre 50 e 59 anos,DICT,B2P,Pix,"319728,44",347
202411,PF,PJ,SUDESTE,CENTRO-OESTE,entre 30 e 39 anos,Nao se aplica,MANU,P2B,Pix Saque,940,1
202411,PF,PF,SUDESTE,NORTE,até 19 anos,entre 50 e 59 anos,QRES,P2P,Pix,"58156,1",3606
202411,PJ,PF,NORTE,NORDESTE,Nao se aplica,entre 40 e 49 anos,MANU,G2P,Pix,"13345,1",8
202411,PF,PF,NORTE,SUL,entre 50 e 59 anos,mais de 60 anos,QRES,P2P,Pix,"89284,36",1621
202411,PF,PF,CENTRO-OESTE,Nao informado,entre 20 e 29 anos,mais de 60 anos,QRDN,P2P,Pix,"1805,49",44
202411,PF,PF,NORDESTE,SUDESTE,entre 20 e 29 anos,até 19 anos,QRES,P2P,Pix,"1109594,16",27782
202411,PF,PF,SUDESTE,SUDESTE,Nao informado,entre 50 e 59 anos,Nao disponivel,P2P,Nao disponivel,"18,87",1
202411,PF,PF,CENTRO-OESTE,SUL,entre 30 e 39 anos,mais de 60 anos,QRDN,P2P,Pix,"178793,91",3553
202411,PF,PF,SUDESTE,SUL,entre 40 e 49 anos,entre 40 e 49 anos,QRES,P2P,Pix,"2325846,94",34179
202411,PF,PF,Nao informado,SUL,entre 40 e 49 anos,entre 20 e 29 anos,Nao disponivel,P2P,Nao disponivel,85,4
202411,PF,PF,Nao informado,SUDESTE,até 19 anos,mais de 60 anos,DICT,P2P,Pix,"28140,43",137
202411,PF,PF,Nao informado,CENTRO-OESTE,entre 40 e 49 anos,entre 20 e 29 anos,MANU,P2P,Pix,"151372,65",410
202411,PF,PJ,CENTRO-OESTE,CENTRO-OESTE,Nao informado,Nao se aplica,QRDN,P2B,Pix,"1072,47",7
202411,PF,PF,NORTE,SUDESTE,entre 30 e 39 anos,até 19 anos,Nao disponivel,P2P,Nao disponivel,"85425,79",268
202411,PJ,PJ,NORTE,NORDESTE,Nao se aplica,Nao se aplica,QRDN,G2B,Pix,"4179,76",7
202411,PF,PF,SUL,CENTRO-OESTE,entre 30 e 39 anos,mais de 60 anos,QRDN,P2P,Pix,"143103,45",3902
202411,PF,PF,SUDESTE,SUDESTE,entre 20 e 29 anos,entre 20 e 29 anos,MANU,P2P,Pix,"8035817936,31",36571191
202411,PF,PJ,NORTE,SUDESTE,entre 30 e 39 anos,Nao se aplica,QRDN,P2B,Pix Saque,"212041,08",1136
202411,PF,PF,CENTRO-OESTE,Nao informado,entre 40 e 49 anos,entre 20 e 29 anos,QRDN,P2P,Pix,"3031,23",107
202411,PF,PF,CENTRO-OESTE,SUDESTE,entre 50 e 59 anos,entre 20 e 29 anos,MANU,P2P,Pix,"3674211,23",20389
202411,PF,PF,SUL,Nao informado,entre 50 e 59 anos,entre 40 e 49 anos,Nao disponivel,P2P,Nao disponivel,785,4
202411,PF,PF,NORDESTE,SUL,entre 30 e 39 anos,entre 20 e 29 anos,MANU,P2P,Pix,"4715506,58",38818
202411,PF,PF,NORDESTE,NORTE,até 19 anos,até 19 anos,QRES,P2P,Pix,"64131,77",5042
202411,PF,PF,Nao informado,NORDESTE,entre 40 e 49 anos,entre 50 e 59 anos,QRES,P2P,Pix,"48521,58",859
202411,PJ,PF,NORDESTE,Nao informado,Nao se aplica,entre 40 e 49 anos,Nao disponivel,B2P,Nao disponivel,"79136,76",47
202411,PF,PJ,NORDESTE,SUL,entre 50 e 59 anos,Nao se aplica,QRES,P2B,Pix,"30645818,69",212902
202411,PF,PF,Nao informado,Nao informado,entre 30 e 39 anos,entre 40 e 49 anos,Nao disponivel,P2P,Nao disponivel,"332,6",6
202411,PF,PF,CENTRO-OESTE,NORDESTE,entre 30 e 39 anos,entre 20 e 29 anos,INIC,P2P,Pix,12,1
202411,PF,PF,Nao informado,NORDESTE,entre 50 e 59 anos,entre 30 e 39 anos,DICT,P2P,Pix,"2260645,12",4299
202411,PF,PF,SUL,SUDESTE,mais de 60 anos,entre 30 e 39 anos,Nao disponivel,P2P,Nao disponivel,"42929,7",127
202411,PJ,PF,NORDESTE,NORDESTE,Nao se aplica,até 19 anos,QRES,B2P,Pix,"3823630,97",26391
202411,PJ,PF,SUDESTE,NORTE,Nao se aplica,entre 30 e 39 anos,MANU,G2P,Pix,"10611,53",25
202411,PF,PF,Nao informado,SUDESTE,Nao informado,até 19 anos,Nao disponivel,P2P,Nao disponivel,"0,04",1
202411,PF,PJ,SUL,CENTRO-OESTE,até 19 anos,Nao se aplica,QRES,P2B,Pix Saque,100,1
202411,PF,PJ,NORDESTE,NORDESTE,mais de 60 anos,Nao se aplica,QRDN,P2B,Pix Troco,"132304,91",378
202411,PJ,PF,SUDESTE,NORDESTE,Nao se aplica,mais de 60 anos,Nao disponivel,G2P,Nao disponivel,5400,18
202411,PF,PJ,NORDESTE,CENTRO-OESTE,mais de 60 anos,Nao se aplica,Nao disponivel,P2G,Nao disponivel,"2012,2",2
202411,PF,PF,SUDESTE,NORDESTE,até 19 anos,entre 30 e 39 anos,MANU,P2P,Pix,"5528855,24",65369
202411,PF,PF,SUDESTE,CENTRO-OESTE,entre 50 e 59 anos,até 19 anos,Nao disponivel,P2P,Nao disponivel,"3483,5",186
202411,PF,PJ,CENTRO-OESTE,NORTE,entre 50 e 59 anos,Nao se aplica,MANU,P2G,Pix,"70185,06",5
202411,PF,PJ,CENTRO-OESTE,NORTE,entre 30 e 39 anos,Nao se aplica,MANU,P2G,Pix,"2867,97",5
202411,PF,PF,NORTE,SUDESTE,mais de 60 anos,entre 50 e 59 anos,DICT,P2P,Pix,"15011084,5",27102
202411,PJ,PF,SUL,NORTE,Nao se aplica,entre 50 e 59 anos,DICT,B2P,Pix,"50910673,04",93089
202411,PJ,PF,Nao informado,CENTRO-OESTE,Nao se aplica,entre 30 e 39 anos,QRES,B2P,Pix,"8080,8",26
202411,PJ,PJ,NORTE,SUDESTE,Nao se aplica,Nao se aplica,QRDN,G2B,Pix,"86743,33",43
202411,PF,PJ,SUDESTE,SUDESTE,entre 40 e 49 anos,Nao se aplica,QRDN,P2B,Pix Troco,"244776,31",898
202411,PF,PF,Nao informado,NORTE,entre 20 e 29 anos,entre 30 e 39 anos,DICT,P2P,Pix,"2363406,58",9450
202411,PF,PF,NORTE,CENTRO-OESTE,entre 20 e 29 anos,entre 20 e 29 anos,INIC,P2P,Pix,7,1
202411,PF,PF,Nao informado,NORDESTE,entre 40 e 49 anos,mais de 60 anos,DICT,P2P,Pix,"2247431,85",2348
202411,PF,PF,NORDESTE,SUDESTE,entre 50 e 59 anos,mais de 60 anos,MANU,P2P,Pix,"9922885,67",29947
202411,PF,PF,SUL,NORTE,entre 30 e 39 anos,até 19 anos,MANU,P2P,Pix,"419557,27",4991
202411,PF,PF,CENTRO-OESTE,Nao informado,até 19 anos,entre 40 e 49 anos,DICT,P2P,Pix,"70321,16",506
202411,PF,PF,SUL,Nao informado,entre 50 e 59 anos,entre 20 e 29 anos,QRDN,P2P,Pix,"2768,75",37
202411,PF,PF,CENTRO-OESTE,SUDESTE,até 19 anos,até 19 anos,QRES,P2P,Pix,"114953,04",7947
202411,PF,PJ,SUDESTE,NORTE,mais de 60 anos,Nao se aplica,QRDN,P2B,Pix,"12946040,91",300056
202411,PF,PF,NORDESTE,NORTE,entre 20 e 29 anos,mais de 60 anos,Nao disponivel,P2P,Nao disponivel,"25854,09",138
202411,PF,PF,Nao informado,NORDESTE,entre 30 e 39 anos,mais de 60 anos,Nao disponivel,P2P,Nao disponivel,260,3
202411,PF,PF,NORTE,Nao informado,entre 40 e 49 anos,Nao informado,DICT,P2P,Pix,1444,21
202411,PJ,PF,SUL,NORTE,Nao se aplica,entre 40 e 49 anos,MANU,B2P,Pix,"33379624,06",33749
202411,PF,PF,NORTE,SUL,entre 20 e 29 anos,entre 40 e 49 anos,DICT,P2P,Pix,"24894762,21",169774
202411,PF,PJ,SUDESTE,NORDESTE,mais de 60 anos,Nao se aplica,MANU,P2B,Pix Saque,1000,1
202411,PF,PJ,NORDESTE,NORDESTE,entre 30 e 39 anos,Nao se aplica,QRDN,P2G,Pix,"75299178,92",238884
202411,PF,PF,NORDESTE,CENTRO-OESTE,entre 50 e 59 anos,mais de 60 anos,QRDN,P2P,Pix,"173619,77",2849
202411,PF,PF,NORDESTE,CENTRO-OESTE,mais de 60 anos,mais de 60 anos,Nao disponivel,P2P,Nao disponivel,"12607,11",44
202411,PF,PF,SUDESTE,NORDESTE,entre 50 e 59 anos,até 19 anos,MANU,P2P,Pix,"2087769,97",24868
202411,PF,PF,CENTRO-OESTE,NORTE,entre 40 e 49 anos,mais de 60 anos,DICT,P2P,Pix,"24105849,83",35519
202411,PF,PF,SUL,CENTRO-OESTE,entre 50 e 59 anos,até 19 anos,Nao disponivel,P2P,Nao disponivel,"1049,66",78
202411,PJ,PJ,SUL,CENTRO-OESTE,Nao se aplica,Nao se aplica,QRDN,B2B,Pix Saque,"12906,5",25
202411,PJ,PJ,NORDESTE,CENTRO-OESTE,Nao se aplica,Nao se aplica,QRES,B2G,Pix,"4678,47",19
202411,PF,PF,Nao informado,SUDESTE,mais de 60 anos,entre 20 e 29 anos,DICT,P2P,Pix,"1674300,47",2496
202411,PF,PF,SUDESTE,NORDESTE,até 19 anos,mais de 60 anos,MANU,P2P,Pix,"547182,04",8508
202411,PF,PF,SUDESTE,SUDESTE,entre 40 e 49 anos,entre 30 e 39 anos,QRES,P2P,Pix,"156625401,91",2351400
202411,PF,PF,NORDESTE,Nao informado,até 19 anos,mais de 60 anos,Nao disponivel,P2P,Nao disponivel,"16694,3",4
202411,PF,PF,NORDESTE,SUL,entre 50 e 59 anos,entre 20 e 29 anos,Nao disponivel,P2P,Nao disponivel,"17504,41",95
202411,PF,PF,CENTRO-OESTE,SUDESTE,entre 50 e 59 anos,entre 30 e 39 anos,Nao disponivel,P2P,Nao disponivel,"143695,29",237
202411,PF,PF,SUDESTE,CENTRO-OESTE,entre 40 e 49 anos,mais de 60 anos,QRDN,P2P,Pix,"323013,72",8870
202411,PF,PF,CENTRO-OESTE,NORDESTE,mais de 60 anos,entre 30 e 39 anos,MANU,P2P,Pix,"3283053,19",11783
202411,PF,PF,CENTRO-OESTE,CENTRO-OESTE,até 19 anos,até 19 anos,QRES,P2P,Pix,"8007691,4",97753
202411,PJ,PF,NORTE,Nao informado,Nao se aplica,entre 40 e 49 anos,QRDN,B2P,Pix,"2466,72",52
202411,PF,PJ,NORTE,SUL,entre 20 e 29 anos,Nao se aplica,Nao disponivel,P2B,Nao disponivel,"593188,35",422
202411,PF,PF,NORDESTE,SUDESTE,entre 20 e 29 anos,entre 30 e 39 anos,Nao disponivel,P2P,Nao disponivel,"1638456,61",7642
202411,PJ,PF,SUDESTE,CENTRO-OESTE,Nao se aplica,até 19 anos,DICT,G2P,Pix,6752,7
202411,PF,PJ,CENTRO-OESTE,Nao informado,entre 30 e 39 anos,Nao se aplica,DICT,P2B,Pix,"105808,73",65
202411,PF,PJ,NORTE,SUDESTE,entre 20 e 29 anos,Nao se aplica,MANU,P2G,Pix,"1634,44",10
202411,PF,PF,SUL,SUL,até 19 anos,até 19 anos,Nao disponivel,P2P,Nao disponivel,"2395278,32",38010
202411,PF,PF,NORTE,SUL,entre 30 e 39 anos,entre 20 e 29 anos,QRES,P2P,Pix,"679511,98",15352
202411,PF,PF,Nao informado,CENTRO-OESTE,entre 50 e 59 anos,entre 20 e 29 anos,Nao disponivel,P2P,Nao disponivel,288,3
202411,PF,PF,CENTRO-OESTE,Nao informado,entre 30 e 39 anos,entre 50 e 59 anos,QRES,P2P,Pix,"60135,32",294
202411,PF,PJ,Nao informado,NORTE,entre 20 e 29 anos,Nao se aplica,DICT,P2B,Pix,1391089,1492
202411,PF,PJ,NORDESTE,CENTRO-OESTE,entre 50 e 59 anos,Nao se aplica,QRDN,P2G,Pix,"44428965,07",148294
202411,PF,PF,SUL,CENTRO-OESTE,entre 20 e 29 anos,entre 40 e 49 anos,DICT,P2P,Pix,"17709056,37",58781
202411,PJ,PF,CENTRO-OESTE,SUDESTE,Nao se aplica,entre 50 e 59 anos,QRES,G2P,Pix,220,1
202411,PF,PF,CENTRO-OESTE,NORTE,mais de 60 anos,entre 20 e 29 anos,MANU,P2P,Pix,"851762,35",4154
202411,PJ,PF,Nao informado,NORDESTE,Nao se aplica,entre 50 e 59 anos,DICT,B2P,Pix,"999570,43",884
202411,PF,PF,NORTE,NORTE,entre 50 e 59 anos,entre 20 e 29 anos,MANU,P2P,Pix,"98265913,24",820726
202411,PF,PJ,NORDESTE,NORDESTE,entre 30 e 39 anos,Nao se aplica,Nao disponivel,P2G,Nao disponivel,"7426,28",7
202411,PF,PF,CENTRO-OESTE,NORTE,mais de 60 anos,entre 30 e 39 anos,QRES,P2P,Pix,"489873,47",2761
202411,PF,PJ,NORDESTE,Nao informado,entre 20 e 29 anos,Nao se aplica,MANU,P2B,Pix,"9253,7",79
202411,PJ,PJ,CENTRO-OESTE,SUDESTE,Nao se aplica,Nao se aplica,QRDN,B2G,Pix,"4725243,43",5341
202411,PF,PF,CENTRO-OESTE,Nao informado,entre 40 e 49 anos,mais de 60 anos,Nao disponivel,P2P,Nao disponivel,"2116,04",3
202411,PF,PF,Nao informado,NORTE,entre 50 e 59 anos,até 19 anos,QRES,P2P,Pix,"216,5",10
202411,PJ,PF,NORDESTE,SUL,Nao se aplica,até 19 anos,QRDN,B2P,Pix,"124262,41",97
202411,PF,PF,SUDESTE,NORTE,entre 50 e 59 anos,entre 40 e 49 anos,MANU,P2P,Pix,"6602283,52",14298
202411,PF,PF,NORDESTE,Nao informado,entre 20 e 29 anos,entre 20 e 29 anos,DICT,P2P,Pix,"1713089,74",13662
202411,PF,PF,CENTRO-OESTE,NORTE,entre 50 e 59 anos,entre 20 e 29 anos,QRDN,P2P,Pix,"183570,34",3841
202411,PF,PJ,NORTE,SUL,até 19 anos,Nao se aplica,MANU,P2G,Pix,27,4
202411,PF,PF,CENTRO-OESTE,CENTRO-OESTE,até 19 anos,até 19 anos,Nao disponivel,P2P,Nao disponivel,"1890151,95",27890
202411,PF,PF,SUDESTE,SUDESTE,até 19 anos,entre 40 e 49 anos,DICT,P2P,Pix,"646293273,9",5671159
202411,PF,PF,NORTE,NORDESTE,entre 30 e 39 anos,até 19 anos,MANU,P2P,Pix,"1082128,64",16167
202411,PJ,PF,SUL,SUDESTE,Nao se aplica,mais de 60 anos,Nao disponivel,B2P,Nao disponivel,"7806250,03",13304
202411,PF,PF,SUDESTE,CENTRO-OESTE,entre 30 e 39 anos,entre 50 e 59 anos,Nao disponivel,P2P,Nao disponivel,"195494,08",510
202411,PF,PF,SUDESTE,SUL,até 19 anos,entre 30 e 39 anos,QRES,P2P,Pix,"400129,51",12745
202411,PF,PF,SUDESTE,SUDESTE,entre 40 e 49 anos,até 19 anos,DICT,P2P,Pix,"981747484,66",9200229
202411,PJ,PF,SUDESTE,NORTE,Nao se aplica,mais de 60 anos,Nao disponivel,G2P,Nao disponivel,500,2
202411,PF,PF,CENTRO-OESTE,Nao informado,entre 30 e 39 anos,entre 50 e 59 anos,DICT,P2P,Pix,"1332209,15",1886
202411,PF,PJ,CENTRO-OESTE,NORTE,entre 50 e 59 anos,Nao se aplica,Nao disponivel,P2B,Nao disponivel,"81733,3",37
202411,PJ,PF,NORDESTE,NORTE,Nao se aplica,entre 40 e 49 anos,QRDN,B2P,Pix,"159397,44",3105
202411,PF,PF,NORTE,SUDESTE,entre 20 e 29 anos,entre 20 e 29 anos,MANU,P2P,Pix,"9180041,56",76443
202411,PF,PJ,SUL,SUL,entre 30 e 39 anos,Nao se aplica,QRDN,P2B,Pix Saque,"32185765,34",140196
202411,PF,PF,NORTE,CENTRO-OESTE,mais de 60 anos,entre 50 e 59 anos,DICT,P2P,Pix,"16952357,14",25772
202411,PF,PF,NORTE,SUL,até 19 anos,entre 50 e 59 anos,QRES,P2P,Pix,"112437,61",5626
202411,PF,PF,SUL,CENTRO-OESTE,entre 30 e 39 anos,entre 40 e 49 anos,DICT,P2P,Pix,"32488815,24",82514
202411,PF,PF,NORDESTE,NORTE,entre 30 e 39 anos,entre 30 e 39 anos,Nao disponivel,P2P,Nao disponivel,"196152,13",1159
202411,PF,PJ,NORTE,SUDESTE,mais de 60 anos,Nao se aplica,QRES,P2G,Pix,"11114,61",51
202411,PF,PF,CENTRO-OESTE,SUDESTE,entre 30 e 39 anos,entre 20 e 29 anos,QRES,P2P,Pix,"2317400,23",38135
202411,PF,PF,CENTRO-OESTE,SUL,entre 40 e 49 anos,entre 30 e 39 anos,Nao disponivel,P2P,Nao disponivel,"58764,23",230
202411,PF,PF,NORTE,NORTE,entre 50 e 59 anos,entre 20 e 29 anos,Nao disponivel,P2P,Nao disponivel,"678653,01",3447
202411,PF,PF,CENTRO-OESTE,CENTRO-OESTE,mais de 60 anos,até 19 anos,MANU,P2P,Pix,"5869984,98",51413
202411,PJ,PJ,CENTRO-OESTE,SUL,Nao se aplica,Nao se aplica,QRDN,G2G,Pix,"213,16",1
202411,PF,PF,NORTE,Nao informado,entre 30 e 39 anos,mais de 60 anos,MANU,P2P,Pix,"43582,22",211
202411,PF,PJ,NORDESTE,SUDESTE,entre 30 e 39 anos,Nao se aplica,QRDN,P2B,Pix,"4412901160,03",69810461
202411,PF,PJ,NORTE,NORDESTE,entre 40 e 49 anos,Nao se aplica,DICT,P2G,Pix,"1041,09",10
202411,PF,PF,Nao informado,Nao informado,entre 20 e 29 anos,mais de 60 anos,MANU,P2P,Pix,"85056,84",331
202411,PF,PF,SUL,NORTE,entre 30 e 39 anos,entre 20 e 29 anos,Nao disponivel,P2P,Nao disponivel,"78659,84",655
202411,PF,PF,CENTRO-OESTE,SUDESTE,mais de 60 anos,entre 40 e 49 anos,QRES,P2P,Pix,"766445,9",5143
202411,PF,PF,NORTE,Nao informado,entre 20 e 29 anos,Nao informado,DICT,P2P,Pix,"749,55",27
202411,PF,PF,CENTRO-OESTE,NORTE,entre 50 e 59 anos,entre 20 e 29 anos,QRES,P2P,Pix,"416219,86",5350
202411,PJ,PF,NORDESTE,SUL,Nao se aplica,entre 50 e 59 anos,DICT,G2P,Pix,"21067,73",5
202411,PF,PF,SUDESTE,NORDESTE,entre 30 e 39 anos,entre 30 e 39 anos,QRES,P2P,Pix,"14080067,32",287520
202411,PF,PF,CENTRO-OESTE,SUDESTE,entre 40 e 49 anos,entre 20 e 29 anos,INIC,P2P,Pix,"536,52",1
202411,PF,PJ,CENTRO-OESTE,NORDESTE,entre 30 e 39 anos,Nao se aplica,QRDN,P2B,Pix Saque,"78149,76",430
202411,PF,PF,CENTRO-OESTE,Nao informado,até 19 anos,mais de 60 anos,Nao disponivel,P2P,Nao disponivel,50,1
202411,PF,PF,SUDESTE,SUL,entre 50 e 59 anos,entre 40 e 49 anos,Nao disponivel,P2P,Nao disponivel,"95352,31",359
202411,PF,PF,Nao informado,Nao informado,mais de 60 anos,entre 50 e 59 anos,DICT,P2P,Pix,"441989,03",430
202411,PF,PJ,SUDESTE,CENTRO-OESTE,entre 30 e 39 anos,Nao se aplica,QRDN,P2B,Pix,"184817096,98",2058009
202411,PF,PF,SUDESTE,SUL,entre 50 e 59 anos,mais de 60 anos,DICT,P2P,Pix,"37958296,29",60895
202411,PF,PF,Nao informado,NORDESTE,até 19 anos,até 19 anos,Nao disponivel,P2P,Nao disponivel,"25,49",6
202411,PF,PF,SUDESTE,NORTE,entre 50 e 59 anos,entre 50 e 59 anos,DICT,P2P,Pix,21765655,46701
202411,PJ,PJ,NORDESTE,NORTE,Nao se aplica,Nao se aplica,DICT,B2G,Pix,"12597,72",11
202411,PF,PJ,NORTE,NORDESTE,até 19 anos,Nao se aplica,QRES,P2G,Pix,"176,96",6
202411,PF,PJ,SUL,SUL,entre 50 e 59 anos,Nao se aplica,QRES,P2G,Pix,"1080064,43",8487
202411,PF,PJ,Nao informado,SUL,entre 20 e 29 anos,Nao se aplica,QRES,P2G,Pix,"633,28",11
202411,PF,PF,Nao informado,SUL,até 19 anos,entre 20 e 29 anos,DICT,P2P,Pix,"66403,62",706
202411,PJ,PF,NORDESTE,Nao informado,Nao se aplica,entre 30 e 39 anos,QRES,B2P,Pix,"34844,25",109
202411,PJ,PF,CENTRO-OESTE,NORTE,Nao se aplica,entre 50 e 59 anos,DICT,B2P,Pix,"76214839,01",54502
202411,PJ,PF,CENTRO-OESTE,SUL,Nao se aplica,entre 40 e 49 anos,QRES,B2P,Pix,"566767,11",1955
202411,PF,PF,NORTE,CENTRO-OESTE,entre 50 e 59 anos,entre 50 e 59 anos,Nao disponivel,P2P,Nao disponivel,"16833,96",78
202411,PF,PJ,CENTRO-OESTE,NORTE,até 19 anos,Nao se aplica,QRDN,P2B,Pix Saque,"932,35",12
202411,PJ,PF,SUDESTE,NORTE,Nao se aplica,mais de 60 anos,Nao disponivel,B2P,Nao disponivel,"1986061,47",16641
202411,PF,PJ,CENTRO-OESTE,CENTRO-OESTE,entre 50 e 59 anos,Nao se aplica,QRES,P2B,Pix Saque,"3217,48",33
202411,PF,PF,Nao informado,CENTRO-OESTE,entre 40 e 49 anos,entre 50 e 59 anos,DICT,P2P,Pix,"1829282,72",2216
202411,PF,PF,CENTRO-OESTE,NORTE,entre 30 e 39 anos,entre 30 e 39 anos,QRES,P2P,Pix,"1638177,07",30687
202411,PF,PF,Nao informado,SUDESTE,entre 20 e 29 anos,Nao informado,QRES,P2P,Pix,539,1
202411,PF,PF,CENTRO-OESTE,Nao informado,mais de 60 anos,mais de 60 anos,QRDN,P2P,Pix,127,3
202411,PF,PF,Nao informado,SUL,Nao informado,entre 20 e 29 anos,DICT,P2P,Pix,"976,54",21
202411,PJ,PF,CENTRO-OESTE,NORTE,Nao se aplica,entre 20 e 29 anos,MANU,B2P,Pix,"12284666,53",13910
202411,PF,PF,NORDESTE,SUDESTE,até 19 anos,entre 30 e 39 anos,MANU,P2P,Pix,"5657048,93",70415
202411,PF,PF,SUL,NORDESTE,mais de 60 anos,entre 30 e 39 anos,QRES,P2P,Pix,"497940,28",3845
202411,PF,PJ,SUDESTE,CENTRO-OESTE,entre 40 e 49 anos,Nao se aplica,Nao disponivel,P2B,Nao disponivel,"599745,32",1360
202411,PF,PF,SUDESTE,NORDESTE,entre 20 e 29 anos,entre 20 e 29 anos,MANU,P2P,Pix,"59203156,99",474878
202411,PF,PF,NORTE,SUL,até 19 anos,entre 50 e 59 anos,QRDN,P2P,Pix,"64476,51",3204
202411,PF,PF,SUL,SUL,até 19 anos,entre 30 e 39 anos,MANU,P2P,Pix,"39539641,05",392479
202411,PF,PF,NORDESTE,CENTRO-OESTE,entre 30 e 39 anos,mais de 60 anos,QRDN,P2P,Pix,"718110,65",23005
202411,PF,PJ,Nao informado,NORTE,entre 20 e 29 anos,Nao se aplica,QRDN,P2G,Pix,"2187,29",7
202411,PF,PF,NORDESTE,Nao informado,entre 30 e 39 anos,entre 40 e 49 anos,DICT,P2P,Pix,"2739631,13",8493
202411,PF,PF,CENTRO-OESTE,Nao informado,até 19 anos,mais de 60 anos,QRES,P2P,Pix,"2748,2",143
202411,PF,PF,SUDESTE,SUL,entre 40 e 49 anos,entre 50 e 59 anos,Nao disponivel,P2P,Nao disponivel,"151664,32",450
202411,PF,PJ,Nao informado,NORTE,entre 30 e 39 anos,Nao se aplica,MANU,P2B,Pix,"312239,99",771
202411,PF,PF,NORTE,SUDESTE,até 19 anos,entre 40 e 49 anos,Nao disponivel,P2P,Nao disponivel,"21419,54",449
202411,PF,PF,NORDESTE,SUDESTE,entre 30 e 39 anos,entre 50 e 59 anos,INIC,P2P,Pix,"12,9",1
202411,PF,PF,SUDESTE,Nao informado,mais de 60 anos,entre 50 e 59 anos,QRDN,P2P,Pix,"2763,4",73
202411,PF,PF,SUL,NORDESTE,mais de 60 anos,até 19 anos,Nao disponivel,P2P,Nao disponivel,"874,35",58
202411,PF,PF,CENTRO-OESTE,SUDESTE,até 19 anos,mais de 60 anos,QRDN,P2P,Pix,"80818,1",3991
202411,PF,PJ,SUL,SUL,entre 20 e 29 anos,Nao se aplica,MANU,P2B,Pix Saque,7230,48
202411,PF,PJ,SUL,NORDESTE,entre 40 e 49 anos,Nao se aplica,Nao disponivel,P2B,Nao disponivel,"77859,39",150
202411,PF,PF,SUDESTE,NORTE,entre 50 e 59 anos,entre 20 e 29 anos,Nao disponivel,P2P,Nao disponivel,"34427,04",221
202411,PJ,PF,CENTRO-OESTE,NORTE,Nao se aplica,entre 40 e 49 anos,DICT,B2P,Pix,"148777274,43",125007
202411,PF,PF,CENTRO-OESTE,NORDESTE,entre 40 e 49 anos,entre 20 e 29 anos,DICT,P2P,Pix,"81089296,26",394584
202411,PF,PF,SUL,SUL,entre 40 e 49 anos,mais de 60 anos,QRDN,P2P,Pix,"5881035,72",126301
202411,PF,PF,Nao informado,NORDESTE,entre 20 e 29 anos,entre 30 e 39 anos,QRES,P2P,Pix,"87944,55",2292
202411,PF,PF,NORDESTE,NORTE,entre 30 e 39 anos,entre 20 e 29 anos,Nao disponivel,P2P,Nao disponivel,"144852,42",1067
202411,PF,PF,SUDESTE,Nao informado,entre 40 e 49 anos,entre 40 e 49 anos,MANU,P2P,Pix,"4471082,71",3640
202411,PJ,PF,CENTRO-OESTE,NORDESTE,Nao se aplica,entre 40 e 49 anos,Nao disponivel,B2P,Nao disponivel,"448583,3",2183
202411,PF,PJ,SUDESTE,NORTE,até 19 anos,Nao se aplica,MANU,P2B,Pix,"101234,25",883
202411,PJ,PF,SUDESTE,CENTRO-OESTE,Nao se aplica,até 19 anos,QRDN,B2P,Pix,"68015,85",282
202411,PF,PF,NORTE,SUL,entre 50 e 59 anos,entre 30 e 39 anos,MANU,P2P,Pix,"2387555,48",11281
202411,PF,PF,SUL,NORTE,entre 30 e 39 anos,até 19 anos,Nao disponivel,P2P,Nao disponivel,"8260,69",152
202411,PF,PF,CENTRO-OESTE,NORDESTE,entre 40 e 49 anos,entre 30 e 39 anos,DICT,P2P,Pix,"112823014,79",464540
202411,PF,PF,NORTE,NORDESTE,entre 20 e 29 anos,entre 20 e 29 anos,Nao disponivel,P2P,Nao disponivel,"384693,67",2534
202411,PF,PF,SUDESTE,SUL,mais de 60 anos,entre 20 e 29 anos,MANU,P2P,Pix,"2933929,99",8876
202411,PJ,PF,NORDESTE,NORDESTE,Nao se aplica,entre 20 e 29 anos,Nao disponivel,B2P,Nao disponivel,"9837347,11",121001
202411,PJ,PF,Nao informado,Nao informado,Nao se aplica,entre 30 e 39 anos,QRES,B2P,Pix,"2264,39",25
202411,PF,PF,NORTE,NORTE,até 19 anos,entre 20 e 29 anos,QRES,P2P,Pix,"7676134,8",331628
202411,PF,PF,SUL,SUDESTE,entre 30 e 39 anos,entre 50 e 59 anos,MANU,P2P,Pix,"10155329,09",29682
202411,PJ,PF,NORDESTE,CENTRO-OESTE,Nao se aplica,entre 30 e 39 anos,QRDN,B2P,Pix,"185415,47",2492
202411,PF,PJ,Nao informado,Nao informado,até 19 anos,Nao se aplica,MANU,P2B,Pix,"6736,15",95
202411,PF,PJ,CENTRO-OESTE,NORDESTE,entre 30 e 39 anos,Nao se aplica,QRES,P2B,Pix,"12896026,95",192209
202411,PF,PJ,SUL,SUDESTE,entre 40 e 49 anos,Nao se aplica,DICT,P2B,Pix,"363907317,65",326482
202411,PF,PF,SUDESTE,Nao informado,entre 30 e 39 anos,mais de 60 anos,QRES,P2P,Pix,"15927,26",435
202411,PF,PF,SUL,Nao informado,entre 50 e 59 anos,Nao informado,DICT,P2P,Pix,343,6
202411,PF,PJ,NORTE,NORDESTE,entre 40 e 49 anos,Nao se aplica,MANU,P2B,Pix,"7498838,02",22785
202411,PJ,PJ,CENTRO-OESTE,CENTRO-OESTE,Nao se aplica,Nao se aplica,DICT,B2B,Pix,"24496692491,12",4624071
202411,PF,PF,SUDESTE,NORDESTE,até 19 anos,mais de 60 anos,Nao disponivel,P2P,Nao disponivel,"50026,44",352
202411,PJ,PJ,CENTRO-OESTE,SUL,Nao se aplica,Nao se aplica,MANU,G2B,Pix,"426089803,2",15573
202411,PF,PJ,NORDESTE,NORTE,entre 20 e 29 anos,Nao se aplica,QRDN,P2B,Pix,"81052504,68",2014661
202411,PF,PJ,NORTE,NORDESTE,entre 50 e 59 anos,Nao se aplica,QRDN,P2B,Pix Saque,"215763,94",975
202411,PF,PF,CENTRO-OESTE,Nao informado,mais de 60 anos,entre 20 e 29 anos,MANU,P2P,Pix,"65975,89",421
202411,PF,PF,NORDESTE,NORTE,entre 30 e 39 anos,entre 30 e 39 anos,MANU,P2P,Pix,"16620496,82",106396
202411,PF,PJ,SUL,NORDESTE,entre 30 e 39 anos,Nao se aplica,INIC,P2B,Pix,"114,8",3
202411,PF,PF,Nao informado,NORDESTE,entre 40 e 49 anos,entre 30 e 39 anos,DICT,P2P,Pix,"3680903,92",8475
202411,PF,PF,NORDESTE,NORDESTE,entre 20 e 29 anos,entre 20 e 29 anos,INIC,P2P,Pix,"7129837,46",16440
202411,PF,PF,NORTE,SUDESTE,até 19 anos,Nao informado,QRDN,P2P,Pix,"113,61",1
202411,PF,PJ,SUDESTE,NORTE,entre 50 e 59 anos,Nao se aplica,QRES,P2B,Pix,"3309211,37",16923
202411,PF,PF,NORTE,NORDESTE,entre 50 e 59 anos,mais de 60 anos,MANU,P2P,Pix,"1915221,37",7301
202411,PF,PJ,SUL,SUL,entre 40 e 49 anos,Nao se aplica,QRES,P2G,Pix,"1804902,74",14422
202411,PF,PF,SUL,SUDESTE,entre 50 e 59 anos,Nao informado,QRES,P2P,Pix,"244500,12",201
202411,PF,PF,NORDESTE,NORDESTE,Nao informado,entre 30 e 39 anos,QRES,P2P,Pix,494,6
202411,PF,PF,Nao informado,Nao informado,entre 50 e 59 anos,entre 30 e 39 anos,MANU,P2P,Pix,"169155,49",422
202411,PF,PF,SUL,Nao informado,entre 20 e 29 anos,entre 50 e 59 anos,QRDN,P2P,Pix,"2504,95",41
202411,PF,PF,NORTE,SUDESTE,entre 50 e 59 anos,entre 30 e 39 anos,QRDN,P2P,Pix,"256896,95",5449
202411,PF,PJ,Nao informado,SUDESTE,mais de 60 anos,Nao se aplica,QRES,P2B,Pix,"1470559,86",4157
202411,PF,PF,NORDESTE,NORDESTE,entre 30 e 39 anos,Nao informado,QRES,P2P,Pix,629,31
202411,PF,PF,NORDESTE,NORTE,Nao informado,entre 20 e 29 anos,DICT,P2P,Pix,6,1
202411,PJ,PF,CENTRO-OESTE,SUL,Nao se aplica,entre 20 e 29 anos,DICT,B2P,Pix,"68872444,57",117973
202411,PJ,PJ,SUL,CENTRO-OESTE,Nao se aplica,Nao se aplica,QRDN,G2B,Pix,"23336534,43",1102
202411,PF,PF,SUDESTE,SUDESTE,entre 20 e 29 anos,entre 20 e 29 anos,QRES,P2P,Pix,"672196494,59",4546321
202411,PF,PF,SUDESTE,SUL,entre 40 e 49 anos,entre 20 e 29 anos,QRES,P2P,Pix,"1535072,71",21810
202411,PF,PJ,NORTE,SUDESTE,mais de 60 anos,Nao se aplica,QRES,P2B,Pix Saque,407,1
202411,PJ,PF,CENTRO-OESTE,SUL,Nao se aplica,até 19 anos,MANU,G2P,Pix,"56209,46",50
202411,PF,PJ,SUDESTE,SUDESTE,entre 40 e 49 anos,Nao se aplica,INIC,P2B,Pix,"103532,3",4872
202411,PF,PJ,NORTE,NORDESTE,entre 20 e 29 anos,Nao se aplica,INIC,P2B,Pix,"25,38",1
202411,PF,PJ,Nao informado,SUL,mais de 60 anos,Nao se aplica,QRES,P2B,Pix,"2448760,05",1079
202411,PF,PF,NORDESTE,NORDESTE,entre 50 e 59 anos,até 19 anos,MANU,P2P,Pix,"44100964,57",653512
202411,PF,PF,NORTE,SUDESTE,entre 20 e 29 anos,entre 20 e 29 anos,QRES,P2P,Pix,"2138336,41",49758
202411,PF,PF,SUDESTE,NORTE,entre 40 e 49 anos,entre 40 e 49 anos,MANU,P2P,Pix,"7856497,5",26410
202411,PF,PF,NORDESTE,SUL,até 19 anos,entre 50 e 59 anos,QRES,P2P,Pix,"123321,32",7028
202411,PF,PF,CENTRO-OESTE,NORTE,entre 30 e 39 anos,mais de 60 anos,Nao disponivel,P2P,Nao disponivel,"44681,5",157
202411,PJ,PF,Nao informado,SUDESTE,Nao se aplica,mais de 60 anos,QRES,B2P,Pix,"6813,79",37
202411,PF,PF,NORTE,SUDESTE,entre 20 e 29 anos,entre 50 e 59 anos,QRES,P2P,Pix,"1305198,13",28376
202411,PF,PJ,Nao informado,SUL,entre 20 e 29 anos,Nao se aplica,QRDN,P2G,Pix,"17978,44",104
202411,PF,PF,NORDESTE,Nao informado,entre 20 e 29 anos,entre 40 e 49 anos,QRES,P2P,Pix,"98022,61",2854
202411,PF,PF,SUL,NORDESTE,entre 40 e 49 anos,entre 20 e 29 anos,QRES,P2P,Pix,"986791,16",16468
202411,PF,PF,NORTE,SUDESTE,entre 30 e 39 anos,mais de 60 anos,DICT,P2P,Pix,"24906200,2",55719
202411,PF,PF,SUDESTE,NORTE,mais de 60 anos,entre 40 e 49 anos,QRDN,P2P,Pix,"100118,01",2031
202411,PF,PF,NORDESTE,SUDESTE,mais de 60 anos,entre 30 e 39 anos,Nao disponivel,P2P,Nao disponivel,"163207,21",459
202411,PJ,PF,SUL,CENTRO-OESTE,Nao se aplica,entre 30 e 39 anos,QRDN,B2P,Pix,"142954,84",1797
202411,PF,PJ,SUL,CENTRO-OESTE,entre 40 e 49 anos,Nao se aplica,Nao disponivel,P2G,Nao disponivel,"3668,74",2
202411,PF,PF,SUL,Nao informado,mais de 60 anos,entre 40 e 49 anos,QRDN,P2P,Pix,"2333,81",17
202411,PJ,PJ,CENTRO-OESTE,NORTE,Nao se aplica,Nao se aplica,QRDN,B2B,Pix Saque,"15930,73",29
202411,PF,PF,NORTE,SUDESTE,mais de 60 anos,mais de 60 anos,DICT,P2P,Pix,"15606543,26",20454
202411,PF,PJ,SUDESTE,NORDESTE,mais de 60 anos,Nao se aplica,QRDN,P2B,Pix Troco,"1382,03",6
202411,PF,PJ,CENTRO-OESTE,SUDESTE,entre 40 e 49 anos,Nao se aplica,DICT,P2B,Pix,"321723567,86",246294
202411,PF,PF,CENTRO-OESTE,CENTRO-OESTE,entre 50 e 59 anos,entre 20 e 29 anos,DICT,P2P,Pix,"773101538,75",2520783
202411,PF,PF,Nao informado,NORDESTE,entre 20 e 29 anos,até 19 anos,QRES,P2P,Pix,"2846,26",113
202411,PF,PF,NORTE,SUDESTE,entre 30 e 39 anos,até 19 anos,DICT,P2P,Pix,"4458922,5",45452
202411,PF,PF,Nao informado,Nao informado,entre 20 e 29 anos,entre 30 e 39 anos,Nao disponivel,P2P,Nao disponivel,"4888,3",25
202411,PF,PJ,SUDESTE,SUDESTE,entre 30 e 39 anos,Nao se aplica,QRES,P2B,Pix,"3190839179,47",22279094
202411,PF,PF,NORTE,Nao informado,entre 50 e 59 anos,entre 20 e 29 anos,QRDN,P2P,Pix,"1526,7",28
202411,PF,PF,NORTE,NORDESTE,entre 40 e 49 anos,até 19 anos,QRES,P2P,Pix,"171535,59",3510
202411,PF,PF,Nao informado,NORDESTE,mais de 60 anos,entre 40 e 49 anos,DICT,P2P,Pix,"1887658,75",2836
202411,PF,PF,SUDESTE,NORTE,entre 30 e 39 anos,entre 30 e 39 anos,QRES,P2P,Pix,"1444827,98",28813
202411,PF,PF,CENTRO-OESTE,SUDESTE,mais de 60 anos,entre 20 e 29 anos,QRDN,P2P,Pix,"113866,8",1596
202411,PF,PF,NORTE,SUDESTE,entre 20 e 29 anos,entre 30 e 39 anos,QRES,P2P,Pix,"2627650,93",48006
202411,PF,PF,SUL,CENTRO-OESTE,até 19 anos,entre 30 e 39 anos,DICT,P2P,Pix,"2404969,05",19079
202411,PF,PF,SUL,SUL,entre 50 e 59 anos,mais de 60 anos,DICT,P2P,Pix,"773900141,06",1697675
202411,PF,PF,SUL,NORTE,entre 20 e 29 anos,entre 20 e 29 anos,MANU,P2P,Pix,"6430085,7",52006
202411,PJ,PF,CENTRO-OESTE,SUL,Nao se aplica,mais de 60 anos,DICT,G2P,Pix,"9188435,88",1683
202411,PF,PF,NORTE,Nao informado,até 19 anos,entre 50 e 59 anos,QRDN,P2P,Pix,929,56
202411,PF,PF,NORTE,NORTE,até 19 anos,entre 20 e 29 anos,QRDN,P2P,Pix,"4888672,74",257503
202411,PF,PF,NORTE,NORTE,entre 20 e 29 anos,entre 30 e 39 anos,QRDN,P2P,Pix,"39327591,58",1602937
202411,PF,PF,Nao informado,Nao informado,entre 50 e 59 anos,entre 40 e 49 anos,DICT,P2P,Pix,"1550409,82",1483
202411,PF,PJ,Nao informado,CENTRO-OESTE,entre 30 e 39 anos,Nao se aplica,QRDN,P2B,Pix,"831374,74",8604
202411,PF,PF,NORDESTE,NORDESTE,entre 30 e 39 anos,até 19 anos,QRES,P2P,Pix,"14288621,76",331598
202411,PJ,PF,Nao informado,CENTRO-OESTE,Nao se aplica,entre 50 e 59 anos,QRES,B2P,Pix,"2562,99",18
202411,PF,PF,NORTE,CENTRO-OESTE,mais de 60 anos,até 19 anos,QRES,P2P,Pix,"15431,49",242
202411,PF,PF,SUL,SUDESTE,mais de 60 anos,até 19 anos,MANU,P2P,Pix,"626436,91",1728
202411,PF,PJ,NORDESTE,NORDESTE,mais de 60 anos,Nao se aplica,QRES,P2B,Pix,"220090601,14",1331566
202411,PF,PF,NORDESTE,SUDESTE,entre 40 e 49 anos,Nao informado,QRES,P2P,Pix,"2687537,63",2452
202411,PF,PF,Nao informado,SUDESTE,Nao informado,mais de 60 anos,DICT,P2P,Pix,"1475,79",23
202411,PF,PF,NORDESTE,Nao informado,entre 40 e 49 anos,entre 30 e 39 anos,Nao disponivel,P2P,Nao disponivel,"5505,86",9
202411,PF,PF,NORDESTE,SUL,entre 50 e 59 anos,entre 40 e 49 anos,Nao disponivel,P2P,Nao disponivel,"48032,18",77
202411,PF,PF,CENTRO-OESTE,Nao informado,entre 40 e 49 anos,entre 40 e 49 anos,MANU,P2P,Pix,"534206,94",1008
202411,PJ,PF,CENTRO-OESTE,CENTRO-OESTE,Nao se aplica,entre 50 e 59 anos,Nao disponivel,B2P,Nao disponivel,"3944296,58",10022
202411,PJ,PF,SUDESTE,SUDESTE,Nao se aplica,entre 50 e 59 anos,Nao disponivel,B2P,Nao disponivel,"66953445,8",577762
202411,PF,PJ,NORDESTE,SUL,entre 50 e 59 anos,Nao se aplica,DICT,P2B,Pix,"51056055,86",46363
202411,PF,PJ,NORDESTE,Nao informado,entre 40 e 49 anos,Nao se aplica,Nao disponivel,P2B,Nao disponivel,1340,3
202411,PF,PF,Nao informado,NORTE,até 19 anos,entre 20 e 29 anos,MANU,P2P,Pix,"17518,38",223
202411,PJ,PF,SUL,NORDESTE,Nao se aplica,mais de 60 anos,MANU,B2P,Pix,"32175470,8",19119
202411,PF,PF,SUL,NORDESTE,mais de 60 anos,até 19 anos,MANU,P2P,Pix,"105879,11",678
202411,PF,PF,NORDESTE,CENTRO-OESTE,entre 50 e 59 anos,entre 20 e 29 anos,QRDN,P2P,Pix,"181998,16",4379
202411,PF,PJ,NORTE,NORDESTE,entre 20 e 29 anos,Nao se aplica,QRES,P2B,Pix,"8669084,63",152705
202411,PF,PJ,Nao informado,NORTE,até 19 anos,Nao se aplica,MANU,P2B,Pix,"900,15",16
202411,PF,PF,Nao informado,NORTE,entre 50 e 59 anos,entre 40 e 49 anos,QRDN,P2P,Pix,"6673,42",162
202411,PJ,PF,SUDESTE,CENTRO-OESTE,Nao se aplica,entre 40 e 49 anos,Nao disponivel,G2P,Nao disponivel,"2111,89",10
202411,PF,PF,NORDESTE,SUL,até 19 anos,entre 40 e 49 anos,Nao disponivel,P2P,Nao disponivel,"29639,31",416
202411,PF,PF,SUL,NORTE,mais de 60 anos,entre 30 e 39 anos,QRDN,P2P,Pix,"44800,15",848
202411,PF,PF,NORDESTE,NORDESTE,entre 20 e 29 anos,até 19 anos,QRDN,P2P,Pix,"7614205,41",273806
202411,PF,PF,CENTRO-OESTE,Nao informado,entre 50 e 59 anos,entre 20 e 29 anos,QRES,P2P,Pix,"29442,47",105
202411,PF,PF,Nao informado,NORDESTE,entre 50 e 59 anos,até 19 anos,QRDN,P2P,Pix,743,14
202411,PF,PF,SUL,SUL,entre 40 e 49 anos,entre 40 e 49 anos,DICT,P2P,Pix,"8582629955,38",15653224
202411,PF,PF,SUDESTE,Nao informado,entre 40 e 49 anos,Nao informado,DICT,P2P,Pix,"10691,93",77
202411,PF,PF,SUDESTE,SUDESTE,entre 40 e 49 anos,mais de 60 anos,MANU,P2P,Pix,"1149271113,58",2166238
202411,PJ,PJ,SUDESTE,Nao informado,Nao se aplica,Nao se aplica,QRDN,B2B,Pix,"107693,84",267
202411,PF,PJ,Nao informado,Nao informado,entre 30 e 39 anos,Nao se aplica,QRES,P2B,Pix,"58639,73",1455
202411,PF,PF,CENTRO-OESTE,NORDESTE,entre 50 e 59 anos,entre 50 e 59 anos,DICT,P2P,Pix,"26304181,68",81654
202411,PF,PF,CENTRO-OESTE,SUL,entre 40 e 49 anos,entre 40 e 49 anos,QRDN,P2P,Pix,"357970,77",5690
202411,PF,PF,Nao informado,SUL,até 19 anos,entre 50 e 59 anos,MANU,P2P,Pix,"10888,44",52
202411,PF,PF,NORTE,SUDESTE,mais de 60 anos,entre 50 e 59 anos,QRDN,P2P,Pix,"50731,39",1088
202411,PF,PF,SUDESTE,NORTE,entre 50 e 59 anos,entre 20 e 29 anos,DICT,P2P,Pix,"22499591,49",95449
202411,PF,PF,SUL,SUL,mais de 60 anos,mais de 60 anos,QRES,P2P,Pix,"36656212,38",93566
202411,PF,PF,NORTE,SUDESTE,entre 50 e 59 anos,entre 40 e 49 anos,QRES,P2P,Pix,"896156,94",9737
202411,PF,PF,CENTRO-OESTE,NORTE,entre 20 e 29 anos,entre 50 e 59 anos,MANU,P2P,Pix,"2871172,1",13413
202411,PF,PF,SUDESTE,Nao informado,entre 30 e 39 anos,entre 40 e 49 anos,Nao disponivel,P2P,Nao disponivel,"22854,57",44
202411,PF,PF,Nao informado,NORDESTE,mais de 60 anos,entre 20 e 29 anos,QRDN,P2P,Pix,"5050,65",117
202411,PJ,PF,NORTE,NORDESTE,Nao se aplica,mais de 60 anos,DICT,G2P,Pix,"11096,7",12
202411,PF,PJ,SUL,CENTRO-OESTE,entre 50 e 59 anos,Nao se aplica,INIC,P2B,Pix,"9826,47",8
202411,PF,PJ,NORTE,NORDESTE,entre 20 e 29 anos,Nao se aplica,DICT,P2G,Pix,"2045,94",18
202411,PF,PF,NORDESTE,Nao informado,mais de 60 anos,entre 30 e 39 anos,QRES,P2P,Pix,"20344,11",144
202411,PF,PF,SUDESTE,SUDESTE,mais de 60 anos,entre 40 e 49 anos,Nao disponivel,P2P,Nao disponivel,"4667742,07",10907
202411,PF,PF,SUDESTE,CENTRO-OESTE,entre 40 e 49 anos,entre 40 e 49 anos,MANU,P2P,Pix,"19708041,17",47641
202411,PF,PF,SUL,SUDESTE,entre 50 e 59 anos,entre 20 e 29 anos,QRES,P2P,Pix,"1497227,41",10545
202411,PF,PF,NORTE,NORTE,entre 20 e 29 anos,entre 50 e 59 anos,QRDN,P2P,Pix,"19033805,87",879426
202411,PJ,PJ,Nao informado,SUDESTE,Nao se aplica,Nao se aplica,QRDN,B2B,Pix Saque,1896,4
202411,PF,PF,SUL,NORDESTE,mais de 60 anos,mais de 60 anos,Nao disponivel,P2P,Nao disponivel,"56656,92",21
202411,PJ,PF,NORDESTE,SUL,Nao se aplica,entre 30 e 39 anos,DICT,B2P,Pix,"440995057,95",2163911
202411,PF,PJ,Nao informado,SUL,mais de 60 anos,Nao se aplica,DICT,P2G,Pix,25,1
202411,PF,PF,SUDESTE,SUL,entre 30 e 39 anos,entre 40 e 49 anos,DICT,P2P,Pix,"107667347,93",307324
202411,PF,PF,SUL,NORTE,entre 50 e 59 anos,entre 20 e 29 anos,QRES,P2P,Pix,"199206,42",3251
202411,PJ,PF,Nao informado,NORTE,Nao se aplica,entre 50 e 59 anos,QRES,B2P,Pix,1061,13
202411,PF,PJ,NORTE,NORDESTE,entre 20 e 29 anos,Nao se aplica,QRDN,P2B,Pix,"449566093,33",8994555
202411,PF,PF,Nao informado,NORTE,entre 30 e 39 anos,até 19 anos,MANU,P2P,Pix,"33851,93",444
202411,PJ,PJ,NORDESTE,CENTRO-OESTE,Nao se aplica,Nao se aplica,QRDN,B2B,Pix,"1370466028,9",497824
202411,PF,PF,NORDESTE,NORDESTE,entre 40 e 49 anos,entre 50 e 59 anos,MANU,P2P,Pix,"397292842,88",2331902
202411,PF,PF,Nao informado,NORDESTE,entre 40 e 49 anos,até 19 anos,QRES,P2P,Pix,"3262,45",87
202411,PF,PF,Nao informado,NORDESTE,entre 50 e 59 anos,entre 30 e 39 anos,QRDN,P2P,Pix,"22797,74",349
202411,PF,PJ,SUL,SUL,mais de 60 anos,Nao se aplica,INIC,P2B,Pix,"58615,44",294
202411,PF,PJ,SUDESTE,NORDESTE,entre 30 e 39 anos,Nao se aplica,DICT,P2B,Pix,"234614150,57",418039
202411,PF,PJ,NORTE,Nao informado,mais de 60 anos,Nao se aplica,QRES,P2B,Pix,"87,68",2
202411,PF,PF,NORDESTE,NORDESTE,entre 50 e 59 anos,entre 30 e 39 anos,DICT,P2P,Pix,"2422200866,94",10321931
202411,PF,PF,CENTRO-OESTE,SUL,até 19 anos,entre 20 e 29 anos,QRES,P2P,Pix,"174643,83",6721
202411,PF,PF,SUL,SUDESTE,mais de 60 anos,entre 50 e 59 anos,QRDN,P2P,Pix,"118755,65",1892
202411,PF,PF,NORDESTE,SUL,entre 30 e 39 anos,entre 50 e 59 anos,Nao disponivel,P2P,Nao disponivel,"29380,78",262
202411,PF,PJ,CENTRO-OESTE,NORDESTE,entre 50 e 59 anos,Nao se aplica,QRDN,P2G,Pix,"509388,6",737
202411,PF,PJ,CENTRO-OESTE,SUL,entre 20 e 29 anos,Nao se aplica,INIC,P2B,Pix,"8852,03",43
202411,PF,PF,CENTRO-OESTE,SUDESTE,entre 50 e 59 anos,entre 40 e 49 anos,MANU,P2P,Pix,"9588065,27",22969
202411,PF,PF,CENTRO-OESTE,Nao informado,entre 30 e 39 anos,Nao informado,QRDN,P2P,Pix,"269,34",2
202411,PF,PJ,NORTE,NORTE,mais de 60 anos,Nao se aplica,QRDN,P2B,Pix Saque,"871202,41",4074
202411,PJ,PJ,Nao informado,SUL,Nao se aplica,Nao se aplica,DICT,B2B,Pix,"5014628,43",1626
202411,PF,PF,SUL,NORDESTE,entre 50 e 59 anos,entre 50 e 59 anos,MANU,P2P,Pix,"1742796,4",4728
202411,PF,PJ,NORTE,SUDESTE,entre 40 e 49 anos,Nao se aplica,Nao disponivel,P2B,Nao disponivel,"509858,81",400
202411,PF,PF,NORTE,NORDESTE,mais de 60 anos,mais de 60 anos,MANU,P2P,Pix,"1561661,11",4068
202411,PJ,PJ,SUDESTE,NORTE,Nao se aplica,Nao se aplica,DICT,B2G,Pix,"709225,43",58
202411,PF,PF,NORDESTE,CENTRO-OESTE,entre 50 e 59 anos,entre 40 e 49 anos,MANU,P2P,Pix,"4529773,66",19958
202411,PF,PF,NORDESTE,NORTE,entre 30 e 39 anos,entre 40 e 49 anos,QRES,P2P,Pix,"2677611,29",75387
202411,PF,PF,NORDESTE,CENTRO-OESTE,mais de 60 anos,até 19 anos,DICT,P2P,Pix,"2006220,09",11240
202411,PF,PF,Nao informado,Nao informado,entre 50 e 59 anos,até 19 anos,Nao disponivel,P2P,Nao disponivel,525,3
202411,PF,PF,SUL,NORTE,entre 40 e 49 anos,entre 30 e 39 anos,MANU,P2P,Pix,"3816818,83",21234
202411,PF,PJ,SUDESTE,SUL,entre 30 e 39 anos,Nao se aplica,DICT,P2G,Pix,"63016,15",143
202411,PF,PF,Nao informado,Nao informado,entre 50 e 59 anos,entre 40 e 49 anos,QRES,P2P,Pix,"20526,88",94
202411,PF,PF,CENTRO-OESTE,SUL,mais de 60 anos,entre 20 e 29 anos,QRDN,P2P,Pix,"35151,47",585
202411,PF,PF,CENTRO-OESTE,Nao informado,entre 30 e 39 anos,entre 30 e 39 anos,MANU,P2P,Pix,"660728,42",2209
202411,PF,PF,SUDESTE,NORDESTE,até 19 anos,entre 40 e 49 anos,DICT,P2P,Pix,"16830203,46",192611
202411,PF,PJ,NORTE,NORDESTE,mais de 60 anos,Nao se aplica,MANU,P2G,Pix,7100,3
202411,PF,PJ,NORDESTE,SUL,entre 40 e 49 anos,Nao se aplica,QRES,P2G,Pix,"9252,99",90
202411,PF,PJ,SUL,NORDESTE,entre 20 e 29 anos,Nao se aplica,Nao disponivel,P2B,Nao disponivel,"240913,52",341
202411,PF,PF,SUL,CENTRO-OESTE,entre 50 e 59 anos,entre 50 e 59 anos,DICT,P2P,Pix,"16661464,44",29291
202411,PF,PF,NORTE,Nao informado,até 19 anos,entre 40 e 49 anos,Nao disponivel,P2P,Nao disponivel,2096,4
202411,PF,PF,NORDESTE,SUDESTE,mais de 60 anos,até 19 anos,MANU,P2P,Pix,"661435,34",6728
202411,PF,PF,Nao informado,NORDESTE,entre 50 e 59 anos,até 19 anos,DICT,P2P,Pix,"63653,25",534
202411,PF,PF,SUDESTE,SUL,entre 30 e 39 anos,mais de 60 anos,QRDN,P2P,Pix,"599823,03",9559
202411,PF,PF,CENTRO-OESTE,Nao informado,entre 50 e 59 anos,entre 20 e 29 anos,QRDN,P2P,Pix,"1242,24",44
202411,PF,PF,CENTRO-OESTE,NORDESTE,até 19 anos,mais de 60 anos,QRDN,P2P,Pix,"44404,08",2388
202411,PF,PJ,CENTRO-OESTE,SUL,entre 30 e 39 anos,Nao se aplica,QRDN,P2B,Pix Saque,"652710,84",2215
202411,PF,PF,CENTRO-OESTE,NORTE,entre 20 e 29 anos,mais de 60 anos,QRES,P2P,Pix,"267597,95",8388
202411,PF,PF,NORDESTE,Nao informado,mais de 60 anos,entre 50 e 59 anos,QRDN,P2P,Pix,"536,17",12
202411,PJ,PF,SUL,SUL,Nao se aplica,mais de 60 anos,MANU,G2P,Pix,"1739550,17",811
202411,PF,PJ,NORTE,NORTE,entre 30 e 39 anos,Nao se aplica,QRDN,P2B,Pix,"906290893,62",13251530
202411,PF,PF,CENTRO-OESTE,Nao informado,entre 40 e 49 anos,Nao informado,QRDN,P2P,Pix,20,2
202411,PF,PJ,Nao informado,NORTE,entre 40 e 49 anos,Nao se aplica,DICT,P2G,Pix,"141,2",1
202411,PF,PF,Nao informado,SUL,entre 40 e 49 anos,entre 40 e 49 anos,QRDN,P2P,Pix,"22472,92",251
202411,PF,PF,NORDESTE,SUL,mais de 60 anos,entre 40 e 49 anos,QRDN,P2P,Pix,"54429,82",828
202411,PJ,PF,SUDESTE,CENTRO-OESTE,Nao se aplica,até 19 anos,MANU,G2P,Pix,"5014,16",8
202411,PF,PF,NORTE,CENTRO-OESTE,até 19 anos,entre 40 e 49 anos,Nao disponivel,P2P,Nao disponivel,"36131,83",248
202411,PF,PF,SUDESTE,NORTE,mais de 60 anos,entre 20 e 29 anos,Nao disponivel,P2P,Nao disponivel,"7513,44",84
202411,PF,PJ,NORDESTE,NORTE,entre 30 e 39 anos,Nao se aplica,Nao disponivel,P2B,Nao disponivel,"199326,58",190
202411,PF,PF,SUDESTE,SUL,mais de 60 anos,entre 40 e 49 anos,MANU,P2P,Pix,"14518500,58",13385
202411,PF,PF,SUL,NORTE,entre 50 e 59 anos,entre 40 e 49 anos,QRES,P2P,Pix,"186629,39",4229
202411,PF,PF,Nao informado,NORTE,entre 40 e 49 anos,entre 20 e 29 anos,MANU,P2P,Pix,"464806,26",2368
202411,PF,PF,Nao informado,CENTRO-OESTE,entre 30 e 39 anos,entre 20 e 29 anos,QRDN,P2P,Pix,"9959,05",280
202411,PF,PF,SUDESTE,SUL,entre 30 e 39 anos,entre 50 e 59 anos,Nao disponivel,P2P,Nao disponivel,"172075,15",651
202411,PJ,PF,SUL,CENTRO-OESTE,Nao se aplica,entre 40 e 49 anos,QRES,B2P,Pix,"644927,63",2430
202411,PF,PF,Nao informado,Nao informado,entre 50 e 59 anos,até 19 anos,MANU,P2P,Pix,"12764,74",141
202411,PF,PF,Nao informado,Nao informado,entre 50 e 59 anos,entre 20 e 29 anos,QRES,P2P,Pix,"11192,82",70
202411,PF,PJ,SUDESTE,NORDESTE,mais de 60 anos,Nao se aplica,MANU,P2B,Pix,"19346672,42",20996
202411,PF,PF,SUDESTE,Nao informado,entre 30 e 39 anos,entre 30 e 39 anos,QRDN,P2P,Pix,"25344,42",408
202411,PF,PF,NORTE,NORDESTE,entre 40 e 49 anos,Nao informado,DICT,P2P,Pix,107,4
202411,PF,PJ,Nao informado,SUDESTE,entre 40 e 49 anos,Nao se aplica,MANU,P2G,Pix,1150,2
202411,PF,PJ,CENTRO-OESTE,NORTE,entre 20 e 29 anos,Nao se aplica,DICT,P2B,Pix,"28667156,54",48351
202411,PJ,PF,NORDESTE,NORTE,Nao se aplica,mais de 60 anos,Nao disponivel,B2P,Nao disponivel,"137300,03",1322
202411,PF,PF,NORTE,NORDESTE,entre 20 e 29 anos,até 19 anos,QRDN,P2P,Pix,"191395,31",5403
202411,PF,PF,SUL,SUL,entre 30 e 39 anos,mais de 60 anos,Nao disponivel,P2P,Nao disponivel,"3363196,04",6660
202411,PF,PF,Nao informado,NORTE,entre 50 e 59 anos,até 19 anos,DICT,P2P,Pix,"46583,7",304
202411,PF,PF,NORTE,SUL,entre 20 e 29 anos,mais de 60 anos,Nao disponivel,P2P,Nao disponivel,"33369,74",154
202411,PF,PF,NORDESTE,NORDESTE,entre 50 e 59 anos,mais de 60 anos,QRES,P2P,Pix,"28679659,16",593709
202411,PF,PF,Nao informado,SUL,entre 50 e 59 anos,entre 40 e 49 anos,DICT,P2P,Pix,"2537279,71",2878
202411,PF,PF,SUDESTE,SUDESTE,entre 50 e 59 anos,entre 30 e 39 anos,QRDN,P2P,Pix,"30584919,74",768990
202411,PF,PF,SUL,Nao informado,entre 20 e 29 anos,entre 40 e 49 anos,Nao disponivel,P2P,Nao disponivel,"8474,11",19
202411,PJ,PF,NORDESTE,Nao informado,Nao se aplica,entre 50 e 59 anos,MANU,B2P,Pix,"1265185,47",191
202411,PF,PF,Nao informado,NORDESTE,entre 30 e 39 anos,entre 40 e 49 anos,QRES,P2P,Pix,"91583,92",2358
202411,PF,PJ,Nao informado,NORDESTE,Nao informado,Nao se aplica,QRDN,P2B,Pix,"4904,53",166
202411,PJ,PF,Nao informado,Nao informado,Nao se aplica,entre 20 e 29 anos,QRDN,B2P,Pix,6,1
202411,PF,PF,SUL,Nao informado,entre 50 e 59 anos,entre 30 e 39 anos,QRES,P2P,Pix,"33280,19",282
202411,PF,PJ,SUDESTE,SUDESTE,entre 50 e 59 anos,Nao se aplica,Nao disponivel,P2B,Nao disponivel,"17781863,41",8769
202411,PF,PF,Nao informado,CENTRO-OESTE,entre 40 e 49 anos,até 19 anos,MANU,P2P,Pix,"20603,64",145
202411,PF,PF,SUDESTE,Nao informado,entre 20 e 29 anos,entre 20 e 29 anos,MANU,P2P,Pix,"573858,48",2712
202411,PF,PF,SUDESTE,CENTRO-OESTE,entre 30 e 39 anos,mais de 60 anos,QRES,P2P,Pix,"814347,43",14444
202411,PF,PF,Nao informado,SUL,entre 30 e 39 anos,entre 40 e 49 anos,QRDN,P2P,Pix,"24811,64",664
202411,PF,PF,Nao informado,SUDESTE,Nao informado,entre 50 e 59 anos,DICT,P2P,Pix,"9799,72",29
202411,PF,PF,CENTRO-OESTE,CENTRO-OESTE,entre 50 e 59 anos,até 19 anos,QRDN,P2P,Pix,"430934,83",10802
202411,PJ,PF,NORTE,NORDESTE,Nao se aplica,entre 50 e 59 anos,MANU,G2P,Pix,"8136,73",3
202411,PF,PF,NORTE,Nao informado,entre 50 e 59 anos,entre 40 e 49 anos,QRES,P2P,Pix,"21205,86",305
202411,PF,PJ,NORTE,Nao informado,entre 20 e 29 anos,Nao se aplica,MANU,P2B,Pix,195,2
202411,PF,PF,SUDESTE,SUL,entre 30 e 39 anos,mais de 60 anos,QRES,P2P,Pix,830092,14679
202411,PF,PJ,SUDESTE,SUL,entre 20 e 29 anos,Nao se aplica,QRES,P2B,Pix,"213713251,11",994533
202411,PF,PF,CENTRO-OESTE,SUL,entre 40 e 49 anos,entre 20 e 29 anos,DICT,P2P,Pix,"21448372,87",66877
202411,PF,PF,Nao informado,SUDESTE,até 19 anos,até 19 anos,MANU,P2P,Pix,"4774,64",152
202411,PF,PJ,SUDESTE,NORDESTE,Nao informado,Nao se aplica,QRDN,P2B,Pix,"162,06",13
202411,PJ,PF,CENTRO-OESTE,SUDESTE,Nao se aplica,entre 50 e 59 anos,MANU,B2P,Pix,"106540213,94",14911
202411,PF,PJ,NORTE,SUDESTE,entre 40 e 49 anos,Nao se aplica,QRES,P2B,Pix,"158403656,32",1177608
202411,PF,PF,NORTE,NORTE,mais de 60 anos,até 19 anos,Nao disponivel,P2P,Nao disponivel,"30760,8",367
202411,PF,PJ,Nao informado,Nao informado,entre 30 e 39 anos,Nao se aplica,DICT,P2B,Pix,"117045,95",664
202411,PF,PJ,SUDESTE,SUDESTE,entre 20 e 29 anos,Nao se aplica,QRES,P2G,Pix,"3393771,3",32915
202411,PF,PJ,CENTRO-OESTE,CENTRO-OESTE,entre 40 e 49 anos,Nao se aplica,DICT,P2G,Pix,"1136462,97",1225
202411,PF,PF,NORDESTE,SUL,entre 40 e 49 anos,entre 40 e 49 anos,QRDN,P2P,Pix,"342402,46",9403
202411,PF,PF,SUL,SUDESTE,entre 40 e 49 anos,entre 50 e 59 anos,QRES,P2P,Pix,"1632003,91",20191
202411,PF,PJ,CENTRO-OESTE,SUL,mais de 60 anos,Nao se aplica,DICT,P2B,Pix,"87260760,83",29866
202411,PJ,PF,CENTRO-OESTE,CENTRO-OESTE,Nao se aplica,mais de 60 anos,MANU,B2P,Pix,"999011642,83",116026
202411,PJ,PF,NORTE,NORTE,Nao se aplica,entre 30 e 39 anos,QRES,G2P,Pix,1590,4
202411,PF,PJ,CENTRO-OESTE,Nao informado,entre 30 e 39 anos,Nao se aplica,QRDN,P2B,Pix,"214560,95",993
202411,PF,PF,Nao informado,NORTE,entre 50 e 59 anos,entre 40 e 49 anos,Nao disponivel,P2P,Nao disponivel,1643,12
202411,PF,PF,SUDESTE,NORTE,mais de 60 anos,entre 50 e 59 anos,QRES,P2P,Pix,"205683,93",2865
202411,PF,PF,NORTE,SUDESTE,entre 30 e 39 anos,Nao informado,QRDN,P2P,Pix,"1082,89",5
202411,PF,PF,CENTRO-OESTE,NORTE,entre 20 e 29 anos,entre 50 e 59 anos,Nao disponivel,P2P,Nao disponivel,"85987,46",260
202411,PF,PJ,NORDESTE,NORTE,entre 20 e 29 anos,Nao se aplica,QRDN,P2G,Pix,"639679,65",2225
202411,PF,PJ,NORTE,NORDESTE,mais de 60 anos,Nao se aplica,QRDN,P2B,Pix,"27872967,81",588800
202411,PF,PF,SUL,SUDESTE,entre 40 e 49 anos,entre 40 e 49 anos,INIC,P2P,Pix,"154,9",1
202411,PJ,PF,CENTRO-OESTE,Nao informado,Nao se aplica,entre 40 e 49 anos,Nao disponivel,B2P,Nao disponivel,"3691,2",27
202411,PF,PJ,SUL,CENTRO-OESTE,entre 30 e 39 anos,Nao se aplica,MANU,P2G,Pix,"308,68",1
202411,PF,PF,CENTRO-OESTE,NORDESTE,entre 20 e 29 anos,mais de 60 anos,QRES,P2P,Pix,"578023,92",16433
202411,PF,PF,NORTE,NORDESTE,entre 50 e 59 anos,entre 40 e 49 anos,MANU,P2P,Pix,"5444245,77",23644
202411,PJ,PF,NORTE,NORDESTE,Nao se aplica,entre 20 e 29 anos,MANU,G2P,Pix,"6006,5",2
202411,PJ,PF,NORTE,CENTRO-OESTE,Nao se aplica,entre 40 e 49 anos,MANU,G2P,Pix,"12381,26",9
202411,PF,PF,NORDESTE,NORTE,entre 20 e 29 anos,entre 50 e 59 anos,Nao disponivel,P2P,Nao disponivel,"60711,35",347
202411,PF,PF,NORTE,NORDESTE,entre 50 e 59 anos,mais de 60 anos,Nao disponivel,P2P,Nao disponivel,"8823,84",33
202411,PJ,PF,NORTE,SUDESTE,Nao se aplica,entre 40 e 49 anos,DICT,G2P,Pix,"41811,06",17
202411,PF,PJ,SUL,SUL,entre 50 e 59 anos,Nao se aplica,MANU,P2B,Pix Saque,8990,38
202411,PF,PF,NORTE,NORDESTE,entre 50 e 59 anos,até 19 anos,QRES,P2P,Pix,"96982,37",1330
202411,PF,PF,SUDESTE,NORTE,entre 30 e 39 anos,até 19 anos,QRDN,P2P,Pix,"52436,08",1083
202411,PJ,PF,SUL,NORTE,Nao se aplica,entre 30 e 39 anos,DICT,B2P,Pix,"193913719,62",447482
202411,PJ,PF,NORDESTE,SUL,Nao se aplica,entre 30 e 39 anos,QRDN,B2P,Pix,"99109,2",1303
202411,PF,PF,SUL,NORDESTE,até 19 anos,entre 40 e 49 anos,QRES,P2P,Pix,"151115,96",6366
202411,PF,PF,SUL,SUDESTE,entre 30 e 39 anos,entre 40 e 49 anos,MANU,P2P,Pix,"19991764,45",58525
202411,PF,PF,CENTRO-OESTE,NORDESTE,entre 20 e 29 anos,entre 20 e 29 anos,QRES,P2P,Pix,"2500096,31",56790
202411,PJ,PF,CENTRO-OESTE,NORTE,Nao se aplica,Nao informado,DICT,B2P,Pix,41030,3
202411,PF,PF,NORTE,SUDESTE,entre 40 e 49 anos,Nao informado,QRDN,P2P,Pix,"1697,6",5
202411,PF,PF,SUDESTE,NORDESTE,até 19 anos,entre 30 e 39 anos,DICT,P2P,Pix,"25060936,84",308551
202411,PF,PF,SUL,NORDESTE,entre 20 e 29 anos,entre 50 e 59 anos,DICT,P2P,Pix,"8765303,2",41818
202411,PJ,PF,NORTE,NORDESTE,Nao se aplica,entre 50 e 59 anos,QRES,B2P,Pix,"751443,27",4595
202411,PF,PF,SUL,SUDESTE,entre 20 e 29 anos,Nao informado,QRDN,P2P,Pix,"12447,87",18
202411,PF,PF,SUL,CENTRO-OESTE,mais de 60 anos,entre 30 e 39 anos,DICT,P2P,Pix,"24233163,47",31653
202411,PF,PJ,SUL,CENTRO-OESTE,entre 50 e 59 anos,Nao se aplica,QRDN,P2G,Pix,"52176182,17",145294
202411,PF,PF,CENTRO-OESTE,Nao informado,entre 20 e 29 anos,entre 40 e 49 anos,Nao disponivel,P2P,Nao disponivel,"2100,4",10
202411,PF,PF,Nao informado,NORDESTE,até 19 anos,entre 30 e 39 anos,Nao disponivel,P2P,Nao disponivel,517,2
202411,PJ,PF,Nao informado,NORTE,Nao se aplica,entre 40 e 49 anos,DICT,B2P,Pix,"254761,03",269
202411,PJ,PF,NORTE,SUL,Nao se aplica,até 19 anos,DICT,G2P,Pix,2000,2
202411,PF,PF,Nao informado,Nao informado,mais de 60 anos,entre 40 e 49 anos,MANU,P2P,Pix,"119791,84",132
202411,PJ,PF,SUL,NORTE,Nao se aplica,entre 20 e 29 anos,DICT,B2P,Pix,"175217996,57",499122
202411,PF,PF,Nao informado,SUL,até 19 anos,até 19 anos,Nao disponivel,P2P,Nao disponivel,"44,5",3
202411,PF,PF,CENTRO-OESTE,SUL,mais de 60 anos,mais de 60 anos,MANU,P2P,Pix,"15609682,01",1569
202411,PJ,PF,NORTE,NORDESTE,Nao se aplica,entre 20 e 29 anos,DICT,B2P,Pix,"143792922,54",546994
202411,PF,PF,NORTE,Nao informado,entre 30 e 39 anos,entre 20 e 29 anos,QRES,P2P,Pix,"115994,85",1302
202411,PF,PF,NORDESTE,SUDESTE,até 19 anos,entre 40 e 49 anos,Nao disponivel,P2P,Nao disponivel,"171199,71",2204
202411,PF,PF,NORDESTE,Nao informado,entre 20 e 29 anos,entre 30 e 39 anos,Nao disponivel,P2P,Nao disponivel,"6152,95",32
202411,PF,PJ,SUDESTE,NORTE,entre 30 e 39 anos,Nao se aplica,MANU,P2G,Pix,"2426,98",7
202411,PJ,PJ,NORDESTE,SUDESTE,Nao se aplica,Nao se aplica,QRDN,B2B,Pix Saque,"91928,44",123
202411,PF,PF,Nao informado,NORDESTE,entre 30 e 39 anos,entre 30 e 39 anos,Nao disponivel,P2P,Nao disponivel,"8542,4",28
202411,PF,PF,NORTE,CENTRO-OESTE,entre 20 e 29 anos,até 19 anos,QRDN,P2P,Pix,"145791,21",4825
202411,PF,PJ,SUDESTE,CENTRO-OESTE,entre 50 e 59 anos,Nao se aplica,INIC,P2B,Pix,"24550,82",18
202411,PF,PF,CENTRO-OESTE,Nao informado,até 19 anos,até 19 anos,QRES,P2P,Pix,"39,78",1
202411,PJ,PF,Nao informado,NORDESTE,Nao se aplica,entre 20 e 29 anos,Nao disponivel,B2P,Nao disponivel,"1457,73",29
202411,PJ,PJ,NORTE,NORTE,Nao se aplica,Nao se aplica,QRES,B2G,Pix,"450539,18",1441
202411,PF,PF,NORDESTE,Nao informado,até 19 anos,entre 50 e 59 anos,MANU,P2P,Pix,"6940,49",197
202411,PF,PF,CENTRO-OESTE,NORTE,entre 20 e 29 anos,entre 20 e 29 anos,DICT,P2P,Pix,"54785192,1",331222
202411,PF,PF,NORDESTE,NORDESTE,Nao informado,entre 30 e 39 anos,QRDN,P2P,Pix,113,4
202411,PJ,PF,CENTRO-OESTE,CENTRO-OESTE,Nao se aplica,até 19 anos,QRES,B2P,Pix,"1917812,31",11135
202411,PJ,PJ,Nao informado,Nao informado,Nao se aplica,Nao se aplica,MANU,B2B,Pix,"380870,03",3084
202411,PF,PF,Nao informado,CENTRO-OESTE,entre 40 e 49 anos,entre 20 e 29 anos,QRES,P2P,Pix,"17063,69",173
202411,PJ,PF,NORTE,SUL,Nao se aplica,entre 40 e 49 anos,QRDN,B2P,Pix,"37925,66",526
202411,PF,PF,CENTRO-OESTE,NORDESTE,até 19 anos,entre 40 e 49 anos,DICT,P2P,Pix,"5012198,34",54808
202411,PF,PF,SUL,NORDESTE,entre 30 e 39 anos,entre 40 e 49 anos,DICT,P2P,Pix,"34879550,13",141463
202411,PF,PF,SUL,CENTRO-OESTE,mais de 60 anos,até 19 anos,Nao disponivel,P2P,Nao disponivel,"304,34",43
202411,PJ,PF,SUL,SUL,Nao se aplica,entre 50 e 59 anos,MANU,B2P,Pix,"1328163591,92",396794
202411,PF,PF,Nao informado,NORDESTE,entre 30 e 39 anos,mais de 60 anos,QRDN,P2P,Pix,"19194,82",588
202411,PF,PF,CENTRO-OESTE,Nao informado,entre 50 e 59 anos,entre 50 e 59 anos,Nao disponivel,P2P,Nao disponivel,2132,7
202411,PJ,PF,NORDESTE,SUL,Nao se aplica,entre 50 e 59 anos,QRDN,B2P,Pix,"35150,04",599
202411,PF,PF,NORTE,Nao informado,entre 30 e 39 anos,até 19 anos,QRES,P2P,Pix,2181,60
202411,PF,PF,SUDESTE,SUDESTE,entre 50 e 59 anos,mais de 60 anos,QRDN,P2P,Pix,"15072318,89",422963
202411,PF,PF,NORTE,SUDESTE,entre 20 e 29 anos,Nao informado,QRDN,P2P,Pix,"2646,88",16
202411,PF,PJ,CENTRO-OESTE,SUDESTE,entre 20 e 29 anos,Nao se aplica,DICT,P2B,Pix,"152585855,59",202957
202411,PF,PF,CENTRO-OESTE,SUDESTE,entre 30 e 39 anos,entre 30 e 39 anos,INIC,P2P,Pix,22,1
202411,PJ,PF,SUL,NORTE,Nao se aplica,mais de 60 anos,DICT,B2P,Pix,"23100695,13",27653
202411,PF,PF,NORDESTE,SUL,entre 50 e 59 anos,mais de 60 anos,QRDN,P2P,Pix,"43742,47",1117
202411,PF,PJ,Nao informado,NORDESTE,até 19 anos,Nao se aplica,DICT,P2B,Pix,"166034,2",291
202411,PF,PF,NORDESTE,Nao informado,até 19 anos,mais de 60 anos,DICT,P2P,Pix,"13574,8",224
202411,PF,PF,NORDESTE,NORTE,entre 50 e 59 anos,mais de 60 anos,QRES,P2P,Pix,"254969,18",5995
202411,PF,PJ,NORDESTE,SUL,até 19 anos,Nao se aplica,Nao disponivel,P2B,Nao disponivel,"473507,4",205
202411,PJ,PF,NORDESTE,SUDESTE,Nao se aplica,entre 30 e 39 anos,MANU,B2P,Pix,"64877051,54",224363
202411,PF,PJ,CENTRO-OESTE,Nao informado,entre 20 e 29 anos,Nao se aplica,DICT,P2B,Pix,"5562,58",31
202411,PF,PJ,NORDESTE,SUDESTE,até 19 anos,Nao se aplica,MANU,P2B,Pix,"2980802,72",23256
202411,PF,PF,CENTRO-OESTE,SUDESTE,entre 40 e 49 anos,entre 30 e 39 anos,DICT,P2P,Pix,"107575807,09",320966
202411,PJ,PJ,SUDESTE,NORDESTE,Nao se aplica,Nao se aplica,QRDN,B2G,Pix,"28808622,55",14506
202411,PF,PJ,NORTE,SUL,até 19 anos,Nao se aplica,MANU,P2B,Pix,"177264,36",2922
202411,PJ,PF,Nao informado,SUL,Nao se aplica,entre 40 e 49 anos,DICT,B2P,Pix,"1072911,2",1060
202411,PF,PF,SUL,CENTRO-OESTE,entre 20 e 29 anos,entre 40 e 49 anos,Nao disponivel,P2P,Nao disponivel,"62123,81",269
202411,PF,PF,Nao informado,Nao informado,entre 50 e 59 anos,mais de 60 anos,QRDN,P2P,Pix,"1304,5",16
202411,PF,PJ,NORDESTE,SUDESTE,entre 20 e 29 anos,Nao se aplica,QRDN,P2G,Pix,"1158709,11",5501
202411,PF,PJ,SUDESTE,SUDESTE,entre 20 e 29 anos,Nao se aplica,QRES,P2B,Pix,"2001399914,93",18894928
202411,PF,PF,NORTE,SUDESTE,entre 20 e 29 anos,entre 20 e 29 anos,QRDN,P2P,Pix,"688167,56",24386
202411,PF,PF,Nao informado,NORDESTE,até 19 anos,entre 20 e 29 anos,Nao disponivel,P2P,Nao disponivel,"114,46",9
202411,PJ,PJ,NORTE,CENTRO-OESTE,Nao se aplica,Nao se aplica,QRDN,G2G,Pix,"864553,63",67
202411,PF,PF,SUL,Nao informado,entre 40 e 49 anos,entre 30 e 39 anos,Nao disponivel,P2P,Nao disponivel,"4611,52",15
202411,PJ,PJ,NORDESTE,SUL,Nao se aplica,Nao se aplica,QRDN,B2B,Pix,"168295721,09",307179
202411,PF,PF,CENTRO-OESTE,NORTE,entre 20 e 29 anos,entre 50 e 59 anos,QRES,P2P,Pix,"509504,72",16718
202411,PF,PF,NORDESTE,NORDESTE,entre 50 e 59 anos,Nao informado,MANU,P2P,Pix,1721,19
202411,PF,PF,NORDESTE,NORTE,até 19 anos,entre 50 e 59 anos,QRES,P2P,Pix,"217917,13",14113
202411,PF,PF,Nao informado,NORTE,entre 30 e 39 anos,entre 40 e 49 anos,QRDN,P2P,Pix,"30071,34",961
202411,PJ,PF,Nao informado,NORTE,Nao se aplica,entre 40 e 49 anos,QRES,B2P,Pix,"7505,9",19
202411,PF,PJ,SUL,SUL,entre 40 e 49 anos,Nao se aplica,DICT,P2G,Pix,"1359270,68",2760
202411,PF,PJ,Nao informado,NORDESTE,entre 50 e 59 anos,Nao se aplica,MANU,P2B,Pix,"399635,96",370
202411,PF,PF,NORTE,Nao informado,entre 40 e 49 anos,entre 50 e 59 anos,MANU,P2P,Pix,"106120,53",580
202411,PJ,PF,SUL,SUDESTE,Nao se aplica,entre 20 e 29 anos,MANU,G2P,Pix,"13550,82",10
202411,PJ,PF,SUDESTE,NORDESTE,Nao se aplica,entre 20 e 29 anos,QRDN,B2P,Pix,"995698,96",13777
202411,PF,PF,NORTE,CENTRO-OESTE,entre 20 e 29 anos,entre 20 e 29 anos,QRDN,P2P,Pix,"1524530,95",38339
202411,PF,PF,NORTE,NORTE,até 19 anos,entre 50 e 59 anos,QRDN,P2P,Pix,"3729045,39",250024
202411,PF,PF,NORDESTE,NORDESTE,Nao informado,entre 40 e 49 anos,QRDN,P2P,Pix,"860,75",9
202411,PF,PF,SUDESTE,NORDESTE,entre 40 e 49 anos,entre 30 e 39 anos,DICT,P2P,Pix,"440053645,74",1897729
202411,PF,PJ,SUDESTE,NORTE,entre 50 e 59 anos,Nao se aplica,QRDN,P2B,Pix Saque,"14126,25",102
202411,PF,PF,NORTE,SUDESTE,entre 30 e 39 anos,mais de 60 anos,QRDN,P2P,Pix,"306897,96",10825
202411,PF,PJ,SUDESTE,NORTE,entre 20 e 29 anos,Nao se aplica,Nao disponivel,P2B,Nao disponivel,"264766,7",221
202411,PJ,PF,Nao informado,Nao informado,Nao se aplica,entre 50 e 59 anos,MANU,B2P,Pix,"57326,33",19
202411,PF,PJ,NORTE,CENTRO-OESTE,entre 50 e 59 anos,Nao se aplica,MANU,P2B,Pix,"3309837,44",8053
202411,PF,PF,Nao informado,SUL,entre 20 e 29 anos,até 19 anos,MANU,P2P,Pix,"14025,91",174
202411,PJ,PF,NORTE,SUDESTE,Nao se aplica,entre 20 e 29 anos,DICT,G2P,Pix,"18562,81",11
202411,PF,PF,SUL,NORDESTE,entre 30 e 39 anos,entre 20 e 29 anos,Nao disponivel,P2P,Nao disponivel,"126275,71",916
202411,PF,PJ,NORTE,NORDESTE,até 19 anos,Nao se aplica,QRDN,P2B,Pix Saque,"43894,89",233
202411,PF,PJ,SUL,NORTE,até 19 anos,Nao se aplica,DICT,P2B,Pix,"1418723,44",2554
202411,PF,PJ,NORTE,SUL,entre 40 e 49 anos,Nao se aplica,QRDN,P2B,Pix Saque,"1974491,57",7225
202411,PF,PJ,CENTRO-OESTE,NORTE,entre 30 e 39 anos,Nao se aplica,QRDN,P2B,Pix Saque,"31340,71",143
202411,PJ,PJ,CENTRO-OESTE,Nao informado,Nao se aplica,Nao se aplica,QRES,B2B,Pix,"4543,73",5
202411,PF,PF,NORDESTE,NORTE,entre 20 e 29 anos,entre 20 e 29 anos,QRES,P2P,Pix,"1962905,23",48907
202411,PF,PF,SUL,CENTRO-OESTE,entre 50 e 59 anos,entre 30 e 39 anos,QRES,P2P,Pix,"287281,1",3596
202411,PF,PF,Nao informado,SUDESTE,entre 20 e 29 anos,entre 40 e 49 anos,DICT,P2P,Pix,"2769636,16",6568
202411,PF,PF,NORDESTE,Nao informado,até 19 anos,Nao informado,QRES,P2P,Pix,2,1
202411,PF,PF,NORTE,NORDESTE,até 19 anos,entre 30 e 39 anos,Nao disponivel,P2P,Nao disponivel,"30944,85",418
202411,PF,PJ,Nao informado,CENTRO-OESTE,entre 50 e 59 anos,Nao se aplica,QRDN,P2G,Pix,"502973,43",889
202411,PF,PF,SUDESTE,NORDESTE,entre 20 e 29 anos,entre 50 e 59 anos,DICT,P2P,Pix,"68834970,15",359386
202411,PF,PF,SUL,SUL,entre 50 e 59 anos,até 19 anos,QRES,P2P,Pix,"1826329,36",23757
202411,PJ,PF,SUDESTE,NORDESTE,Nao se aplica,mais de 60 anos,QRES,B2P,Pix,"762180,1",5961
202411,PJ,PF,SUL,Nao informado,Nao se aplica,entre 40 e 49 anos,QRDN,B2P,Pix,"6936,75",39
202411,PF,PF,Nao informado,Nao informado,mais de 60 anos,entre 30 e 39 anos,DICT,P2P,Pix,"370932,65",848
202411,PF,PF,SUDESTE,SUDESTE,entre 50 e 59 anos,até 19 anos,Nao disponivel,P2P,Nao disponivel,"647682,29",7992
202411,PF,PF,NORTE,CENTRO-OESTE,mais de 60 anos,mais de 60 anos,Nao disponivel,P2P,Nao disponivel,"26518,35",18
202411,PF,PF,SUL,NORDESTE,mais de 60 anos,entre 40 e 49 anos,QRDN,P2P,Pix,"105273,55",1933
202411,PF,PF,SUDESTE,Nao informado,até 19 anos,até 19 anos,Nao disponivel,P2P,Nao disponivel,"85,86",12
202411,PF,PF,CENTRO-OESTE,Nao informado,até 19 anos,mais de 60 anos,MANU,P2P,Pix,"2266,5",16
202411,PF,PF,NORTE,Nao informado,entre 50 e 59 anos,entre 40 e 49 anos,QRDN,P2P,Pix,"3429,64",114
202411,PF,PF,NORTE,CENTRO-OESTE,entre 20 e 29 anos,entre 50 e 59 anos,QRES,P2P,Pix,"1236984,2",38439
202411,PF,PF,NORDESTE,CENTRO-OESTE,até 19 anos,entre 50 e 59 anos,QRDN,P2P,Pix,"228475,63",12641
202411,PF,PF,SUDESTE,NORDESTE,entre 50 e 59 anos,entre 20 e 29 anos,MANU,P2P,Pix,"18311157,38",118809
202411,PJ,PJ,SUDESTE,NORTE,Nao se aplica,Nao se aplica,QRDN,B2G,Pix,"17690543,79",8920
202411,PF,PJ,Nao informado,NORTE,entre 50 e 59 anos,Nao se aplica,QRDN,P2B,Pix,"203926,39",2712
202411,PF,PF,SUDESTE,CENTRO-OESTE,entre 20 e 29 anos,até 19 anos,Nao disponivel,P2P,Nao disponivel,"55696,4",1872
202411,PF,PJ,SUDESTE,NORDESTE,entre 40 e 49 anos,Nao se aplica,QRES,P2B,Pix Saque,"5165,87",15
202411,PJ,PF,NORDESTE,CENTRO-OESTE,Nao se aplica,entre 50 e 59 anos,DICT,B2P,Pix,"113725226,28",532560
202411,PF,PF,NORDESTE,SUL,entre 30 e 39 anos,mais de 60 anos,MANU,P2P,Pix,"3144304,05",8848
202411,PF,PJ,Nao informado,SUL,até 19 anos,Nao se aplica,QRDN,P2G,Pix,"427,52",6
202411,PF,PJ,SUDESTE,SUL,até 19 anos,Nao se aplica,QRES,P2G,Pix,2197,40
202411,PF,PJ,NORDESTE,NORDESTE,entre 30 e 39 anos,Nao se aplica,DICT,P2G,Pix,"600577,9",2422
202411,PF,PF,SUL,CENTRO-OESTE,mais de 60 anos,entre 40 e 49 anos,QRES,P2P,Pix,"252802,69",1752
202411,PF,PF,CENTRO-OESTE,CENTRO-OESTE,mais de 60 anos,mais de 60 anos,QRES,P2P,Pix,22125422,65802
202411,PF,PF,Nao informado,SUDESTE,mais de 60 anos,mais de 60 anos,Nao disponivel,P2P,Nao disponivel,"693,29",4
202411,PF,PF,Nao informado,Nao informado,entre 20 e 29 anos,entre 40 e 49 anos,Nao disponivel,P2P,Nao disponivel,5119,7
202411,PF,PF,NORTE,Nao informado,entre 40 e 49 anos,Nao informado,QRES,P2P,Pix,20,1
202411,PJ,PF,CENTRO-OESTE,Nao informado,Nao se aplica,entre 30 e 39 anos,QRES,B2P,Pix,"51945,54",208
202411,PF,PJ,CENTRO-OESTE,CENTRO-OESTE,entre 30 e 39 anos,Nao se aplica,INIC,P2B,Pix,"37402,01",58
202411,PJ,PJ,NORTE,NORTE,Nao se aplica,Nao se aplica,QRDN,B2B,Pix Saque,"1018937,56",1493
202411,PF,PF,NORTE,SUDESTE,entre 40 e 49 anos,entre 20 e 29 anos,DICT,P2P,Pix,"28825688,05",146390
202411,PF,PF,SUL,SUL,até 19 anos,entre 50 e 59 anos,MANU,P2P,Pix,"22533243,85",205059
202411,PJ,PJ,SUL,Nao informado,Nao se aplica,Nao se aplica,DICT,B2B,Pix,"9651352,22",197
202411,PJ,PF,NORTE,SUL,Nao se aplica,até 19 anos,Nao disponivel,B2P,Nao disponivel,"3904,22",54
202411,PF,PF,SUL,SUL,entre 20 e 29 anos,entre 40 e 49 anos,DICT,P2P,Pix,"1143468520,51",5493189
202411,PF,PJ,Nao informado,SUL,entre 30 e 39 anos,Nao se aplica,Nao disponivel,P2B,Nao disponivel,"97041,53",17
202411,PF,PF,CENTRO-OESTE,NORTE,mais de 60 anos,entre 40 e 49 anos,MANU,P2P,Pix,"4392110,76",4815
202411,PF,PF,NORTE,SUDESTE,mais de 60 anos,entre 50 e 59 anos,Nao disponivel,P2P,Nao disponivel,"11525,89",33
202411,PF,PF,SUL,Nao informado,entre 20 e 29 anos,entre 50 e 59 anos,Nao disponivel,P2P,Nao disponivel,"1983,07",4
202411,PF,PF,Nao informado,NORTE,mais de 60 anos,entre 50 e 59 anos,DICT,P2P,Pix,"232292,72",518
202411,PJ,PJ,NORTE,SUL,Nao se aplica,Nao se aplica,Nao disponivel,B2B,Nao disponivel,2064429,92
202411,PF,PF,SUL,NORDESTE,entre 40 e 49 anos,entre 30 e 39 anos,DICT,P2P,Pix,"46204532,27",198001
202411,PF,PF,NORTE,NORDESTE,mais de 60 anos,entre 20 e 29 anos,MANU,P2P,Pix,"1147078,24",9155
202411,PF,PF,SUL,Nao informado,mais de 60 anos,entre 40 e 49 anos,MANU,P2P,Pix,"500550,17",214
202411,PF,PF,Nao informado,NORDESTE,mais de 60 anos,entre 30 e 39 anos,QRES,P2P,Pix,"29418,48",284
202411,PJ,PF,NORDESTE,Nao informado,Nao se aplica,entre 20 e 29 anos,Nao disponivel,B2P,Nao disponivel,"7389,61",87
202411,PJ,PF,SUDESTE,SUL,Nao se aplica,entre 20 e 29 anos,MANU,G2P,Pix,"10675,11",17
202411,PF,PF,SUDESTE,Nao informado,entre 20 e 29 anos,entre 50 e 59 anos,DICT,P2P,Pix,"1512474,37",2749
202411,PF,PF,NORDESTE,NORDESTE,Nao informado,entre 40 e 49 anos,QRES,P2P,Pix,"796,5",17
202411,PJ,PF,NORTE,NORDESTE,Nao se aplica,Nao informado,DICT,B2P,Pix,61,1
202411,PF,PF,NORTE,SUL,até 19 anos,entre 30 e 39 anos,Nao disponivel,P2P,Nao disponivel,"12258,15",183
202411,PJ,PF,NORTE,NORTE,Nao se aplica,entre 20 e 29 anos,QRDN,B2P,Pix,"3743045,24",63349
202411,PF,PF,Nao informado,CENTRO-OESTE,entre 30 e 39 anos,entre 40 e 49 anos,DICT,P2P,Pix,"2155503,91",3810
202411,PJ,PF,SUL,CENTRO-OESTE,Nao se aplica,entre 50 e 59 anos,MANU,G2P,Pix,2069,2
202411,PF,PF,SUDESTE,SUDESTE,entre 50 e 59 anos,Nao informado,INIC,P2P,Pix,"1005,9",3
202411,PJ,PF,Nao informado,CENTRO-OESTE,Nao se aplica,até 19 anos,DICT,B2P,Pix,"20743,52",117
202411,PJ,PF,NORTE,SUDESTE,Nao se aplica,entre 20 e 29 anos,DICT,B2P,Pix,"117114762,05",571571
202411,PF,PF,Nao informado,NORTE,Nao informado,entre 20 e 29 anos,DICT,P2P,Pix,"673,36",28
202411,PJ,PF,CENTRO-OESTE,SUDESTE,Nao se aplica,entre 30 e 39 anos,QRES,B2P,Pix,"3701099,55",9779
202411,PF,PF,NORTE,Nao informado,mais de 60 anos,entre 50 e 59 anos,Nao disponivel,P2P,Nao disponivel,374,1
202411,PF,PF,NORTE,SUDESTE,até 19 anos,mais de 60 anos,QRDN,P2P,Pix,"38975,21",2386
202411,PF,PF,NORDESTE,NORDESTE,mais de 60 anos,Nao informado,QRES,P2P,Pix,54,2
202411,PF,PF,NORDESTE,SUL,mais de 60 anos,até 19 anos,QRDN,P2P,Pix,"14728,09",59
202411,PF,PF,NORDESTE,NORTE,entre 20 e 29 anos,entre 50 e 59 anos,INIC,P2P,Pix,"4,94",1
202411,PF,PF,NORDESTE,SUL,entre 40 e 49 anos,entre 50 e 59 anos,MANU,P2P,Pix,"2315466,17",9607
202411,PF,PF,Nao informado,SUL,mais de 60 anos,mais de 60 anos,QRDN,P2P,Pix,"575,76",16
202411,PF,PF,Nao informado,CENTRO-OESTE,entre 20 e 29 anos,mais de 60 anos,MANU,P2P,Pix,"82715,29",213
202411,PF,PF,NORTE,NORDESTE,entre 50 e 59 anos,entre 30 e 39 anos,Nao disponivel,P2P,Nao disponivel,"57193,53",151
202411,PF,PF,SUDESTE,NORDESTE,entre 30 e 39 anos,entre 20 e 29 anos,INIC,P2P,Pix,107,2
202411,PJ,PF,NORDESTE,CENTRO-OESTE,Nao se aplica,entre 50 e 59 anos,DICT,G2P,Pix,"1050741,19",58
202411,PJ,PF,NORTE,Nao informado,Nao se aplica,entre 30 e 39 anos,QRES,B2P,Pix,"60926,5",171
202411,PF,PJ,NORDESTE,SUL,entre 50 e 59 anos,Nao se aplica,DICT,P2G,Pix,"7822,52",24
202411,PF,PJ,NORDESTE,CENTRO-OESTE,entre 50 e 59 anos,Nao se aplica,INIC,P2B,Pix,"2562,94",11
202411,PF,PF,NORTE,CENTRO-OESTE,até 19 anos,entre 40 e 49 anos,MANU,P2P,Pix,"764293,98",7050
202411,PJ,PJ,NORDESTE,SUDESTE,Nao se aplica,Nao se aplica,MANU,B2G,Pix,"480181,04",14
202411,PJ,PJ,NORTE,CENTRO-OESTE,Nao se aplica,Nao se aplica,DICT,G2B,Pix,"560534,74",82
202411,PJ,PF,NORTE,SUL,Nao se aplica,entre 50 e 59 anos,DICT,B2P,Pix,"37554180,62",80626
202411,PJ,PF,SUDESTE,CENTRO-OESTE,Nao se aplica,entre 20 e 29 anos,QRES,B2P,Pix,"1433138,11",5894
202411,PF,PF,NORDESTE,NORTE,entre 40 e 49 anos,entre 30 e 39 anos,QRDN,P2P,Pix,"1099381,5",31927
202411,PF,PF,NORDESTE,SUL,até 19 anos,entre 40 e 49 anos,QRDN,P2P,Pix,"119625,47",6084
202411,PF,PF,Nao informado,SUL,Nao informado,entre 50 e 59 anos,DICT,P2P,Pix,"13,25",4
202411,PF,PF,Nao informado,SUL,até 19 anos,entre 50 e 59 anos,QRDN,P2P,Pix,"1227,15",55
202411,PF,PF,CENTRO-OESTE,SUL,entre 50 e 59 anos,entre 30 e 39 anos,QRES,P2P,Pix,"301021,73",3550
202411,PF,PF,SUDESTE,SUDESTE,entre 50 e 59 anos,até 19 anos,DICT,P2P,Pix,"520122835,8",4259627
202411,PJ,PF,NORTE,Nao informado,Nao se aplica,entre 50 e 59 anos,QRES,B2P,Pix,"9006,66",51
202411,PF,PF,NORDESTE,SUDESTE,entre 30 e 39 anos,entre 40 e 49 anos,QRES,P2P,Pix,"14892956,66",348671
202411,PF,PF,SUL,SUDESTE,até 19 anos,mais de 60 anos,DICT,P2P,Pix,"1832657,93",13657
202411,PJ,PF,SUDESTE,Nao informado,Nao se aplica,entre 20 e 29 anos,DICT,G2P,Pix,"46,84",1
202411,PF,PJ,CENTRO-OESTE,SUDESTE,entre 20 e 29 anos,Nao se aplica,Nao disponivel,P2B,Nao disponivel,"1393066,8",1854
202411,PF,PJ,CENTRO-OESTE,NORDESTE,entre 30 e 39 anos,Nao se aplica,MANU,P2B,Pix,"8828049,15",23413
202411,PF,PF,CENTRO-OESTE,NORDESTE,mais de 60 anos,entre 40 e 49 anos,Nao disponivel,P2P,Nao disponivel,"14906,16",101
202411,PF,PF,SUL,CENTRO-OESTE,até 19 anos,mais de 60 anos,QRES,P2P,Pix,"24210,54",1503
202411,PJ,PF,NORTE,Nao informado,Nao se aplica,entre 50 e 59 anos,DICT,B2P,Pix,"791061,38",765
202411,PF,PF,Nao informado,CENTRO-OESTE,entre 40 e 49 anos,entre 50 e 59 anos,QRES,P2P,Pix,"22441,95",329
202411,PF,PF,CENTRO-OESTE,Nao informado,entre 30 e 39 anos,mais de 60 anos,QRES,P2P,Pix,"20605,87",258
202411,PF,PF,NORTE,NORTE,entre 40 e 49 anos,entre 30 e 39 anos,DICT,P2P,Pix,"1672782224,06",7746840
202411,PF,PJ,Nao informado,NORDESTE,entre 50 e 59 anos,Nao se aplica,QRDN,P2G,Pix,"76961,76",117
202411,PF,PF,Nao informado,NORTE,entre 20 e 29 anos,entre 20 e 29 anos,QRES,P2P,Pix,"29761,55",544
202411,PF,PF,CENTRO-OESTE,NORDESTE,até 19 anos,entre 20 e 29 anos,QRES,P2P,Pix,"462876,99",19390
202411,PF,PF,CENTRO-OESTE,CENTRO-OESTE,entre 20 e 29 anos,entre 40 e 49 anos,QRES,P2P,Pix,"34400179,44",852082
202411,PF,PF,NORTE,SUL,mais de 60 anos,até 19 anos,DICT,P2P,Pix,"536836,56",4030
202411,PF,PF,CENTRO-OESTE,NORTE,entre 50 e 59 anos,entre 50 e 59 anos,DICT,P2P,Pix,"25278416,69",48224
202411,PF,PF,Nao informado,SUL,Nao informado,entre 30 e 39 anos,QRES,P2P,Pix,"3,2",3
202411,PF,PF,CENTRO-OESTE,SUL,entre 30 e 39 anos,até 19 anos,QRDN,P2P,Pix,"30044,89",573
202411,PF,PF,NORTE,SUL,entre 40 e 49 anos,até 19 anos,MANU,P2P,Pix,"539492,11",4100
202411,PF,PJ,Nao informado,Nao informado,mais de 60 anos,Nao se aplica,QRDN,P2B,Pix,"13317,73",91
202411,PF,PJ,NORTE,CENTRO-OESTE,entre 50 e 59 anos,Nao se aplica,QRDN,P2B,Pix Saque,"52781,1",262
202411,PJ,PF,SUL,SUL,Nao se aplica,mais de 60 anos,QRES,B2P,Pix,"17502957,96",79059
202411,PF,PJ,SUL,CENTRO-OESTE,entre 30 e 39 anos,Nao se aplica,QRDN,P2B,Pix Saque,"12293,16",103
202411,PJ,PF,CENTRO-OESTE,CENTRO-OESTE,Nao se aplica,entre 50 e 59 anos,MANU,G2P,Pix,"14743960,13",4399
202411,PF,PF,SUDESTE,SUL,entre 20 e 29 anos,entre 30 e 39 anos,QRES,P2P,Pix,"2567908,65",49674
202411,PF,PF,SUDESTE,SUDESTE,entre 40 e 49 anos,entre 50 e 59 anos,Nao disponivel,P2P,Nao disponivel,"7920682,01",30249
202411,PF,PF,NORTE,SUDESTE,até 19 anos,até 19 anos,DICT,P2P,Pix,"1718953,97",71653
202411,PF,PF,Nao informado,SUL,entre 40 e 49 anos,entre 20 e 29 anos,QRES,P2P,Pix,"20662,85",268
202411,PF,PF,SUL,NORDESTE,entre 30 e 39 anos,entre 30 e 39 anos,QRDN,P2P,Pix,"688854,6",20723
202411,PF,PF,SUDESTE,SUL,entre 50 e 59 anos,até 19 anos,QRDN,P2P,Pix,"49350,92",444
202411,PF,PF,NORDESTE,NORTE,mais de 60 anos,até 19 anos,QRES,P2P,Pix,"22173,97",476
202411,PF,PF,NORDESTE,NORTE,entre 20 e 29 anos,entre 50 e 59 anos,QRES,P2P,Pix,"1304059,23",53113
202411,PF,PF,NORDESTE,CENTRO-OESTE,entre 20 e 29 anos,mais de 60 anos,QRDN,P2P,Pix,"758203,34",29815
202411,PF,PF,CENTRO-OESTE,NORTE,mais de 60 anos,entre 40 e 49 anos,Nao disponivel,P2P,Nao disponivel,"80273,51",50
202411,PF,PJ,SUL,NORTE,até 19 anos,Nao se aplica,MANU,P2B,Pix,"125810,85",431
202411,PJ,PF,SUL,NORTE,Nao se aplica,entre 30 e 39 anos,QRES,B2P,Pix,"541706,37",2604
202411,PF,PJ,NORTE,SUL,entre 30 e 39 anos,Nao se aplica,DICT,P2B,Pix,"64405146,38",116405
202411,PJ,PF,SUDESTE,NORTE,Nao se aplica,entre 20 e 29 anos,QRES,B2P,Pix,"1276731,47",6362
202411,PJ,PF,NORTE,CENTRO-OESTE,Nao se aplica,entre 50 e 59 anos,QRDN,B2P,Pix,"122208,03",1505
202411,PF,PF,CENTRO-OESTE,SUL,entre 30 e 39 anos,entre 40 e 49 anos,MANU,P2P,Pix,"3943866,31",14195
202411,PF,PJ,NORTE,SUDESTE,Nao informado,Nao se aplica,QRDN,P2B,Pix,"2124,25",105
202411,PF,PJ,SUDESTE,Nao informado,entre 30 e 39 anos,Nao se aplica,QRES,P2B,Pix,"7080,77",62
202411,PF,PJ,NORTE,Nao informado,entre 40 e 49 anos,Nao se aplica,MANU,P2B,Pix,"1694,3",7
202411,PJ,PF,SUL,SUL,Nao se aplica,mais de 60 anos,MANU,B2P,Pix,"2280093115,13",298876
202411,PF,PF,SUDESTE,SUDESTE,Nao informado,entre 50 e 59 anos,QRDN,P2P,Pix,"13,8",1
202411,PF,PJ,Nao informado,CENTRO-OESTE,entre 20 e 29 anos,Nao se aplica,DICT,P2B,Pix,"1494784,67",1750
202411,PF,PF,CENTRO-OESTE,Nao informado,mais de 60 anos,mais de 60 anos,DICT,P2P,Pix,"969054,54",346
202411,PF,PJ,NORDESTE,CENTRO-OESTE,entre 50 e 59 anos,Nao se aplica,Nao disponivel,P2B,Nao disponivel,44395,345
202411,PF,PF,NORDESTE,CENTRO-OESTE,entre 50 e 59 anos,entre 20 e 29 anos,DICT,P2P,Pix,"20290800,4",88339
202411,PF,PF,Nao informado,NORDESTE,entre 40 e 49 anos,entre 30 e 39 anos,Nao disponivel,P2P,Nao disponivel,"3716,66",22
202411,PF,PJ,Nao informado,CENTRO-OESTE,entre 40 e 49 anos,Nao se aplica,QRES,P2G,Pix,"480,6",4
202411,PF,PF,SUL,CENTRO-OESTE,entre 20 e 29 anos,até 19 anos,MANU,P2P,Pix,"401707,81",4470
202411,PF,PF,CENTRO-OESTE,Nao informado,entre 50 e 59 anos,entre 40 e 49 anos,MANU,P2P,Pix,"481428,36",538
202411,PF,PF,CENTRO-OESTE,CENTRO-OESTE,entre 30 e 39 anos,até 19 anos,QRES,P2P,Pix,"3202353,75",59415
202411,PF,PJ,NORDESTE,NORTE,entre 20 e 29 anos,Nao se aplica,Nao disponivel,P2B,Nao disponivel,"264665,75",244
202411,PF,PJ,NORDESTE,NORDESTE,entre 20 e 29 anos,Nao se aplica,QRDN,P2G,Pix,"39384024,79",159175
202411,PF,PJ,NORTE,SUDESTE,até 19 anos,Nao se aplica,QRDN,P2B,Pix,"135541693,7",3543799
202411,PF,PJ,Nao informado,SUL,até 19 anos,Nao se aplica,QRES,P2G,Pix,25,1
202411,PF,PF,SUDESTE,SUDESTE,até 19 anos,entre 30 e 39 anos,Nao disponivel,P2P,Nao disponivel,"4434257,96",44542
202411,PF,PJ,SUDESTE,Nao informado,entre 40 e 49 anos,Nao se aplica,MANU,P2B,Pix,"128741,47",41
202411,PF,PF,NORTE,SUL,até 19 anos,entre 40 e 49 anos,DICT,P2P,Pix,"2281436,11",25966
202411,PF,PF,NORTE,CENTRO-OESTE,entre 50 e 59 anos,mais de 60 anos,Nao disponivel,P2P,Nao disponivel,"63503,11",39
202411,PF,PJ,Nao informado,SUDESTE,entre 40 e 49 anos,Nao se aplica,Nao disponivel,P2B,Nao disponivel,"68402,25",22
202411,PF,PF,CENTRO-OESTE,NORTE,entre 40 e 49 anos,entre 50 e 59 anos,QRES,P2P,Pix,"559878,24",13101
202411,PF,PF,NORDESTE,SUDESTE,entre 40 e 49 anos,entre 20 e 29 anos,QRDN,P2P,Pix,"2093094,66",61383
202411,PF,PF,NORDESTE,SUL,entre 50 e 59 anos,entre 30 e 39 anos,DICT,P2P,Pix,"16106400,6",61368
202411,PF,PJ,Nao informado,Nao informado,entre 30 e 39 anos,Nao se aplica,QRDN,P2B,Pix Saque,"3845,89",24
202411,PF,PF,NORDESTE,SUDESTE,entre 20 e 29 anos,entre 40 e 49 anos,QRES,P2P,Pix,"13919112,86",415114
202411,PF,PF,Nao informado,SUL,entre 30 e 39 anos,entre 50 e 59 anos,QRES,P2P,Pix,"48802,95",678
202411,PF,PF,CENTRO-OESTE,CENTRO-OESTE,mais de 60 anos,entre 20 e 29 anos,DICT,P2P,Pix,"422452295,45",1095073
202411,PF,PJ,SUL,CENTRO-OESTE,entre 50 e 59 anos,Nao se aplica,Nao disponivel,P2B,Nao disponivel,"213008,55",198
202411,PF,PF,Nao informado,SUDESTE,entre 40 e 49 anos,entre 30 e 39 anos,QRES,P2P,Pix,"109541,21",1048
202411,PJ,PF,CENTRO-OESTE,SUDESTE,Nao se aplica,entre 20 e 29 anos,QRDN,B2P,Pix,"326026,62",2677
202411,PJ,PF,NORTE,Nao informado,Nao se aplica,entre 50 e 59 anos,Nao disponivel,B2P,Nao disponivel,"136,73",6
202411,PJ,PJ,NORTE,SUL,Nao se aplica,Nao se aplica,DICT,B2G,Pix,"42628,66",11
202411,PF,PJ,NORDESTE,SUL,mais de 60 anos,Nao se aplica,DICT,P2B,Pix,"33734969,94",27564
202411,PF,PJ,NORDESTE,NORTE,entre 40 e 49 anos,Nao se aplica,DICT,P2B,Pix,"67276343,67",68201
202411,PF,PF,CENTRO-OESTE,CENTRO-OESTE,mais de 60 anos,entre 30 e 39 anos,QRDN,P2P,Pix,"3097486,8",55934
202411,PF,PF,SUDESTE,CENTRO-OESTE,entre 30 e 39 anos,entre 40 e 49 anos,QRDN,P2P,Pix,"1246432,25",35800
202411,PF,PF,CENTRO-OESTE,SUDESTE,até 19 anos,entre 20 e 29 anos,QRDN,P2P,Pix,"227507,14",8528
202411,PF,PF,SUDESTE,SUDESTE,entre 30 e 39 anos,entre 20 e 29 anos,DICT,P2P,Pix,"4963515506,82",27445630
202411,PF,PF,CENTRO-OESTE,Nao informado,entre 40 e 49 anos,entre 30 e 39 anos,Nao disponivel,P2P,Nao disponivel,1297,10
202411,PF,PJ,SUDESTE,SUDESTE,entre 20 e 29 anos,Nao se aplica,QRDN,P2B,Pix Saque,"16115809,69",65777
202411,PF,PF,Nao informado,NORTE,Nao informado,entre 40 e 49 anos,QRDN,P2P,Pix,"260,96",11
202411,PJ,PF,NORTE,CENTRO-OESTE,Nao se aplica,mais de 60 anos,QRES,B2P,Pix,"264657,54",1147
202411,PF,PF,NORDESTE,CENTRO-OESTE,entre 30 e 39 anos,entre 40 e 49 anos,MANU,P2P,Pix,"17937379,39",102111
202411,PF,PF,Nao informado,SUDESTE,entre 20 e 29 anos,entre 50 e 59 anos,DICT,P2P,Pix,1829458,3883
202411,PF,PJ,NORDESTE,Nao informado,entre 50 e 59 anos,Nao se aplica,QRDN,P2B,Pix,"54418,04",574
202411,PF,PJ,Nao informado,CENTRO-OESTE,até 19 anos,Nao se aplica,DICT,P2B,Pix,"29239,62",101
202411,PF,PF,SUL,NORTE,entre 40 e 49 anos,mais de 60 anos,QRDN,P2P,Pix,"42142,26",1435
202411,PF,PF,SUL,CENTRO-OESTE,entre 30 e 39 anos,até 19 anos,MANU,P2P,Pix,"387876,69",3352
202411,PJ,PF,NORTE,NORDESTE,Nao se aplica,entre 40 e 49 anos,DICT,B2P,Pix,"148051904,74",319428
202411,PJ,PF,CENTRO-OESTE,CENTRO-OESTE,Nao se aplica,entre 40 e 49 anos,Nao disponivel,B2P,Nao disponivel,"6917120,13",20147
202411,PF,PF,SUDESTE,CENTRO-OESTE,mais de 60 anos,entre 20 e 29 anos,DICT,P2P,Pix,"36566120,99",63105
202411,PF,PJ,SUDESTE,NORTE,entre 50 e 59 anos,Nao se aplica,QRDN,P2B,Pix Troco,"106,2",1
202411,PJ,PF,SUL,CENTRO-OESTE,Nao se aplica,entre 30 e 39 anos,Nao disponivel,B2P,Nao disponivel,"5389179,62",13827
202411,PF,PF,NORDESTE,SUDESTE,entre 40 e 49 anos,entre 30 e 39 anos,QRES,P2P,Pix,"8467357,26",145352
202411,PF,PF,SUL,NORDESTE,entre 50 e 59 anos,mais de 60 anos,DICT,P2P,Pix,"5663696,05",14326
202411,PF,PF,SUDESTE,SUDESTE,entre 30 e 39 anos,entre 50 e 59 anos,DICT,P2P,Pix,"4055618834,85",15523270
202411,PF,PF,SUDESTE,SUDESTE,mais de 60 anos,entre 20 e 29 anos,Nao disponivel,P2P,Nao disponivel,"2409614,21",9757
202411,PF,PF,Nao informado,SUL,mais de 60 anos,entre 50 e 59 anos,QRDN,P2P,Pix,"1200,34",14
202411,PF,PF,SUDESTE,Nao informado,entre 50 e 59 anos,entre 40 e 49 anos,MANU,P2P,Pix,"1310370,27",1665
202411,PF,PF,SUL,SUL,entre 20 e 29 anos,entre 30 e 39 anos,DICT,P2P,Pix,"1540378599,22",7818636
202411,PJ,PF,NORDESTE,NORTE,Nao se aplica,entre 30 e 39 anos,DICT,G2P,Pix,"84953,58",57
202411,PF,PF,NORDESTE,Nao informado,até 19 anos,até 19 anos,QRDN,P2P,Pix,29,1
202411,PF,PJ,NORTE,SUDESTE,entre 40 e 49 anos,Nao se aplica,QRES,P2G,Pix,"12840,33",149
202411,PJ,PJ,SUL,SUL,Nao se aplica,Nao se aplica,DICT,B2B,Pix,"69524624014,76",10145929
202411,PF,PF,SUDESTE,NORDESTE,mais de 60 anos,mais de 60 anos,QRDN,P2P,Pix,"256251,59",5293
202411,PF,PJ,NORTE,CENTRO-OESTE,entre 40 e 49 anos,Nao se aplica,MANU,P2B,Pix,"10197307,58",17261
202411,PF,PF,CENTRO-OESTE,NORDESTE,até 19 anos,entre 20 e 29 anos,QRDN,P2P,Pix,"337836,54",17245
202411,PF,PF,SUL,SUL,entre 20 e 29 anos,entre 50 e 59 anos,DICT,P2P,Pix,"820083883,68",3354701
202411,PF,PF,SUL,NORTE,mais de 60 anos,entre 40 e 49 anos,DICT,P2P,Pix,"18891934,44",24521
202411,PF,PF,SUDESTE,Nao informado,entre 40 e 49 anos,mais de 60 anos,QRES,P2P,Pix,"30961,4",312
202411,PF,PJ,NORTE,NORTE,até 19 anos,Nao se aplica,DICT,P2G,Pix,"3800,01",38
202411,PF,PF,CENTRO-OESTE,NORDESTE,entre 30 e 39 anos,entre 50 e 59 anos,Nao disponivel,P2P,Nao disponivel,"117543,47",353
202411,PF,PF,NORDESTE,CENTRO-OESTE,entre 20 e 29 anos,até 19 anos,QRES,P2P,Pix,"394751,56",8663
202411,PJ,PF,NORTE,SUL,Nao se aplica,até 19 anos,MANU,B2P,Pix,"46253,23",289
202411,PJ,PF,CENTRO-OESTE,Nao informado,Nao se aplica,entre 40 e 49 anos,MANU,B2P,Pix,"3026749,29",354
202411,PF,PF,SUDESTE,Nao informado,mais de 60 anos,entre 20 e 29 anos,QRDN,P2P,Pix,"988,93",7
202411,PF,PF,CENTRO-OESTE,CENTRO-OESTE,até 19 anos,mais de 60 anos,MANU,P2P,Pix,"7203617,29",64337
202411,PJ,PF,Nao informado,CENTRO-OESTE,Nao se aplica,entre 20 e 29 anos,QRES,B2P,Pix,"1613,6",9
202411,PF,PJ,CENTRO-OESTE,CENTRO-OESTE,até 19 anos,Nao se aplica,QRES,P2B,Pix Saque,"1846,76",31
202411,PF,PF,CENTRO-OESTE,NORDESTE,entre 50 e 59 anos,entre 20 e 29 anos,QRES,P2P,Pix,"889509,47",12703
202411,PF,PF,NORTE,SUL,entre 50 e 59 anos,entre 50 e 59 anos,QRDN,P2P,Pix,"66359,15",1723
202411,PF,PF,NORDESTE,NORTE,mais de 60 anos,entre 50 e 59 anos,MANU,P2P,Pix,"1823074,14",4908
202411,PF,PF,CENTRO-OESTE,CENTRO-OESTE,entre 50 e 59 anos,entre 20 e 29 anos,Nao disponivel,P2P,Nao disponivel,"842089,09",3950
202411,PF,PJ,SUDESTE,CENTRO-OESTE,entre 50 e 59 anos,Nao se aplica,MANU,P2B,Pix,"19769441,67",12341
202411,PF,PF,SUDESTE,SUDESTE,entre 30 e 39 anos,mais de 60 anos,INIC,P2P,Pix,"0,1",1
202411,PF,PF,NORTE,CENTRO-OESTE,entre 30 e 39 anos,entre 40 e 49 anos,MANU,P2P,Pix,"10751567,25",44672
202411,PF,PF,NORTE,SUDESTE,entre 30 e 39 anos,entre 30 e 39 anos,Nao disponivel,P2P,Nao disponivel,"205602,35",971
202411,PF,PF,SUL,SUDESTE,entre 40 e 49 anos,Nao informado,QRDN,P2P,Pix,"12906,39",17
202411,PJ,PF,CENTRO-OESTE,Nao informado,Nao se aplica,mais de 60 anos,DICT,G2P,Pix,"81899,97",22
202411,PF,PJ,SUDESTE,CENTRO-OESTE,entre 50 e 59 anos,Nao se aplica,MANU,P2G,Pix,"16341,92",4
202411,PF,PJ,SUDESTE,Nao informado,entre 50 e 59 anos,Nao se aplica,QRDN,P2G,Pix,"48,03",1
202411,PF,PF,SUL,NORTE,mais de 60 anos,mais de 60 anos,MANU,P2P,Pix,"840769,58",735
202411,PJ,PF,CENTRO-OESTE,NORTE,Nao se aplica,entre 30 e 39 anos,QRES,B2P,Pix,562750,3606
202411,PF,PJ,SUL,NORDESTE,entre 40 e 49 anos,Nao se aplica,INIC,P2B,Pix,15,1
202411,PJ,PJ,SUDESTE,NORDESTE,Nao se aplica,Nao se aplica,DICT,B2B,Pix,"2547031146,83",343686
202411,PF,PF,NORDESTE,NORDESTE,entre 20 e 29 anos,entre 20 e 29 anos,DICT,P2P,Pix,"13924579477,61",63898800
202411,PF,PF,SUL,NORDESTE,entre 30 e 39 anos,entre 20 e 29 anos,QRES,P2P,Pix,"1472701,54",27589
202411,PF,PF,NORTE,SUL,entre 30 e 39 anos,entre 40 e 49 anos,MANU,P2P,Pix,"4969170,85",23925
202411,PF,PF,CENTRO-OESTE,NORDESTE,entre 30 e 39 anos,entre 30 e 39 anos,MANU,P2P,Pix,"23868567,88",133812
202411,PF,PF,NORDESTE,CENTRO-OESTE,entre 50 e 59 anos,entre 30 e 39 anos,QRDN,P2P,Pix,"375000,91",8644
202411,PJ,PF,NORTE,CENTRO-OESTE,Nao se aplica,até 19 anos,MANU,B2P,Pix,"251235,64",681
202411,PF,PF,NORTE,NORDESTE,entre 30 e 39 anos,entre 40 e 49 anos,DICT,P2P,Pix,"71430382,53",277085
202411,PF,PF,NORDESTE,Nao informado,mais de 60 anos,entre 20 e 29 anos,DICT,P2P,Pix,"569433,71",4767
202411,PF,PF,Nao informado,SUL,entre 50 e 59 anos,entre 30 e 39 anos,QRES,P2P,Pix,"18819,89",162
202411,PJ,PJ,NORTE,SUDESTE,Nao se aplica,Nao se aplica,MANU,B2G,Pix,"3444,42",4
202411,PF,PF,Nao informado,CENTRO-OESTE,entre 50 e 59 anos,entre 40 e 49 anos,DICT,P2P,Pix,1478327,1953
202411,PF,PF,Nao informado,NORTE,entre 30 e 39 anos,entre 20 e 29 anos,QRDN,P2P,Pix,"18995,26",569
202411,PF,PF,SUDESTE,Nao informado,até 19 anos,mais de 60 anos,QRES,P2P,Pix,"4494,45",406
202411,PF,PF,SUL,SUL,entre 30 e 39 anos,até 19 anos,QRES,P2P,Pix,"4456133,7",73447
202411,PJ,PF,CENTRO-OESTE,SUDESTE,Nao se aplica,mais de 60 anos,DICT,G2P,Pix,"9288881,33",3869
202411,PF,PF,SUDESTE,SUL,mais de 60 anos,entre 50 e 59 anos,QRDN,P2P,Pix,"126591,6",1710
202411,PJ,PF,SUL,SUL,Nao se aplica,entre 20 e 29 anos,QRDN,G2P,Pix,130,1
202411,PF,PF,SUL,Nao informado,até 19 anos,entre 20 e 29 anos,MANU,P2P,Pix,"17703,82",131
202411,PF,PJ,NORTE,SUDESTE,entre 50 e 59 anos,Nao se aplica,MANU,P2B,Pix,"9024405,97",19230
202411,PJ,PF,SUDESTE,NORDESTE,Nao se aplica,entre 20 e 29 anos,QRDN,G2P,Pix,212,2
202411,PF,PF,NORDESTE,NORTE,entre 40 e 49 anos,mais de 60 anos,Nao disponivel,P2P,Nao disponivel,"51030,23",85
202411,PF,PF,NORDESTE,CENTRO-OESTE,até 19 anos,entre 40 e 49 anos,QRDN,P2P,Pix,"526473,63",23026
202411,PF,PF,NORDESTE,CENTRO-OESTE,entre 50 e 59 anos,entre 30 e 39 anos,QRES,P2P,Pix,"737933,52",10930
202411,PJ,PF,CENTRO-OESTE,CENTRO-OESTE,Nao se aplica,mais de 60 anos,QRES,G2P,Pix,113,2
202411,PF,PF,CENTRO-OESTE,NORTE,até 19 anos,entre 50 e 59 anos,DICT,P2P,Pix,"1408689,67",13569
202411,PF,PF,SUL,CENTRO-OESTE,entre 20 e 29 anos,até 19 anos,Nao disponivel,P2P,Nao disponivel,"11649,83",502
202411,PJ,PF,NORDESTE,CENTRO-OESTE,Nao se aplica,mais de 60 anos,MANU,G2P,Pix,"186746,66",18
202411,PJ,PF,NORDESTE,NORDESTE,Nao se aplica,entre 40 e 49 anos,DICT,G2P,Pix,"50070708,76",21384
202411,PJ,PF,NORDESTE,Nao informado,Nao se aplica,mais de 60 anos,MANU,B2P,Pix,"887188,5",179
202411,PF,PJ,SUL,CENTRO-OESTE,entre 50 e 59 anos,Nao se aplica,QRDN,P2B,Pix Saque,"15551,32",120
202411,PF,PF,NORDESTE,Nao informado,entre 40 e 49 anos,mais de 60 anos,DICT,P2P,Pix,"756976,13",1179
202411,PF,PJ,SUL,SUL,entre 30 e 39 anos,Nao se aplica,MANU,P2B,Pix Saque,11300,62
202411,PF,PF,NORTE,Nao informado,até 19 anos,entre 50 e 59 anos,DICT,P2P,Pix,"32318,8",326
202411,PJ,PJ,CENTRO-OESTE,SUDESTE,Nao se aplica,Nao se aplica,QRDN,B2B,Pix,"734810380,75",1587186
202411,PF,PJ,NORTE,CENTRO-OESTE,entre 20 e 29 anos,Nao se aplica,INIC,P2B,Pix,"13546,62",69
202411,PF,PF,NORTE,SUDESTE,entre 40 e 49 anos,entre 20 e 29 anos,MANU,P2P,Pix,"3501107,59",34398
202411,PF,PJ,CENTRO-OESTE,CENTRO-OESTE,entre 20 e 29 anos,Nao se aplica,MANU,P2G,Pix,"79470,95",108
202411,PF,PF,CENTRO-OESTE,Nao informado,até 19 anos,entre 30 e 39 anos,Nao disponivel,P2P,Nao disponivel,"34,51",3
202411,PF,PJ,NORDESTE,CENTRO-OESTE,entre 40 e 49 anos,Nao se aplica,QRDN,P2B,Pix Saque,"131095,91",717
202411,PF,PF,NORTE,Nao informado,até 19 anos,mais de 60 anos,QRDN,P2P,Pix,846,25
202411,PF,PF,NORDESTE,SUL,até 19 anos,mais de 60 anos,QRES,P2P,Pix,"54347,99",2515
202411,PF,PF,CENTRO-OESTE,NORTE,mais de 60 anos,entre 30 e 39 anos,Nao disponivel,P2P,Nao disponivel,"16912,2",63
202411,PF,PF,NORTE,NORDESTE,entre 20 e 29 anos,entre 30 e 39 anos,INIC,P2P,Pix,45,1
202411,PF,PF,NORDESTE,NORDESTE,mais de 60 anos,entre 30 e 39 anos,INIC,P2P,Pix,"387,04",1
202411,PJ,PF,SUDESTE,Nao informado,Nao se aplica,entre 20 e 29 anos,DICT,B2P,Pix,"14923094,11",18975
202411,PJ,PF,SUL,NORDESTE,Nao se aplica,entre 40 e 49 anos,MANU,G2P,Pix,12790,14
202411,PF,PJ,SUDESTE,Nao informado,entre 50 e 59 anos,Nao se aplica,DICT,P2B,Pix,"120703,66",80
202411,PF,PF,SUDESTE,NORDESTE,entre 40 e 49 anos,entre 30 e 39 anos,MANU,P2P,Pix,"67390610,09",355807
202411,PF,PF,Nao informado,SUDESTE,até 19 anos,entre 50 e 59 anos,MANU,P2P,Pix,"4353,31",63
202411,PF,PJ,NORDESTE,SUDESTE,até 19 anos,Nao se aplica,QRES,P2B,Pix,"47105764,22",662225
202411,PF,PF,CENTRO-OESTE,CENTRO-OESTE,entre 50 e 59 anos,até 19 anos,MANU,P2P,Pix,"16246557,21",162242
202411,PJ,PJ,CENTRO-OESTE,NORTE,Nao se aplica,Nao se aplica,DICT,B2G,Pix,81788,37
202411,PF,PJ,NORTE,NORTE,mais de 60 anos,Nao se aplica,QRDN,P2B,Pix,"168922133,28",1340826
202411,PF,PF,NORDESTE,SUL,mais de 60 anos,mais de 60 anos,DICT,P2P,Pix,"6329490,6",9897
202411,PJ,PF,CENTRO-OESTE,Nao informado,Nao se aplica,entre 20 e 29 anos,Nao disponivel,B2P,Nao disponivel,"881,52",19
202411,PF,PJ,CENTRO-OESTE,CENTRO-OESTE,entre 20 e 29 anos,Nao se aplica,INIC,P2B,Pix,"21409,68",69
202411,PF,PF,NORTE,NORDESTE,entre 50 e 59 anos,entre 50 e 59 anos,QRDN,P2P,Pix,"348428,39",8284
202411,PF,PF,CENTRO-OESTE,NORTE,entre 20 e 29 anos,entre 30 e 39 anos,MANU,P2P,Pix,"6805083,97",42468
202411,PF,PJ,NORTE,NORDESTE,mais de 60 anos,Nao se aplica,MANU,P2B,Pix,"3292325,94",5674
202411,PF,PF,SUDESTE,SUDESTE,entre 20 e 29 anos,mais de 60 anos,MANU,P2P,Pix,"483166355,62",1793632
202411,PF,PF,CENTRO-OESTE,SUDESTE,mais de 60 anos,até 19 anos,QRES,P2P,Pix,"197954,3",544
202411,PF,PF,SUDESTE,Nao informado,entre 50 e 59 anos,mais de 60 anos,Nao disponivel,P2P,Nao disponivel,135,2
202411,PF,PJ,SUDESTE,CENTRO-OESTE,mais de 60 anos,Nao se aplica,MANU,P2B,Pix,"32670960,89",7432
202411,PF,PJ,SUDESTE,NORDESTE,entre 50 e 59 anos,Nao se aplica,MANU,P2B,Pix,"19788033,31",49968
202411,PF,PF,NORDESTE,SUDESTE,entre 50 e 59 anos,entre 50 e 59 anos,MANU,P2P,Pix,"15818342,6",67573
202411,PF,PF,Nao informado,SUL,entre 20 e 29 anos,mais de 60 anos,QRES,P2P,Pix,"11565,59",479
202411,PF,PF,CENTRO-OESTE,CENTRO-OESTE,entre 20 e 29 anos,entre 20 e 29 anos,INIC,P2P,Pix,"3107432,87",6226
202411,PF,PF,CENTRO-OESTE,NORTE,até 19 anos,entre 40 e 49 anos,MANU,P2P,Pix,"618285,69",6741
202411,PF,PJ,CENTRO-OESTE,Nao informado,entre 50 e 59 anos,Nao se aplica,QRDN,P2B,Pix,"129300,35",473
202411,PF,PF,NORTE,NORTE,até 19 anos,até 19 anos,QRDN,P2P,Pix,"486311,8",22814
202411,PJ,PF,NORDESTE,Nao informado,Nao se aplica,entre 50 e 59 anos,QRES,B2P,Pix,"12950,39",69
202411,PF,PF,SUDESTE,NORTE,entre 50 e 59 anos,entre 50 e 59 anos,QRDN,P2P,Pix,"138511,76",3866
202411,PF,PJ,NORDESTE,NORDESTE,mais de 60 anos,Nao se aplica,QRES,P2B,Pix Saque,"8999,8",59
202411,PJ,PF,SUDESTE,CENTRO-OESTE,Nao se aplica,entre 30 e 39 anos,QRES,B2P,Pix,"2558521,53",8099
202411,PF,PJ,Nao informado,NORDESTE,entre 40 e 49 anos,Nao se aplica,QRDN,P2G,Pix,"87601,85",150
202411,PJ,PJ,Nao informado,SUDESTE,Nao se aplica,Nao se aplica,MANU,B2B,Pix,"257638420,79",426
202411,PF,PF,SUDESTE,Nao informado,mais de 60 anos,entre 20 e 29 anos,Nao disponivel,P2P,Nao disponivel,3055,2
202411,PF,PJ,SUDESTE,Nao informado,entre 20 e 29 anos,Nao se aplica,Nao disponivel,P2B,Nao disponivel,"2239,99",8
202411,PF,PJ,SUDESTE,CENTRO-OESTE,entre 20 e 29 anos,Nao se aplica,QRDN,P2B,Pix,"124738317,45",1855083
202411,PF,PF,SUDESTE,Nao informado,até 19 anos,entre 50 e 59 anos,Nao disponivel,P2P,Nao disponivel,455,4
202411,PF,PF,CENTRO-OESTE,NORTE,entre 50 e 59 anos,mais de 60 anos,Nao disponivel,P2P,Nao disponivel,"18736,7",40
202411,PF,PJ,CENTRO-OESTE,SUL,entre 50 e 59 anos,Nao se aplica,QRES,P2B,Pix Saque,120,1
202411,PF,PF,SUDESTE,CENTRO-OESTE,entre 40 e 49 anos,entre 20 e 29 anos,DICT,P2P,Pix,"59818359,66",225999
202411,PJ,PF,SUL,SUL,Nao se aplica,entre 30 e 39 anos,Nao disponivel,G2P,Nao disponivel,"361,47",8
202411,PJ,PF,NORTE,NORTE,Nao se aplica,entre 30 e 39 anos,Nao disponivel,B2P,Nao disponivel,"4816385,17",22700
202411,PF,PF,SUDESTE,SUDESTE,mais de 60 anos,entre 20 e 29 anos,MANU,P2P,Pix,"235314756,55",891106
202411,PF,PJ,CENTRO-OESTE,SUL,até 19 anos,Nao se aplica,QRES,P2B,Pix,"4390843,05",35426
202411,PJ,PJ,NORTE,SUDESTE,Nao se aplica,Nao se aplica,QRDN,B2G,Pix,"1102850,3",638
202411,PF,PF,NORTE,SUDESTE,mais de 60 anos,até 19 anos,Nao disponivel,P2P,Nao disponivel,"1319,69",114
202411,PF,PF,SUDESTE,SUDESTE,até 19 anos,mais de 60 anos,MANU,P2P,Pix,"34958672,53",401300
202411,PF,PF,SUDESTE,Nao informado,entre 20 e 29 anos,entre 50 e 59 anos,QRES,P2P,Pix,"17302,01",484
202411,PJ,PJ,Nao informado,SUL,Nao se aplica,Nao se aplica,MANU,B2B,Pix,"1099340,34",78
202411,PF,PF,SUDESTE,NORDESTE,até 19 anos,entre 30 e 39 anos,QRDN,P2P,Pix,"1042510,25",62185
202411,PF,PJ,NORTE,SUL,entre 30 e 39 anos,Nao se aplica,DICT,P2G,Pix,"5532,13",31
202411,PF,PJ,SUL,NORTE,entre 40 e 49 anos,Nao se aplica,Nao disponivel,P2B,Nao disponivel,"8347,8",28
202411,PF,PF,Nao informado,SUDESTE,entre 40 e 49 anos,até 19 anos,QRES,P2P,Pix,"7351,93",68
202411,PF,PF,CENTRO-OESTE,Nao informado,mais de 60 anos,até 19 anos,DICT,P2P,Pix,9384,33
202411,PF,PF,NORTE,SUL,mais de 60 anos,mais de 60 anos,MANU,P2P,Pix,"964244,79",1152
202411,PJ,PF,SUDESTE,NORTE,Nao se aplica,até 19 anos,QRES,B2P,Pix,"111702,39",945
202411,PF,PF,SUDESTE,SUDESTE,entre 40 e 49 anos,entre 50 e 59 anos,QRDN,P2P,Pix,"48226925,38",1576568
202411,PF,PF,NORDESTE,Nao informado,entre 30 e 39 anos,entre 50 e 59 anos,DICT,P2P,Pix,"1409658,47",3229
202411,PF,PF,Nao informado,SUL,entre 30 e 39 anos,entre 50 e 59 anos,DICT,P2P,Pix,"2146753,33",4378
202411,PF,PF,CENTRO-OESTE,Nao informado,entre 30 e 39 anos,mais de 60 anos,QRDN,P2P,Pix,"2243,49",67
202411,PF,PJ,NORTE,NORDESTE,entre 50 e 59 anos,Nao se aplica,QRDN,P2G,Pix,"326811,89",612
202411,PJ,PF,NORDESTE,SUL,Nao se aplica,entre 50 e 59 anos,Nao disponivel,B2P,Nao disponivel,"355413,92",3916
202411,PF,PF,SUDESTE,SUL,entre 40 e 49 anos,entre 20 e 29 anos,Nao disponivel,P2P,Nao disponivel,"94796,18",852
202411,PF,PF,CENTRO-OESTE,SUL,entre 20 e 29 anos,entre 30 e 39 anos,QRDN,P2P,Pix,"418846,27",12867
202411,PF,PJ,CENTRO-OESTE,CENTRO-OESTE,mais de 60 anos,Nao se aplica,QRDN,P2B,Pix Troco,"94638,3",262
202411,PJ,PF,SUDESTE,NORDESTE,Nao se aplica,até 19 anos,MANU,G2P,Pix,"4667,84",9
202411,PF,PJ,SUDESTE,SUL,mais de 60 anos,Nao se aplica,QRES,P2B,Pix,"95326149,35",386743
202411,PF,PJ,CENTRO-OESTE,NORTE,até 19 anos,Nao se aplica,QRES,P2B,Pix,"691599,85",12711
202411,PF,PJ,NORTE,SUL,entre 20 e 29 anos,Nao se aplica,MANU,P2B,Pix Saque,120,1
202411,PF,PF,CENTRO-OESTE,SUDESTE,entre 40 e 49 anos,mais de 60 anos,DICT,P2P,Pix,"58359719,96",89083
202411,PF,PJ,Nao informado,SUDESTE,até 19 anos,Nao se aplica,QRDN,P2G,Pix,"380,29",5
202411,PF,PF,NORDESTE,NORTE,mais de 60 anos,entre 30 e 39 anos,QRES,P2P,Pix,"270973,45",4154
202411,PF,PF,SUDESTE,CENTRO-OESTE,mais de 60 anos,entre 40 e 49 anos,INIC,P2P,Pix,"148,5",1
202411,PF,PF,CENTRO-OESTE,SUL,mais de 60 anos,até 19 anos,QRDN,P2P,Pix,22834,25
202411,PF,PF,SUDESTE,CENTRO-OESTE,mais de 60 anos,mais de 60 anos,QRES,P2P,Pix,"184763,22",2105
202411,PF,PF,SUDESTE,NORTE,mais de 60 anos,entre 30 e 39 anos,QRES,P2P,Pix,"252468,94",3498
202411,PF,PJ,SUDESTE,NORDESTE,até 19 anos,Nao se aplica,DICT,P2B,Pix,"8615031,01",41433
202411,PF,PF,Nao informado,NORTE,entre 30 e 39 anos,entre 30 e 39 anos,MANU,P2P,Pix,"1024433,12",4375
202411,PF,PF,Nao informado,NORDESTE,até 19 anos,entre 50 e 59 anos,QRDN,P2P,Pix,"2007,53",134
202411,PF,PF,SUL,Nao informado,mais de 60 anos,entre 50 e 59 anos,MANU,P2P,Pix,"340855,22",113
202411,PF,PF,NORTE,NORTE,até 19 anos,até 19 anos,INIC,P2P,Pix,"304509,93",2181
202411,PF,PF,CENTRO-OESTE,SUL,mais de 60 anos,até 19 anos,Nao disponivel,P2P,Nao disponivel,"771,63",117
202411,PF,PJ,CENTRO-OESTE,CENTRO-OESTE,entre 20 e 29 anos,Nao se aplica,MANU,P2B,Pix,"184471960,44",654236
202411,PF,PJ,SUL,Nao informado,entre 40 e 49 anos,Nao se aplica,DICT,P2B,Pix,"433463,82",139
202411,PF,PF,CENTRO-OESTE,SUDESTE,entre 20 e 29 anos,entre 30 e 39 anos,QRES,P2P,Pix,"2896598,61",54869
202411,PF,PF,CENTRO-OESTE,NORTE,entre 50 e 59 anos,até 19 anos,DICT,P2P,Pix,"3395012,1",16842
202411,PF,PJ,SUL,CENTRO-OESTE,entre 50 e 59 anos,Nao se aplica,DICT,P2B,Pix,"48418739,76",29993
202411,PF,PJ,NORDESTE,Nao informado,entre 50 e 59 anos,Nao se aplica,QRDN,P2B,Pix Saque,48,1
202411,PJ,PF,SUDESTE,NORDESTE,Nao se aplica,entre 50 e 59 anos,DICT,B2P,Pix,"581607603,36",2804323
202411,PJ,PJ,SUL,CENTRO-OESTE,Nao se aplica,Nao se aplica,DICT,G2B,Pix,"1727823,41",152
202411,PF,PF,SUDESTE,CENTRO-OESTE,entre 30 e 39 anos,entre 20 e 29 anos,INIC,P2P,Pix,7,1
202411,PF,PF,CENTRO-OESTE,NORDESTE,até 19 anos,entre 20 e 29 anos,Nao disponivel,P2P,Nao disponivel,"150531,54",1290
202411,PF,PJ,CENTRO-OESTE,SUDESTE,entre 40 e 49 anos,Nao se aplica,INIC,P2B,Pix,"5583,7",368
202411,PF,PF,Nao informado,NORDESTE,mais de 60 anos,entre 30 e 39 anos,QRDN,P2P,Pix,"11809,79",204
202411,PJ,PJ,SUDESTE,NORDESTE,Nao se aplica,Nao se aplica,Nao disponivel,G2B,Nao disponivel,"611,34",4
202411,PF,PF,Nao informado,CENTRO-OESTE,entre 40 e 49 anos,entre 20 e 29 anos,Nao disponivel,P2P,Nao disponivel,"11003,52",7
202411,PF,PF,Nao informado,SUL,entre 50 e 59 anos,entre 50 e 59 anos,MANU,P2P,Pix,"322586,22",467
202411,PF,PF,SUDESTE,CENTRO-OESTE,entre 20 e 29 anos,mais de 60 anos,DICT,P2P,Pix,"17761511,98",46505
202411,PF,PF,SUDESTE,SUDESTE,até 19 anos,até 19 anos,MANU,P2P,Pix,"494459134,25",5701430
202411,PF,PF,NORTE,NORTE,mais de 60 anos,entre 50 e 59 anos,QRDN,P2P,Pix,"2883424,77",74454
202411,PF,PF,NORDESTE,NORDESTE,entre 20 e 29 anos,entre 40 e 49 anos,DICT,P2P,Pix,"2811014804,62",17821484
202411,PF,PJ,SUDESTE,NORDESTE,entre 50 e 59 anos,Nao se aplica,QRES,P2B,Pix,"20950264,68",233605
202411,PF,PF,SUL,Nao informado,entre 40 e 49 anos,mais de 60 anos,QRDN,P2P,Pix,3591,7
202411,PF,PF,SUDESTE,CENTRO-OESTE,até 19 anos,entre 20 e 29 anos,Nao disponivel,P2P,Nao disponivel,"93099,34",1086
202411,PF,PJ,SUDESTE,NORTE,entre 40 e 49 anos,Nao se aplica,QRES,P2B,Pix,"5699234,54",34501
202411,PF,PJ,NORDESTE,SUL,entre 40 e 49 anos,Nao se aplica,Nao disponivel,P2B,Nao disponivel,"167226,92",156
202411,PF,PF,SUDESTE,SUDESTE,entre 40 e 49 anos,entre 30 e 39 anos,QRDN,P2P,Pix,"70997309,32",2026830
202411,PJ,PF,NORDESTE,NORDESTE,Nao se aplica,entre 30 e 39 anos,QRDN,B2P,Pix,"18252942,67",253955
202411,PF,PF,NORTE,Nao informado,mais de 60 anos,até 19 anos,QRES,P2P,Pix,"46,15",4
202411,PF,PF,NORTE,Nao informado,entre 20 e 29 anos,Nao informado,MANU,P2P,Pix,70,3
202411,PF,PF,CENTRO-OESTE,CENTRO-OESTE,entre 50 e 59 anos,mais de 60 anos,DICT,P2P,Pix,"558399928,64",1075591
202411,PF,PF,CENTRO-OESTE,SUDESTE,até 19 anos,entre 30 e 39 anos,DICT,P2P,Pix,"6901731,37",63119
202411,PF,PF,NORTE,NORTE,Nao informado,entre 20 e 29 anos,QRDN,P2P,Pix,243,3
202411,PF,PF,CENTRO-OESTE,CENTRO-OESTE,até 19 anos,entre 30 e 39 anos,Nao disponivel,P2P,Nao disponivel,"976877,13",8518
202411,PJ,PJ,SUL,SUL,Nao se aplica,Nao se aplica,QRDN,B2B,Pix Saque,"18696508,3",29086
202411,PJ,PF,SUL,SUL,Nao se aplica,entre 30 e 39 anos,MANU,B2P,Pix,"1372860347,79",892458
202411,PF,PF,NORTE,NORTE,entre 20 e 29 anos,entre 40 e 49 anos,Nao disponivel,P2P,Nao disponivel,"2513676,72",15952
202411,PF,PF,SUDESTE,SUDESTE,entre 30 e 39 anos,até 19 anos,QRES,P2P,Pix,"13673005,56",254689
202411,PF,PF,SUDESTE,NORTE,entre 20 e 29 anos,entre 50 e 59 anos,QRDN,P2P,Pix,"192287,3",8049
202411,PF,PJ,CENTRO-OESTE,CENTRO-OESTE,entre 40 e 49 anos,Nao se aplica,QRDN,P2G,Pix,"78994197,29",208702
202411,PJ,PF,CENTRO-OESTE,SUDESTE,Nao se aplica,até 19 anos,DICT,G2P,Pix,"295282,54",195
202411,PJ,PF,SUDESTE,SUDESTE,Nao se aplica,entre 40 e 49 anos,MANU,G2P,Pix,"6533504,58",4950
202411,PF,PF,Nao informado,SUL,entre 40 e 49 anos,entre 40 e 49 anos,Nao disponivel,P2P,Nao disponivel,9425,12
202411,PJ,PJ,CENTRO-OESTE,NORDESTE,Nao se aplica,Nao se aplica,QRDN,B2B,Pix Saque,"24522,98",48
202411,PF,PF,SUL,Nao informado,entre 40 e 49 anos,mais de 60 anos,MANU,P2P,Pix,"585917,32",293
202411,PF,PF,NORDESTE,Nao informado,até 19 anos,entre 20 e 29 anos,MANU,P2P,Pix,"26687,37",531
202411,PF,PJ,CENTRO-OESTE,SUL,entre 50 e 59 anos,Nao se aplica,QRDN,P2B,Pix,"102812535,58",888622
202411,PJ,PF,NORDESTE,SUDESTE,Nao se aplica,entre 40 e 49 anos,QRES,B2P,Pix,7040595,23152
202411,PJ,PJ,NORDESTE,Nao informado,Nao se aplica,Nao se aplica,MANU,B2B,Pix,"40937358,05",71
202411,PF,PF,SUL,SUDESTE,até 19 anos,entre 20 e 29 anos,Nao disponivel,P2P,Nao disponivel,"95658,65",1248
202411,PF,PF,NORTE,NORTE,mais de 60 anos,entre 20 e 29 anos,MANU,P2P,Pix,"32178030,6",255953
202411,PF,PF,SUL,NORTE,até 19 anos,entre 20 e 29 anos,QRES,P2P,Pix,"125576,84",5305
202411,PF,PJ,NORTE,NORDESTE,até 19 anos,Nao se aplica,Nao disponivel,P2B,Nao disponivel,"31062,27",149
202411,PF,PF,Nao informado,Nao informado,até 19 anos,entre 50 e 59 anos,DICT,P2P,Pix,"53546,97",358
202411,PF,PF,NORTE,SUDESTE,entre 20 e 29 anos,até 19 anos,QRDN,P2P,Pix,"59479,31",1925
202411,PF,PF,SUL,SUL,entre 50 e 59 anos,mais de 60 anos,MANU,P2P,Pix,"151513844,6",280428
202411,PF,PF,CENTRO-OESTE,NORDESTE,entre 20 e 29 anos,até 19 anos,MANU,P2P,Pix,"1589976,02",21068
202411,PF,PJ,Nao informado,NORDESTE,entre 30 e 39 anos,Nao se aplica,Nao disponivel,P2B,Nao disponivel,"16955,74",5
202411,PF,PJ,NORDESTE,SUL,entre 30 e 39 anos,Nao se aplica,MANU,P2G,Pix,"6406,18",27
202411,PF,PF,CENTRO-OESTE,NORTE,mais de 60 anos,entre 40 e 49 anos,QRDN,P2P,Pix,"99085,18",1785
202411,PF,PF,NORTE,SUDESTE,entre 20 e 29 anos,até 19 anos,MANU,P2P,Pix,"689621,17",11449
202411,PJ,PF,NORTE,CENTRO-OESTE,Nao se aplica,até 19 anos,QRDN,B2P,Pix,"10655,48",193
202411,PJ,PF,CENTRO-OESTE,CENTRO-OESTE,Nao se aplica,entre 20 e 29 anos,MANU,B2P,Pix,"254383140,22",313975
202411,PF,PF,CENTRO-OESTE,SUL,entre 40 e 49 anos,entre 50 e 59 anos,MANU,P2P,Pix,"6925936,54",5787
202411,PJ,PF,SUDESTE,NORTE,Nao se aplica,até 19 anos,DICT,G2P,Pix,2636,6
202411,PF,PF,Nao informado,Nao informado,entre 20 e 29 anos,entre 40 e 49 anos,DICT,P2P,Pix,"786314,21",3114
202411,PJ,PF,Nao informado,SUDESTE,Nao se aplica,entre 40 e 49 anos,MANU,B2P,Pix,"6542354,99",246
202411,PF,PF,SUDESTE,SUL,entre 30 e 39 anos,entre 30 e 39 anos,INIC,P2P,Pix,"85,95",2
202411,PJ,PF,SUDESTE,Nao informado,Nao se aplica,Nao informado,QRDN,B2P,Pix,"327,59",1
202411,PF,PF,CENTRO-OESTE,Nao informado,mais de 60 anos,mais de 60 anos,MANU,P2P,Pix,"79894,49",51
202411,PF,PF,CENTRO-OESTE,NORTE,até 19 anos,até 19 anos,MANU,P2P,Pix,"398810,79",10416
202411,PJ,PF,CENTRO-OESTE,CENTRO-OESTE,Nao se aplica,entre 20 e 29 anos,QRDN,B2P,Pix,"4147554,3",66328
202411,PF,PF,CENTRO-OESTE,CENTRO-OESTE,mais de 60 anos,entre 50 e 59 anos,MANU,P2P,Pix,"99594351,22",147811
202411,PF,PF,NORDESTE,SUL,entre 20 e 29 anos,entre 40 e 49 anos,QRES,P2P,Pix,"1364325,97",38049
202411,PF,PJ,NORTE,Nao informado,entre 50 e 59 anos,Nao se aplica,MANU,P2B,Pix,27100,5
202411,PJ,PF,SUL,SUL,Nao se aplica,entre 20 e 29 anos,MANU,B2P,Pix,"594588547,15",691336
202411,PF,PF,Nao informado,Nao informado,até 19 anos,entre 20 e 29 anos,QRDN,P2P,Pix,"345,25",32
202411,PF,PF,CENTRO-OESTE,CENTRO-OESTE,entre 50 e 59 anos,entre 50 e 59 anos,MANU,P2P,Pix,"972666205,76",1587341
202411,PF,PJ,SUDESTE,NORDESTE,até 19 anos,Nao se aplica,QRES,P2G,Pix,"773,9",40
202411,PF,PF,Nao informado,SUDESTE,mais de 60 anos,entre 50 e 59 anos,DICT,P2P,Pix,"4906293,38",4787
202411,PF,PF,SUDESTE,NORTE,entre 20 e 29 anos,entre 50 e 59 anos,Nao disponivel,P2P,Nao disponivel,"78426,75",343
202411,PF,PF,Nao informado,CENTRO-OESTE,até 19 anos,até 19 anos,DICT,P2P,Pix,"7543,68",263
202411,PF,PJ,SUDESTE,SUDESTE,entre 40 e 49 anos,Nao se aplica,QRES,P2G,Pix,"9695087,03",53745
202411,PF,PF,Nao informado,Nao informado,entre 40 e 49 anos,entre 50 e 59 anos,DICT,P2P,Pix,"964268,76",1211
202411,PF,PF,NORTE,NORTE,entre 50 e 59 anos,até 19 anos,QRES,P2P,Pix,"1075265,53",23320
202411,PF,PF,Nao informado,NORDESTE,entre 40 e 49 anos,entre 50 e 59 anos,MANU,P2P,Pix,"1201045,03",936
202411,PF,PJ,NORTE,NORTE,Nao informado,Nao se aplica,DICT,P2B,Pix,"1715,27",9
202411,PF,PF,SUDESTE,SUL,entre 40 e 49 anos,até 19 anos,Nao disponivel,P2P,Nao disponivel,"22799,07",775
202411,PF,PF,NORTE,SUL,até 19 anos,entre 50 e 59 anos,DICT,P2P,Pix,"1189060,31",13371
202411,PJ,PF,SUDESTE,SUL,Nao se aplica,entre 50 e 59 anos,QRES,B2P,Pix,"734623,46",3258
202411,PF,PF,SUL,Nao informado,entre 30 e 39 anos,entre 40 e 49 anos,Nao disponivel,P2P,Nao disponivel,"1318,56",17
202411,PJ,PJ,SUDESTE,CENTRO-OESTE,Nao se aplica,Nao se aplica,QRES,B2B,Pix,"52382709,76",47037
202411,PF,PF,Nao informado,NORDESTE,até 19 anos,entre 40 e 49 anos,DICT,P2P,Pix,"51817,8",559
202411,PF,PF,CENTRO-OESTE,NORTE,mais de 60 anos,entre 50 e 59 anos,Nao disponivel,P2P,Nao disponivel,"3640,6",24
202411,PF,PF,CENTRO-OESTE,SUL,até 19 anos,entre 40 e 49 anos,Nao disponivel,P2P,Nao disponivel,"19919,79",199
202411,PJ,PF,Nao informado,CENTRO-OESTE,Nao se aplica,entre 50 e 59 anos,MANU,B2P,Pix,"71937,77",16
202411,PF,PF,NORTE,CENTRO-OESTE,até 19 anos,até 19 anos,DICT,P2P,Pix,"1929381,3",48810
202411,PJ,PF,SUL,NORTE,Nao se aplica,entre 50 e 59 anos,QRDN,B2P,Pix,"27651,03",552
202411,PF,PF,SUL,CENTRO-OESTE,entre 50 e 59 anos,entre 40 e 49 anos,MANU,P2P,Pix,"2361542,83",5385
202411,PF,PF,Nao informado,NORDESTE,entre 40 e 49 anos,entre 20 e 29 anos,MANU,P2P,Pix,"282367,43",1117
202411,PF,PJ,NORTE,SUDESTE,entre 50 e 59 anos,Nao se aplica,QRDN,P2B,Pix Troco,"356,07",2
202411,PF,PF,CENTRO-OESTE,CENTRO-OESTE,entre 50 e 59 anos,entre 40 e 49 anos,Nao disponivel,P2P,Nao disponivel,"1649175,63",3653
202411,PJ,PF,SUDESTE,CENTRO-OESTE,Nao se aplica,entre 20 e 29 anos,MANU,G2P,Pix,"27355,82",28
202411,PF,PF,SUL,Nao informado,entre 40 e 49 anos,entre 40 e 49 anos,MANU,P2P,Pix,"1459901,58",950
202411,PF,PF,SUDESTE,NORTE,entre 30 e 39 anos,entre 40 e 49 anos,QRES,P2P,Pix,"1108907,19",26858
202411,PF,PF,NORDESTE,NORDESTE,entre 20 e 29 anos,entre 20 e 29 anos,QRDN,P2P,Pix,"86948558,51",3020407
202411,PJ,PJ,SUL,NORDESTE,Nao se aplica,Nao se aplica,MANU,B2B,Pix,"1013055562,27",67032
202411,PF,PF,CENTRO-OESTE,NORTE,entre 50 e 59 anos,entre 30 e 39 anos,QRDN,P2P,Pix,"292893,55",7209
202411,PJ,PJ,NORTE,SUL,Nao se aplica,Nao se aplica,QRDN,B2B,Pix Saque,"1395977,13",1056
202411,PJ,PJ,NORTE,NORDESTE,Nao se aplica,Nao se aplica,QRDN,B2G,Pix,"1921311,77",1140
202411,PJ,PF,SUDESTE,SUDESTE,Nao se aplica,mais de 60 anos,DICT,G2P,Pix,"7782449,23",5237
202411,PF,PJ,SUDESTE,SUDESTE,entre 40 e 49 anos,Nao se aplica,QRES,P2B,Pix,"3049625269,63",18548380
202411,PF,PF,SUL,NORDESTE,entre 30 e 39 anos,entre 30 e 39 anos,Nao disponivel,P2P,Nao disponivel,"148996,86",908
202411,PF,PF,SUDESTE,CENTRO-OESTE,até 19 anos,entre 40 e 49 anos,MANU,P2P,Pix,"776009,31",8703
202411,PF,PF,Nao informado,NORTE,entre 20 e 29 anos,entre 50 e 59 anos,QRES,P2P,Pix,"18984,98",563
202411,PF,PJ,NORDESTE,NORDESTE,entre 40 e 49 anos,Nao se aplica,QRDN,P2B,Pix Troco,"92154,52",269
202411,PF,PF,CENTRO-OESTE,NORTE,entre 50 e 59 anos,entre 50 e 59 anos,QRES,P2P,Pix,"307805,16",5672
202411,PF,PF,CENTRO-OESTE,CENTRO-OESTE,entre 30 e 39 anos,entre 40 e 49 anos,INIC,P2P,Pix,80,1
202411,PF,PJ,NORDESTE,CENTRO-OESTE,entre 50 e 59 anos,Nao se aplica,QRES,P2B,Pix,"14968515,01",56900
202411,PF,PJ,Nao informado,NORDESTE,entre 30 e 39 anos,Nao se aplica,QRDN,P2B,Pix,"2593091,39",34686
202411,PF,PF,Nao informado,Nao informado,entre 40 e 49 anos,até 19 anos,Nao disponivel,P2P,Nao disponivel,"276,67",2
202411,PF,PF,SUDESTE,CENTRO-OESTE,entre 40 e 49 anos,entre 40 e 49 anos,QRDN,P2P,Pix,"939457,32",24856
202411,PF,PF,NORDESTE,SUL,até 19 anos,entre 30 e 39 anos,Nao disponivel,P2P,Nao disponivel,"33761,53",394
202411,PF,PF,SUL,SUDESTE,até 19 anos,entre 30 e 39 anos,QRES,P2P,Pix,"544726,98",15761
202411,PF,PF,NORDESTE,NORDESTE,mais de 60 anos,mais de 60 anos,QRDN,P2P,Pix,"6706964,89",118341
202411,PF,PF,NORDESTE,SUDESTE,entre 40 e 49 anos,entre 30 e 39 anos,Nao disponivel,P2P,Nao disponivel,"401239,54",2079
202411,PF,PF,CENTRO-OESTE,CENTRO-OESTE,entre 30 e 39 anos,entre 50 e 59 anos,QRES,P2P,Pix,"27533503,81",581816
202411,PF,PF,SUDESTE,NORTE,entre 30 e 39 anos,entre 20 e 29 anos,Nao disponivel,P2P,Nao disponivel,"219028,16",1118
202411,PF,PJ,NORTE,CENTRO-OESTE,mais de 60 anos,Nao se aplica,QRES,P2B,Pix,"3320390,95",12393
202411,PF,PJ,SUDESTE,CENTRO-OESTE,entre 20 e 29 anos,Nao se aplica,MANU,P2G,Pix,1600,3
202411,PF,PF,CENTRO-OESTE,NORDESTE,entre 30 e 39 anos,entre 20 e 29 anos,MANU,P2P,Pix,"14761277,02",102545
202411,PJ,PJ,SUDESTE,CENTRO-OESTE,Nao se aplica,Nao se aplica,QRES,G2B,Pix,"3174,66",2
202411,PF,PF,SUDESTE,SUL,até 19 anos,entre 50 e 59 anos,QRES,P2P,Pix,"145785,83",7760
202411,PF,PF,NORTE,CENTRO-OESTE,entre 30 e 39 anos,até 19 anos,MANU,P2P,Pix,"1361600,91",13524
202411,PF,PF,SUL,NORDESTE,até 19 anos,entre 50 e 59 anos,QRES,P2P,Pix,"63362,03",3359
202411,PF,PJ,NORDESTE,SUDESTE,até 19 anos,Nao se aplica,QRDN,P2B,Pix Saque,"111322,93",518
202411,PF,PJ,NORDESTE,NORDESTE,entre 20 e 29 anos,Nao se aplica,DICT,P2B,Pix,"2294103089,28",7068311
202411,PF,PJ,Nao informado,SUDESTE,até 19 anos,Nao se aplica,QRDN,P2B,Pix Saque,988,4
202411,PF,PF,Nao informado,SUDESTE,até 19 anos,entre 20 e 29 anos,Nao disponivel,P2P,Nao disponivel,"223,45",2
202411,PF,PF,NORDESTE,NORDESTE,entre 30 e 39 anos,entre 50 e 59 anos,DICT,P2P,Pix,"2343142314,36",11520576
202411,PF,PF,Nao informado,CENTRO-OESTE,Nao informado,entre 50 e 59 anos,QRES,P2P,Pix,6,1
202411,PF,PF,SUL,Nao informado,mais de 60 anos,até 19 anos,MANU,P2P,Pix,2300,12
202411,PF,PF,NORDESTE,NORTE,até 19 anos,entre 30 e 39 anos,Nao disponivel,P2P,Nao disponivel,"33263,86",478
202411,PF,PF,Nao informado,NORDESTE,entre 20 e 29 anos,mais de 60 anos,QRDN,P2P,Pix,"14803,1",506
202411,PF,PF,NORDESTE,SUL,entre 30 e 39 anos,entre 40 e 49 anos,MANU,P2P,Pix,"6422085,41",32904
202411,PF,PF,Nao informado,SUDESTE,até 19 anos,entre 20 e 29 anos,DICT,P2P,Pix,"89923,76",667
202411,PJ,PF,SUDESTE,SUDESTE,Nao se aplica,entre 40 e 49 anos,INIC,B2P,Pix,1912,5
202411,PF,PJ,SUDESTE,CENTRO-OESTE,mais de 60 anos,Nao se aplica,QRES,P2G,Pix,"4805,34",83
202411,PF,PF,CENTRO-OESTE,SUL,até 19 anos,mais de 60 anos,Nao disponivel,P2P,Nao disponivel,"18304,62",68
202411,PJ,PF,NORDESTE,SUDESTE,Nao se aplica,entre 20 e 29 anos,QRDN,B2P,Pix,"470119,87",5626
202411,PJ,PF,NORTE,NORTE,Nao se aplica,mais de 60 anos,MANU,B2P,Pix,"225771309,33",60412
202411,PF,PF,Nao informado,SUL,Nao informado,entre 40 e 49 anos,DICT,P2P,Pix,"2856,55",12
202411,PF,PF,SUDESTE,CENTRO-OESTE,entre 30 e 39 anos,entre 40 e 49 anos,QRES,P2P,Pix,"2401080,1",44099
202411,PF,PF,Nao informado,NORTE,entre 20 e 29 anos,entre 20 e 29 anos,DICT,P2P,Pix,"2178940,59",11470
202411,PF,PF,CENTRO-OESTE,SUL,entre 30 e 39 anos,entre 40 e 49 anos,DICT,P2P,Pix,"36485798,34",86279
202411,PF,PJ,CENTRO-OESTE,NORDESTE,entre 30 e 39 anos,Nao se aplica,DICT,P2B,Pix,"67947301,48",104075
202411,PF,PF,SUDESTE,NORTE,entre 40 e 49 anos,entre 40 e 49 anos,Nao disponivel,P2P,Nao disponivel,"89289,43",487
202411,PF,PJ,Nao informado,Nao informado,até 19 anos,Nao se aplica,QRES,P2B,Pix,"10898,69",652
202411,PF,PF,Nao informado,NORDESTE,entre 20 e 29 anos,entre 50 e 59 anos,QRDN,P2P,Pix,"30500,15",978
202411,PF,PJ,NORTE,SUL,entre 20 e 29 anos,Nao se aplica,QRES,P2G,Pix,"22536,64",193
202411,PJ,PF,CENTRO-OESTE,NORTE,Nao se aplica,até 19 anos,DICT,G2P,Pix,"29957,86",25
202411,PF,PF,CENTRO-OESTE,NORTE,entre 50 e 59 anos,entre 30 e 39 anos,QRES,P2P,Pix,"526119,2",8241
202411,PF,PF,SUDESTE,Nao informado,entre 30 e 39 anos,entre 50 e 59 anos,MANU,P2P,Pix,"1261796,04",990
202411,PF,PF,CENTRO-OESTE,CENTRO-OESTE,até 19 anos,entre 30 e 39 anos,QRDN,P2P,Pix,"5999600,9",251935
202411,PF,PF,SUDESTE,Nao informado,entre 50 e 59 anos,entre 30 e 39 anos,DICT,P2P,Pix,"3965966,93",6146
202411,PJ,PF,SUL,SUDESTE,Nao se aplica,entre 20 e 29 anos,QRDN,B2P,Pix,"741689,11",7981
202411,PF,PJ,SUL,SUL,entre 50 e 59 anos,Nao se aplica,QRES,P2B,Pix,"375101643,88",2027004
202411,PJ,PF,SUDESTE,NORDESTE,Nao se aplica,mais de 60 anos,QRDN,B2P,Pix,"205229,6",3210
202411,PF,PJ,NORDESTE,CENTRO-OESTE,entre 40 e 49 anos,Nao se aplica,DICT,P2G,Pix,"1796,14",15
202411,PJ,PF,CENTRO-OESTE,NORDESTE,Nao se aplica,entre 40 e 49 anos,MANU,B2P,Pix,"40870326,02",20009
202411,PJ,PJ,NORDESTE,Nao informado,Nao se aplica,Nao se aplica,DICT,B2B,Pix,"8678057,77",238
202411,PF,PF,Nao informado,SUDESTE,entre 30 e 39 anos,entre 20 e 29 anos,MANU,P2P,Pix,"733162,33",1957
202411,PJ,PF,SUDESTE,SUL,Nao se aplica,mais de 60 anos,Nao disponivel,B2P,Nao disponivel,"9930457,51",69923
202411,PF,PF,NORDESTE,NORTE,entre 30 e 39 anos,até 19 anos,QRES,P2P,Pix,"176667,48",5178
202411,PF,PF,SUDESTE,CENTRO-OESTE,entre 40 e 49 anos,entre 20 e 29 anos,MANU,P2P,Pix,"7130905,83",37077
202411,PF,PF,SUDESTE,SUL,mais de 60 anos,entre 20 e 29 anos,DICT,P2P,Pix,"27691179,97",72955
202411,PF,PF,Nao informado,CENTRO-OESTE,entre 20 e 29 anos,entre 20 e 29 anos,QRES,P2P,Pix,"78588,29",409
202411,PF,PJ,NORTE,NORDESTE,até 19 anos,Nao se aplica,DICT,P2G,Pix,40,1
202411,PF,PF,Nao informado,CENTRO-OESTE,entre 40 e 49 anos,entre 20 e 29 anos,DICT,P2P,Pix,"1212868,73",2727
202411,PF,PF,NORDESTE,NORTE,entre 40 e 49 anos,entre 20 e 29 anos,QRDN,P2P,Pix,"689572,38",18797
202411,PF,PJ,CENTRO-OESTE,CENTRO-OESTE,entre 50 e 59 anos,Nao se aplica,Nao disponivel,P2G,Nao disponivel,"4500,61",3
202411,PF,PF,SUDESTE,NORDESTE,entre 50 e 59 anos,mais de 60 anos,QRES,P2P,Pix,"1469976,42",29243
202411,PF,PJ,NORTE,NORDESTE,entre 20 e 29 anos,Nao se aplica,Nao disponivel,P2G,Nao disponivel,"0,9",1
202411,PF,PJ,NORDESTE,CENTRO-OESTE,entre 30 e 39 anos,Nao se aplica,MANU,P2G,Pix,"5786,06",15
202411,PF,PF,NORDESTE,Nao informado,entre 40 e 49 anos,até 19 anos,MANU,P2P,Pix,"15464,69",188
202411,PF,PJ,CENTRO-OESTE,SUDESTE,até 19 anos,Nao se aplica,Nao disponivel,P2B,Nao disponivel,"474739,72",645
202411,PF,PF,NORTE,NORDESTE,entre 40 e 49 anos,entre 30 e 39 anos,Nao disponivel,P2P,Nao disponivel,"57928,46",465
202411,PF,PJ,NORTE,NORTE,entre 20 e 29 anos,Nao se aplica,QRDN,P2B,Pix Saque,"2230989,81",7170
202411,PF,PF,NORTE,NORDESTE,entre 30 e 39 anos,até 19 anos,DICT,P2P,Pix,"6700242,45",69201
202411,PF,PF,SUDESTE,CENTRO-OESTE,entre 50 e 59 anos,mais de 60 anos,Nao disponivel,P2P,Nao disponivel,"67068,24",127
202411,PF,PF,SUDESTE,CENTRO-OESTE,entre 50 e 59 anos,até 19 anos,QRDN,P2P,Pix,"23721,21",735
202411,PF,PF,SUL,NORTE,entre 30 e 39 anos,entre 30 e 39 anos,DICT,P2P,Pix,"44458040,55",205808
202411,PF,PF,SUL,CENTRO-OESTE,entre 40 e 49 anos,entre 20 e 29 anos,Nao disponivel,P2P,Nao disponivel,"19863,84",186
202411,PJ,PF,NORDESTE,NORDESTE,Nao se aplica,entre 50 e 59 anos,DICT,G2P,Pix,"23346245,94",11007
202411,PF,PF,SUL,Nao informado,entre 40 e 49 anos,até 19 anos,DICT,P2P,Pix,"56691,11",452
202411,PF,PF,Nao informado,NORDESTE,entre 50 e 59 anos,até 19 anos,Nao disponivel,P2P,Nao disponivel,206,3
202411,PJ,PJ,NORDESTE,SUDESTE,Nao se aplica,Nao se aplica,QRDN,B2B,Pix,"1036254611,36",2353173
202411,PF,PF,CENTRO-OESTE,Nao informado,entre 50 e 59 anos,entre 40 e 49 anos,DICT,P2P,Pix,"1477689,88",1977
202411,PF,PJ,NORDESTE,SUDESTE,entre 40 e 49 anos,Nao se aplica,QRES,P2G,Pix,"82525,34",500
202411,PF,PF,SUDESTE,Nao informado,até 19 anos,entre 40 e 49 anos,QRES,P2P,Pix,"8855,78",597
202411,PF,PJ,SUL,SUDESTE,entre 40 e 49 anos,Nao se aplica,MANU,P2G,Pix,"66694,27",40
202411,PJ,PF,Nao informado,Nao informado,Nao se aplica,mais de 60 anos,QRES,B2P,Pix,"4157,5",5
202411,PF,PF,Nao informado,SUDESTE,entre 50 e 59 anos,entre 30 e 39 anos,Nao disponivel,P2P,Nao disponivel,1574,10
202411,PJ,PF,CENTRO-OESTE,SUDESTE,Nao se aplica,entre 20 e 29 anos,DICT,B2P,Pix,"192767275,3",362043
202411,PF,PF,SUDESTE,SUDESTE,Nao informado,entre 30 e 39 anos,MANU,P2P,Pix,300,1
202411,PF,PJ,NORDESTE,SUL,até 19 anos,Nao se aplica,QRDN,P2G,Pix,"13927,65",84
202411,PF,PJ,SUDESTE,SUL,entre 40 e 49 anos,Nao se aplica,MANU,P2B,Pix,"51834028,81",43140
202411,PJ,PF,CENTRO-OESTE,SUDESTE,Nao se aplica,mais de 60 anos,DICT,B2P,Pix,"152595980,54",81711
202411,PF,PF,SUDESTE,SUDESTE,até 19 anos,até 19 anos,QRES,P2P,Pix,"37032990,78",482811
202411,PF,PF,Nao informado,CENTRO-OESTE,mais de 60 anos,entre 50 e 59 anos,QRDN,P2P,Pix,1509,10
202411,PF,PF,CENTRO-OESTE,CENTRO-OESTE,entre 40 e 49 anos,até 19 anos,QRDN,P2P,Pix,"1202143,39",29601
202411,PF,PF,SUL,NORTE,mais de 60 anos,entre 20 e 29 anos,QRDN,P2P,Pix,"27544,58",472
202411,PF,PF,NORTE,SUL,entre 30 e 39 anos,entre 50 e 59 anos,MANU,P2P,Pix,"3925934,32",13138
202411,PF,PF,NORTE,SUDESTE,entre 40 e 49 anos,até 19 anos,DICT,P2P,Pix,"3611353,45",36040
202411,PJ,PF,SUL,SUL,Nao se aplica,até 19 anos,MANU,B2P,Pix,"51428531,57",110345
202411,PF,PF,CENTRO-OESTE,NORDESTE,mais de 60 anos,entre 50 e 59 anos,QRDN,P2P,Pix,"116356,34",2103
202411,PF,PF,CENTRO-OESTE,SUDESTE,mais de 60 anos,até 19 anos,Nao disponivel,P2P,Nao disponivel,"2565,3",446
202411,PF,PF,NORTE,NORDESTE,até 19 anos,mais de 60 anos,MANU,P2P,Pix,"132653,61",2540
202411,PF,PF,Nao informado,Nao informado,entre 20 e 29 anos,até 19 anos,Nao disponivel,P2P,Nao disponivel,"136,11",6
202411,PF,PJ,CENTRO-OESTE,NORDESTE,entre 20 e 29 anos,Nao se aplica,QRDN,P2B,Pix,"316573796,1",6054842
202411,PJ,PF,SUDESTE,SUL,Nao se aplica,entre 30 e 39 anos,Nao disponivel,B2P,Nao disponivel,"41662351,18",402007
202411,PF,PF,NORDESTE,NORTE,entre 40 e 49 anos,entre 20 e 29 anos,Nao disponivel,P2P,Nao disponivel,"132255,57",386
202411,PF,PF,SUL,Nao informado,até 19 anos,entre 50 e 59 anos,DICT,P2P,Pix,"105119,49",376
202411,PJ,PF,Nao informado,NORTE,Nao se aplica,até 19 anos,DICT,B2P,Pix,"22699,43",106
202411,PF,PF,Nao informado,NORDESTE,mais de 60 anos,mais de 60 anos,QRDN,P2P,Pix,"3430,57",64
202411,PF,PF,SUDESTE,NORDESTE,entre 50 e 59 anos,entre 30 e 39 anos,MANU,P2P,Pix,"30495296,04",159630
202411,PF,PJ,CENTRO-OESTE,SUL,até 19 anos,Nao se aplica,Nao disponivel,P2B,Nao disponivel,"70271,01",110
202411,PF,PJ,SUL,CENTRO-OESTE,entre 30 e 39 anos,Nao se aplica,QRES,P2B,Pix,"18025198,25",83357
202411,PF,PF,SUDESTE,SUL,entre 30 e 39 anos,entre 30 e 39 anos,Nao disponivel,P2P,Nao disponivel,"9463671,36",2272
202411,PF,PJ,SUDESTE,NORTE,entre 50 e 59 anos,Nao se aplica,QRES,P2G,Pix,"16803,46",29
202411,PF,PJ,SUDESTE,CENTRO-OESTE,entre 30 e 39 anos,Nao se aplica,DICT,P2G,Pix,"43780,11",37
202411,PF,PF,NORDESTE,SUDESTE,até 19 anos,mais de 60 anos,MANU,P2P,Pix,"971358,85",15141
202411,PJ,PJ,NORTE,Nao informado,Nao se aplica,Nao se aplica,QRDN,B2B,Pix,"1088,19",6
202411,PF,PJ,NORDESTE,SUDESTE,entre 20 e 29 anos,Nao se aplica,MANU,P2G,Pix,"20123,72",41
202411,PF,PF,CENTRO-OESTE,CENTRO-OESTE,entre 20 e 29 anos,entre 20 e 29 anos,Nao disponivel,P2P,Nao disponivel,"13463361,82",57508
202411,PJ,PJ,CENTRO-OESTE,CENTRO-OESTE,Nao se aplica,Nao se aplica,MANU,B2B,Pix,"22071453732,19",4190780
202411,PF,PJ,NORDESTE,NORTE,até 19 anos,Nao se aplica,DICT,P2B,Pix,"3583269,09",11100
202411,PF,PF,Nao informado,NORTE,entre 30 e 39 anos,mais de 60 anos,DICT,P2P,Pix,"488504,59",1712
202411,PF,PF,SUL,NORTE,mais de 60 anos,mais de 60 anos,DICT,P2P,Pix,"5496050,94",6810
202411,PF,PF,SUL,NORDESTE,entre 20 e 29 anos,entre 30 e 39 anos,MANU,P2P,Pix,"4999699,52",34319
202411,PF,PJ,NORTE,NORDESTE,entre 30 e 39 anos,Nao se aplica,QRDN,P2B,Pix,"469042158,3",9346218
202411,PF,PF,CENTRO-OESTE,NORDESTE,entre 50 e 59 anos,entre 30 e 39 anos,DICT,P2P,Pix,"59598690,51",213254
202411,PF,PF,SUDESTE,SUDESTE,mais de 60 anos,mais de 60 anos,Nao disponivel,P2P,Nao disponivel,"16217806,49",14323
202411,PF,PJ,NORDESTE,CENTRO-OESTE,mais de 60 anos,Nao se aplica,QRES,P2G,Pix,"2146,85",25
202411,PF,PF,CENTRO-OESTE,NORDESTE,entre 30 e 39 anos,até 19 anos,QRES,P2P,Pix,"217855,67",5176
202411,PJ,PF,SUL,NORTE,Nao se aplica,até 19 anos,MANU,B2P,Pix,"1426161,04",6134
202411,PF,PF,SUL,NORTE,até 19 anos,entre 40 e 49 anos,QRDN,P2P,Pix,"33991,61",1663
202411,PF,PF,SUDESTE,NORDESTE,entre 30 e 39 anos,entre 30 e 39 anos,DICT,P2P,Pix,"507959430,53",2342534
202411,PF,PF,SUL,SUDESTE,mais de 60 anos,entre 50 e 59 anos,Nao disponivel,P2P,Nao disponivel,"30758,86",88
202411,PF,PF,CENTRO-OESTE,SUL,até 19 anos,entre 20 e 29 anos,MANU,P2P,Pix,"326187,88",3518
202411,PF,PF,NORDESTE,SUDESTE,mais de 60 anos,entre 50 e 59 anos,QRDN,P2P,Pix,"318533,74",7826
202411,PF,PF,CENTRO-OESTE,SUL,entre 30 e 39 anos,entre 40 e 49 anos,QRES,P2P,Pix,"810762,19",13530
202411,PF,PF,SUDESTE,NORTE,até 19 anos,mais de 60 anos,QRES,P2P,Pix,"30724,03",2833
202411,PF,PJ,NORDESTE,CENTRO-OESTE,entre 20 e 29 anos,Nao se aplica,Nao disponivel,P2G,Nao disponivel,"220,31",2
202411,PF,PF,Nao informado,Nao informado,entre 40 e 49 anos,mais de 60 anos,DICT,P2P,Pix,"219185,42",394
202411,PJ,PF,Nao informado,SUDESTE,Nao se aplica,entre 40 e 49 anos,QRDN,B2P,Pix,"3618,86",54
202411,PF,PJ,NORDESTE,CENTRO-OESTE,entre 40 e 49 anos,Nao se aplica,INIC,P2B,Pix,"222860,61",57
202411,PJ,PF,SUL,SUL,Nao se aplica,entre 40 e 49 anos,QRES,B2P,Pix,"60553699,63",177117
202411,PF,PF,SUDESTE,CENTRO-OESTE,mais de 60 anos,entre 40 e 49 anos,QRES,P2P,Pix,"514755,03",5898
202411,PF,PF,Nao informado,NORTE,até 19 anos,entre 40 e 49 anos,QRES,P2P,Pix,"3234,98",145
202411,PF,PF,SUL,SUDESTE,mais de 60 anos,entre 20 e 29 anos,DICT,P2P,Pix,"26487080,38",67643
202411,PJ,PF,SUDESTE,SUL,Nao se aplica,entre 30 e 39 anos,MANU,B2P,Pix,"886463236,72",1540206
202411,PF,PF,SUDESTE,SUDESTE,até 19 anos,entre 30 e 39 anos,QRDN,P2P,Pix,"18272296,15",1021545
202411,PF,PF,SUL,NORTE,entre 30 e 39 anos,entre 40 e 49 anos,Nao disponivel,P2P,Nao disponivel,"43350,54",295
202411,PF,PJ,Nao informado,SUL,entre 30 e 39 anos,Nao se aplica,DICT,P2B,Pix,"15478955,51",8169
202411,PJ,PJ,SUL,SUL,Nao se aplica,Nao se aplica,MANU,G2B,Pix,"350953474,46",6718
202411,PF,PF,Nao informado,CENTRO-OESTE,mais de 60 anos,entre 20 e 29 anos,Nao disponivel,P2P,Nao disponivel,300,1
202411,PF,PF,CENTRO-OESTE,NORTE,até 19 anos,entre 40 e 49 anos,Nao disponivel,P2P,Nao disponivel,"26406,45",286
202411,PF,PJ,Nao informado,NORTE,entre 40 e 49 anos,Nao se aplica,QRDN,P2B,Pix Saque,12872,14
202411,PJ,PF,CENTRO-OESTE,SUL,Nao se aplica,entre 30 e 39 anos,QRDN,B2P,Pix,"113318,75",1563
202411,PF,PF,SUDESTE,Nao informado,entre 20 e 29 anos,mais de 60 anos,MANU,P2P,Pix,"186702,67",400
202411,PF,PF,SUDESTE,NORDESTE,entre 50 e 59 anos,entre 40 e 49 anos,Nao disponivel,P2P,Nao disponivel,"196564,2",901
202411,PF,PF,CENTRO-OESTE,NORTE,entre 50 e 59 anos,entre 40 e 49 anos,MANU,P2P,Pix,"5148554,36",13008
202411,PF,PF,SUDESTE,NORDESTE,entre 40 e 49 anos,mais de 60 anos,DICT,P2P,Pix,"82357775,74",249050
202411,PF,PF,NORDESTE,SUDESTE,entre 50 e 59 anos,entre 50 e 59 anos,Nao disponivel,P2P,Nao disponivel,"113377,77",485
202411,PF,PJ,SUDESTE,NORTE,mais de 60 anos,Nao se aplica,DICT,P2B,Pix,"43973301,22",19426
202411,PF,PF,SUDESTE,Nao informado,entre 30 e 39 anos,entre 20 e 29 anos,DICT,P2P,Pix,"2822705,51",8813
202411,PF,PF,SUL,NORTE,entre 20 e 29 anos,entre 30 e 39 anos,QRES,P2P,Pix,"646086,68",17341
202411,PF,PJ,NORDESTE,NORTE,entre 40 e 49 anos,Nao se aplica,QRES,P2G,Pix,"1875,36",23
202411,PF,PF,SUL,SUL,entre 30 e 39 anos,até 19 anos,MANU,P2P,Pix,"48084470,94",480091
202411,PF,PF,SUDESTE,NORDESTE,entre 40 e 49 anos,até 19 anos,Nao disponivel,P2P,Nao disponivel,"65466,11",2044
202411,PF,PF,NORDESTE,NORTE,entre 30 e 39 anos,entre 30 e 39 anos,DICT,P2P,Pix,"98139699,21",435727
202411,PF,PF,CENTRO-OESTE,SUL,entre 50 e 59 anos,entre 50 e 59 anos,QRES,P2P,Pix,"161288,14",2033
202411,PF,PF,SUL,SUL,entre 40 e 49 anos,até 19 anos,QRDN,P2P,Pix,"670787,72",14573
202411,PF,PF,SUDESTE,SUL,até 19 anos,mais de 60 anos,QRES,P2P,Pix,"81059,57",3618
202411,PJ,PF,NORDESTE,CENTRO-OESTE,Nao se aplica,entre 40 e 49 anos,QRDN,B2P,Pix,"208777,46",3030
202411,PF,PF,SUDESTE,CENTRO-OESTE,entre 20 e 29 anos,entre 50 e 59 anos,MANU,P2P,Pix,"5158386,15",20063
202411,PF,PF,SUDESTE,SUDESTE,entre 20 e 29 anos,entre 40 e 49 anos,INIC,P2P,Pix,"327,9",5
202411,PJ,PF,SUL,NORTE,Nao se aplica,entre 30 e 39 anos,Nao disponivel,B2P,Nao disponivel,"3451976,47",14361
202411,PF,PF,NORDESTE,CENTRO-OESTE,entre 30 e 39 anos,mais de 60 anos,QRES,P2P,Pix,"861301,32",24283
202411,PF,PF,SUDESTE,SUL,mais de 60 anos,entre 50 e 59 anos,QRES,P2P,Pix,"450950,24",3432
202411,PJ,PF,SUL,NORTE,Nao se aplica,entre 30 e 39 anos,MANU,B2P,Pix,"41951083,95",59990
202411,PF,PF,CENTRO-OESTE,NORDESTE,entre 40 e 49 anos,entre 50 e 59 anos,QRDN,P2P,Pix,"551294,59",15942
202411,PF,PF,CENTRO-OESTE,SUDESTE,entre 50 e 59 anos,entre 40 e 49 anos,DICT,P2P,Pix,"71277203,11",149887
202411,PF,PF,NORDESTE,SUL,entre 30 e 39 anos,entre 20 e 29 anos,DICT,P2P,Pix,"32964787,4",202399
202411,PJ,PF,SUL,Nao informado,Nao se aplica,mais de 60 anos,QRDN,B2P,Pix,"1596,19",17
202411,PF,PF,CENTRO-OESTE,Nao informado,entre 30 e 39 anos,entre 20 e 29 anos,Nao disponivel,P2P,Nao disponivel,3558,5
202411,PF,PJ,SUL,NORTE,mais de 60 anos,Nao se aplica,DICT,P2G,Pix,"3114,08",20
202411,PJ,PF,CENTRO-OESTE,Nao informado,Nao se aplica,Nao informado,MANU,B2P,Pix,"26819,64",21
202411,PF,PF,SUDESTE,SUL,entre 50 e 59 anos,até 19 anos,DICT,P2P,Pix,"4974825,23",31524
202411,PF,PJ,NORTE,Nao informado,entre 40 e 49 anos,Nao se aplica,QRDN,P2B,Pix,"64987,49",401
202411,PF,PF,NORTE,CENTRO-OESTE,mais de 60 anos,mais de 60 anos,DICT,P2P,Pix,"14251757,98",16517
202411,PF,PF,CENTRO-OESTE,SUDESTE,até 19 anos,entre 40 e 49 anos,QRDN,P2P,Pix,"230186,57",9476
202411,PF,PJ,SUDESTE,SUDESTE,mais de 60 anos,Nao se aplica,Nao disponivel,P2B,Nao disponivel,"14132850,48",4725
202411,PJ,PF,Nao informado,NORDESTE,Nao se aplica,até 19 anos,QRES,B2P,Pix,276,5
202411,PF,PF,Nao informado,NORDESTE,entre 30 e 39 anos,entre 50 e 59 anos,DICT,P2P,Pix,"2374678,54",5574
202411,PF,PF,Nao informado,SUL,entre 20 e 29 anos,entre 50 e 59 anos,MANU,P2P,Pix,"341986,05",658
202411,PF,PF,Nao informado,SUDESTE,mais de 60 anos,entre 30 e 39 anos,DICT,P2P,Pix,"3688161,95",4472
202411,PF,PJ,NORTE,SUDESTE,mais de 60 anos,Nao se aplica,QRDN,P2G,Pix,"153382,29",227
202411,PF,PF,NORDESTE,SUDESTE,Nao informado,entre 50 e 59 anos,MANU,P2P,Pix,180,1
202411,PF,PJ,SUL,SUDESTE,entre 50 e 59 anos,Nao se aplica,MANU,P2G,Pix,"6494,18",13
202411,PF,PJ,NORDESTE,CENTRO-OESTE,entre 20 e 29 anos,Nao se aplica,MANU,P2B,Pix,"8733944,94",43718
202411,PF,PF,NORTE,Nao informado,entre 20 e 29 anos,entre 40 e 49 anos,DICT,P2P,Pix,"1744110,76",8861
202411,PF,PJ,Nao informado,SUDESTE,entre 20 e 29 anos,Nao se aplica,MANU,P2B,Pix,"1511532,75",1239
202411,PF,PJ,NORTE,CENTRO-OESTE,mais de 60 anos,Nao se aplica,DICT,P2B,Pix,"32629596,39",21711
202411,PF,PJ,NORDESTE,CENTRO-OESTE,mais de 60 anos,Nao se aplica,DICT,P2B,Pix,"33065860,58",23686
202411,PF,PF,NORDESTE,Nao informado,mais de 60 anos,mais de 60 anos,QRES,P2P,Pix,"7203,88",52
202411,PJ,PF,NORTE,SUL,Nao se aplica,entre 30 e 39 anos,MANU,B2P,Pix,"4266125,22",2154
202411,PF,PF,Nao informado,SUL,entre 50 e 59 anos,entre 40 e 49 anos,QRDN,P2P,Pix,"16465,56",72
202411,PF,PJ,CENTRO-OESTE,SUDESTE,entre 20 e 29 anos,Nao se aplica,MANU,P2B,Pix,"17460960,85",40010
202411,PF,PF,Nao informado,SUDESTE,entre 30 e 39 anos,Nao informado,QRDN,P2P,Pix,"68,11",2
202411,PF,PF,NORTE,Nao informado,entre 50 e 59 anos,entre 20 e 29 anos,QRES,P2P,Pix,"47709,46",287
202411,PF,PF,NORTE,SUDESTE,entre 50 e 59 anos,entre 40 e 49 anos,Nao disponivel,P2P,Nao disponivel,"34394,78",119
202411,PF,PF,Nao informado,SUL,entre 20 e 29 anos,entre 50 e 59 anos,Nao disponivel,P2P,Nao disponivel,1650,6
202411,PF,PF,CENTRO-OESTE,SUDESTE,mais de 60 anos,entre 20 e 29 anos,DICT,P2P,Pix,"26913166,87",58286
202411,PF,PJ,SUDESTE,SUDESTE,até 19 anos,Nao se aplica,QRES,P2B,Pix,242952952,4110011
202411,PF,PF,NORTE,SUL,entre 30 e 39 anos,entre 50 e 59 anos,QRDN,P2P,Pix,"330381,87",11310
202411,PF,PJ,SUDESTE,CENTRO-OESTE,entre 40 e 49 anos,Nao se aplica,MANU,P2B,Pix,"30508308,46",23933
202411,PF,PJ,NORDESTE,NORDESTE,entre 50 e 59 anos,Nao se aplica,QRDN,P2B,Pix Troco,"86955,24",294
202411,PF,PF,Nao informado,SUL,entre 30 e 39 anos,entre 50 e 59 anos,Nao disponivel,P2P,Nao disponivel,151751,5
202411,PJ,PF,NORTE,SUL,Nao se aplica,mais de 60 anos,DICT,B2P,Pix,"29842637,26",25577
202411,PF,PF,NORDESTE,SUDESTE,entre 40 e 49 anos,entre 20 e 29 anos,INIC,P2P,Pix,"112,9",3
202411,PF,PF,NORTE,SUDESTE,mais de 60 anos,entre 40 e 49 anos,DICT,P2P,Pix,"22328814,8",41337
202411,PF,PJ,CENTRO-OESTE,SUDESTE,entre 50 e 59 anos,Nao se aplica,MANU,P2G,Pix,"9323,77",32
202411,PF,PF,CENTRO-OESTE,SUL,até 19 anos,entre 20 e 29 anos,DICT,P2P,Pix,"2281987,76",27431
202411,PF,PJ,SUL,SUL,entre 20 e 29 anos,Nao se aplica,MANU,P2B,Pix,"283039913,54",1159680
202411,PF,PF,SUDESTE,CENTRO-OESTE,mais de 60 anos,entre 40 e 49 anos,DICT,P2P,Pix,"97310610,53",103220
202411,PF,PJ,Nao informado,SUDESTE,entre 40 e 49 anos,Nao se aplica,QRES,P2B,Pix Saque,142,1
202411,PF,PF,NORDESTE,SUL,entre 40 e 49 anos,mais de 60 anos,MANU,P2P,Pix,"2930948,84",5276
202411,PF,PF,NORDESTE,CENTRO-OESTE,até 19 anos,entre 50 e 59 anos,DICT,P2P,Pix,"2502426,07",31177
202411,PJ,PF,SUL,SUDESTE,Nao se aplica,Nao informado,QRDN,B2P,Pix,"17798,26",6
202411,PF,PF,NORTE,CENTRO-OESTE,entre 20 e 29 anos,até 19 anos,MANU,P2P,Pix,"1197900,43",14595
202411,PJ,PF,NORTE,NORTE,Nao se aplica,entre 40 e 49 anos,QRES,G2P,Pix,371,5
202411,PF,PF,NORTE,SUDESTE,entre 30 e 39 anos,entre 30 e 39 anos,QRDN,P2P,Pix,"1146920,29",30413
202411,PF,PJ,NORTE,NORTE,mais de 60 anos,Nao se aplica,DICT,P2B,Pix,"537798178,41",622741
202411,PJ,PF,CENTRO-OESTE,NORTE,Nao se aplica,até 19 anos,QRES,B2P,Pix,"36167,87",350
202411,PF,PF,Nao informado,Nao informado,entre 50 e 59 anos,até 19 anos,DICT,P2P,Pix,"93168,78",494
202411,PF,PJ,CENTRO-OESTE,SUL,entre 40 e 49 anos,Nao se aplica,QRDN,P2B,Pix,"268665921,28",2113208
202411,PF,PF,Nao informado,NORDESTE,Nao informado,entre 50 e 59 anos,QRES,P2P,Pix,"133,7",8
202411,PF,PF,Nao informado,Nao informado,mais de 60 anos,até 19 anos,DICT,P2P,Pix,"30994,42",236
202411,PF,PF,Nao informado,SUDESTE,entre 40 e 49 anos,entre 20 e 29 anos,MANU,P2P,Pix,"545577,22",1389
202411,PF,PF,CENTRO-OESTE,NORTE,entre 40 e 49 anos,entre 30 e 39 anos,DICT,P2P,Pix,"86370598,91",227997
202411,PF,PF,Nao informado,CENTRO-OESTE,entre 40 e 49 anos,entre 40 e 49 anos,QRDN,P2P,Pix,"15381,82",328
202411,PF,PF,SUDESTE,NORTE,entre 20 e 29 anos,até 19 anos,QRDN,P2P,Pix,"48091,79",1018
202411,PJ,PF,NORTE,CENTRO-OESTE,Nao se aplica,entre 40 e 49 anos,DICT,B2P,Pix,"133553724,57",159053
202411,PF,PF,Nao informado,SUDESTE,até 19 anos,mais de 60 anos,QRES,P2P,Pix,"994,73",38
202411,PF,PF,Nao informado,SUDESTE,entre 40 e 49 anos,mais de 60 anos,Nao disponivel,P2P,Nao disponivel,"36828,41",12
202411,PF,PF,CENTRO-OESTE,NORDESTE,mais de 60 anos,entre 50 e 59 anos,DICT,P2P,Pix,19522101,47656
202411,PF,PF,SUL,CENTRO-OESTE,entre 20 e 29 anos,entre 50 e 59 anos,QRDN,P2P,Pix,"153844,25",5035
202411,PF,PF,CENTRO-OESTE,Nao informado,entre 40 e 49 anos,entre 30 e 39 anos,QRES,P2P,Pix,"58397,89",691
202411,PJ,PJ,SUDESTE,NORDESTE,Nao se aplica,Nao se aplica,QRDN,G2G,Pix,"2422,95",2
202411,PF,PF,NORDESTE,NORDESTE,entre 50 e 59 anos,entre 50 e 59 anos,QRDN,P2P,Pix,"23981024,32",583719
202411,PF,PF,Nao informado,NORDESTE,até 19 anos,entre 40 e 49 anos,Nao disponivel,P2P,Nao disponivel,56,2
202411,PF,PF,NORTE,Nao informado,até 19 anos,mais de 60 anos,MANU,P2P,Pix,"933,52",52
202411,PJ,PF,NORTE,Nao informado,Nao se aplica,entre 50 e 59 anos,QRDN,B2P,Pix,619,19
202411,PF,PJ,NORDESTE,SUDESTE,mais de 60 anos,Nao se aplica,QRES,P2G,Pix,"13499,74",101
202411,PF,PJ,SUL,SUL,até 19 anos,Nao se aplica,QRDN,P2B,Pix Saque,"4381500,55",17248
202411,PJ,PF,NORDESTE,SUL,Nao se aplica,entre 50 e 59 anos,DICT,B2P,Pix,"127663550,13",730839
202411,PF,PF,SUL,CENTRO-OESTE,mais de 60 anos,mais de 60 anos,DICT,P2P,Pix,"16859074,78",14011
202411,PJ,PF,CENTRO-OESTE,SUDESTE,Nao se aplica,mais de 60 anos,QRES,B2P,Pix,"1177673,33",2237
202411,PF,PF,SUDESTE,SUDESTE,entre 20 e 29 anos,entre 30 e 39 anos,INIC,P2P,Pix,"50,11",4
202411,PF,PJ,SUDESTE,CENTRO-OESTE,entre 20 e 29 anos,Nao se aplica,DICT,P2B,Pix,"103679724,37",135870
202411,PF,PF,Nao informado,SUL,entre 30 e 39 anos,mais de 60 anos,QRES,P2P,Pix,"48852,81",383
202411,PF,PJ,Nao informado,SUDESTE,entre 30 e 39 anos,Nao se aplica,DICT,P2B,Pix,"17935732,28",12599
202411,PF,PF,SUDESTE,SUDESTE,mais de 60 anos,entre 30 e 39 anos,QRDN,P2P,Pix,"13306104,97",256904
202411,PF,PJ,SUDESTE,NORDESTE,entre 50 e 59 anos,Nao se aplica,DICT,P2B,Pix,"133200528,08",235225
202411,PJ,PF,CENTRO-OESTE,SUDESTE,Nao se aplica,até 19 anos,DICT,B2P,Pix,"19082143,65",75327
202411,PF,PF,Nao informado,NORDESTE,mais de 60 anos,entre 40 e 49 anos,MANU,P2P,Pix,"220737,58",447
202411,PF,PF,Nao informado,SUDESTE,entre 20 e 29 anos,até 19 anos,QRDN,P2P,Pix,"654,09",36
202411,PF,PF,Nao informado,Nao informado,entre 50 e 59 anos,entre 40 e 49 anos,QRDN,P2P,Pix,1108,19
202411,PJ,PF,CENTRO-OESTE,SUDESTE,Nao se aplica,entre 30 e 39 anos,QRDN,B2P,Pix,"1115989,82",4664
202411,PF,PF,SUDESTE,SUDESTE,entre 40 e 49 anos,até 19 anos,MANU,P2P,Pix,"222730361,39",2348030
202411,PF,PF,SUDESTE,NORTE,mais de 60 anos,mais de 60 anos,MANU,P2P,Pix,"5541920,75",2734
202411,PF,PF,NORDESTE,SUL,entre 40 e 49 anos,entre 40 e 49 anos,MANU,P2P,Pix,"4544900,91",22451
202411,PF,PJ,SUDESTE,NORDESTE,entre 30 e 39 anos,Nao se aplica,DICT,P2G,Pix,"34845,89",81
202411,PF,PF,NORTE,CENTRO-OESTE,entre 30 e 39 anos,entre 30 e 39 anos,DICT,P2P,Pix,"84645884,68",326533
202411,PF,PF,SUL,SUL,entre 40 e 49 anos,entre 30 e 39 anos,QRDN,P2P,Pix,"13236800,28",298256
202411,PF,PF,NORDESTE,NORDESTE,entre 30 e 39 anos,entre 50 e 59 anos,Nao disponivel,P2P,Nao disponivel,"4920516,4",23314
202411,PF,PF,Nao informado,CENTRO-OESTE,entre 20 e 29 anos,entre 50 e 59 anos,MANU,P2P,Pix,"154317,39",295
202411,PF,PJ,CENTRO-OESTE,CENTRO-OESTE,Nao informado,Nao se aplica,MANU,P2B,Pix,255,2
202411,PF,PF,NORDESTE,Nao informado,entre 30 e 39 anos,mais de 60 anos,Nao disponivel,P2P,Nao disponivel,"1682,09",3
202411,PF,PF,SUDESTE,SUDESTE,Nao informado,entre 50 e 59 anos,QRES,P2P,Pix,"8,5",1
202411,PF,PF,CENTRO-OESTE,NORTE,até 19 anos,entre 20 e 29 anos,DICT,P2P,Pix,"5618947,87",66027
202411,PJ,PJ,NORDESTE,NORTE,Nao se aplica,Nao se aplica,QRDN,G2B,Pix,"218,85",2
202411,PJ,PF,Nao informado,NORDESTE,Nao se aplica,entre 30 e 39 anos,MANU,G2P,Pix,1450,2
202411,PF,PJ,Nao informado,NORDESTE,entre 30 e 39 anos,Nao se aplica,QRES,P2G,Pix,93,6
202411,PF,PF,SUL,NORDESTE,entre 20 e 29 anos,até 19 anos,QRES,P2P,Pix,"141563,85",3989
202411,PF,PF,NORTE,SUDESTE,entre 40 e 49 anos,entre 40 e 49 anos,Nao disponivel,P2P,Nao disponivel,"110413,68",374
202411,PJ,PF,SUDESTE,NORDESTE,Nao se aplica,entre 40 e 49 anos,Nao disponivel,B2P,Nao disponivel,"31038937,55",357072
202411,PF,PF,NORTE,SUDESTE,entre 20 e 29 anos,entre 40 e 49 anos,QRES,P2P,Pix,"2151457,27",45131
202411,PJ,PJ,SUDESTE,SUL,Nao se aplica,Nao se aplica,QRDN,G2B,Pix,"45927,32",45
202411,PF,PF,SUL,SUDESTE,até 19 anos,entre 50 e 59 anos,Nao disponivel,P2P,Nao disponivel,"15113,19",224
202411,PJ,PF,SUDESTE,Nao informado,Nao se aplica,Nao informado,Nao disponivel,B2P,Nao disponivel,"510,05",35
202411,PF,PF,SUDESTE,SUL,até 19 anos,entre 30 e 39 anos,QRDN,P2P,Pix,"169132,41",7760
202411,PF,PF,Nao informado,SUDESTE,Nao informado,entre 30 e 39 anos,QRDN,P2P,Pix,"516,91",21
202411,PF,PF,Nao informado,NORTE,entre 40 e 49 anos,mais de 60 anos,QRDN,P2P,Pix,"4138,93",147
202411,PF,PJ,Nao informado,SUL,Nao informado,Nao se aplica,QRDN,P2B,Pix,"3407,82",135
202411,PF,PF,NORDESTE,SUL,entre 20 e 29 anos,entre 20 e 29 anos,INIC,P2P,Pix,"70,95",2
202411,PJ,PF,NORDESTE,SUDESTE,Nao se aplica,entre 30 e 39 anos,QRDN,B2P,Pix,"2566971,38",11073
202411,PF,PF,CENTRO-OESTE,NORTE,mais de 60 anos,entre 50 e 59 anos,QRES,P2P,Pix,"128236,03",1732
202411,PF,PF,NORTE,CENTRO-OESTE,entre 20 e 29 anos,entre 20 e 29 anos,Nao disponivel,P2P,Nao disponivel,"221836,05",1686
202411,PF,PF,SUL,SUL,entre 50 e 59 anos,mais de 60 anos,QRES,P2P,Pix,"11419366,79",121216
202411,PF,PF,NORDESTE,Nao informado,entre 50 e 59 anos,mais de 60 anos,QRDN,P2P,Pix,"3034,94",92
202411,PF,PF,NORTE,NORTE,entre 50 e 59 anos,entre 30 e 39 anos,DICT,P2P,Pix,"895158669,25",3788886
202411,PF,PJ,SUL,CENTRO-OESTE,entre 50 e 59 anos,Nao se aplica,MANU,P2G,Pix,93,2
202411,PJ,PF,NORTE,CENTRO-OESTE,Nao se aplica,mais de 60 anos,MANU,G2P,Pix,"2900,26",3
202411,PF,PF,NORTE,SUL,entre 20 e 29 anos,entre 50 e 59 anos,QRDN,P2P,Pix,"428606,79",16434
202411,PF,PF,SUL,NORDESTE,mais de 60 anos,entre 50 e 59 anos,DICT,P2P,Pix,"10492633,31",20794
202411,PF,PF,SUL,NORDESTE,entre 20 e 29 anos,entre 40 e 49 anos,QRES,P2P,Pix,"880379,53",22108
202411,PF,PF,CENTRO-OESTE,CENTRO-OESTE,até 19 anos,entre 30 e 39 anos,QRES,P2P,Pix,"7926416,33",259601
202411,PF,PF,NORDESTE,CENTRO-OESTE,entre 50 e 59 anos,até 19 anos,QRDN,P2P,Pix,"16117,15",457
202411,PF,PJ,NORTE,SUDESTE,mais de 60 anos,Nao se aplica,DICT,P2G,Pix,"33760,18",18
202411,PJ,PJ,SUL,NORDESTE,Nao se aplica,Nao se aplica,QRES,B2B,Pix,"10665109,3",43803
202411,PF,PF,Nao informado,SUL,mais de 60 anos,entre 30 e 39 anos,MANU,P2P,Pix,"97922,91",158
202411,PJ,PJ,SUL,NORTE,Nao se aplica,Nao se aplica,QRDN,G2B,Pix,"27400,93",2
202411,PF,PF,Nao informado,SUDESTE,entre 20 e 29 anos,entre 20 e 29 anos,MANU,P2P,Pix,"634871,1",2134
202411,PF,PF,Nao informado,SUDESTE,entre 20 e 29 anos,entre 30 e 39 anos,Nao disponivel,P2P,Nao disponivel,"23082,42",35
202411,PJ,PF,CENTRO-OESTE,SUDESTE,Nao se aplica,entre 20 e 29 anos,QRES,B2P,Pix,"1952686,29",6423
202411,PJ,PF,Nao informado,NORDESTE,Nao se aplica,entre 20 e 29 anos,QRES,B2P,Pix,"4268,09",63
202411,PF,PF,NORDESTE,SUDESTE,mais de 60 anos,entre 20 e 29 anos,Nao disponivel,P2P,Nao disponivel,"40594,97",313
202411,PF,PF,SUL,SUDESTE,entre 20 e 29 anos,entre 40 e 49 anos,QRDN,P2P,Pix,"1002962,68",31069
202411,PJ,PF,CENTRO-OESTE,SUL,Nao se aplica,até 19 anos,DICT,B2P,Pix,"7767168,82",24367
202411,PF,PJ,SUDESTE,NORTE,até 19 anos,Nao se aplica,QRES,P2B,Pix,"382150,22",7461
202411,PJ,PF,NORDESTE,SUDESTE,Nao se aplica,mais de 60 anos,QRDN,B2P,Pix,"232401,83",3209
202411,PF,PF,SUDESTE,Nao informado,entre 40 e 49 anos,entre 20 e 29 anos,DICT,P2P,Pix,"2331718,27",6605
202411,PF,PJ,NORDESTE,Nao informado,entre 30 e 39 anos,Nao se aplica,QRDN,P2G,Pix,"230,74",2
202411,PF,PF,NORTE,CENTRO-OESTE,até 19 anos,entre 50 e 59 anos,QRES,P2P,Pix,"201307,12",8640
202411,PF,PF,SUL,SUDESTE,entre 50 e 59 anos,entre 40 e 49 anos,QRES,P2P,Pix,"1659394,81",13979
202411,PF,PJ,NORDESTE,NORDESTE,entre 30 e 39 anos,Nao se aplica,QRDN,P2B,Pix Troco,"91891,05",239
202411,PF,PF,NORDESTE,NORTE,entre 30 e 39 anos,até 19 anos,DICT,P2P,Pix,"6143372,94",63778
202411,PJ,PF,SUDESTE,Nao informado,Nao se aplica,entre 40 e 49 anos,QRES,B2P,Pix,"62426,97",160
202411,PF,PF,SUDESTE,CENTRO-OESTE,entre 30 e 39 anos,entre 30 e 39 anos,DICT,P2P,Pix,"140741850,86",415627
202411,PF,PF,SUL,SUL,até 19 anos,entre 40 e 49 anos,MANU,P2P,Pix,"48008076,4",409899
202411,PF,PF,SUDESTE,NORDESTE,entre 20 e 29 anos,entre 20 e 29 anos,QRDN,P2P,Pix,"4906232,22",187084
202411,PF,PF,SUDESTE,NORDESTE,entre 50 e 59 anos,até 19 anos,Nao disponivel,P2P,Nao disponivel,18150,646
202411,PF,PJ,NORTE,NORDESTE,até 19 anos,Nao se aplica,QRDN,P2B,Pix,"38747061,88",1161280
202411,PF,PJ,SUL,SUL,entre 50 e 59 anos,Nao se aplica,QRES,P2B,Pix Saque,"22404,06",156
202411,PF,PJ,SUL,SUL,entre 20 e 29 anos,Nao se aplica,QRES,P2B,Pix,"539958085,24",5303313
202411,PF,PF,NORTE,NORDESTE,entre 30 e 39 anos,mais de 60 anos,QRDN,P2P,Pix,"592610,56",14881
202411,PF,PF,Nao informado,NORDESTE,Nao informado,mais de 60 anos,QRES,P2P,Pix,181,5
202411,PF,PF,CENTRO-OESTE,Nao informado,mais de 60 anos,entre 30 e 39 anos,QRDN,P2P,Pix,"2223,59",21
202411,PF,PJ,SUDESTE,NORDESTE,entre 20 e 29 anos,Nao se aplica,QRES,P2B,Pix Saque,"3935,95",19
202411,PF,PF,NORDESTE,NORTE,mais de 60 anos,até 19 anos,MANU,P2P,Pix,"116516,59",1735
202411,PF,PF,Nao informado,NORDESTE,mais de 60 anos,entre 50 e 59 anos,MANU,P2P,Pix,"399768,74",294
202411,PF,PF,Nao informado,SUL,mais de 60 anos,até 19 anos,Nao disponivel,P2P,Nao disponivel,100,1
202411,PJ,PF,Nao informado,CENTRO-OESTE,Nao se aplica,entre 40 e 49 anos,DICT,B2P,Pix,"580809,96",578
202411,PF,PF,SUDESTE,NORTE,entre 50 e 59 anos,entre 20 e 29 anos,QRDN,P2P,Pix,"148163,95",3950
202411,PJ,PJ,SUL,SUDESTE,Nao se aplica,Nao se aplica,QRES,B2G,Pix,"67441,89",111
202411,PF,PJ,SUDESTE,NORDESTE,entre 40 e 49 anos,Nao se aplica,Nao disponivel,P2B,Nao disponivel,"817553,3",753
202411,PF,PF,NORTE,SUL,entre 30 e 39 anos,entre 40 e 49 anos,QRDN,P2P,Pix,"534874,86",16199
202411,PF,PF,CENTRO-OESTE,NORTE,entre 30 e 39 anos,até 19 anos,QRDN,P2P,Pix,"52990,31",1781
202411,PF,PJ,SUL,Nao informado,entre 50 e 59 anos,Nao se aplica,QRDN,P2B,Pix,"126579,7",882
202411,PF,PF,NORDESTE,NORDESTE,entre 40 e 49 anos,até 19 anos,MANU,P2P,Pix,"116144693,94",1766896
202411,PF,PF,CENTRO-OESTE,NORTE,entre 30 e 39 anos,entre 20 e 29 anos,QRES,P2P,Pix,"1140651,84",20174
202411,PF,PJ,NORTE,SUDESTE,entre 20 e 29 anos,Nao se aplica,QRDN,P2B,Pix,"1272776223,45",22788975
202411,PF,PF,SUDESTE,Nao informado,entre 50 e 59 anos,até 19 anos,DICT,P2P,Pix,"84784,42",314
202411,PF,PF,NORDESTE,Nao informado,entre 50 e 59 anos,entre 20 e 29 anos,Nao disponivel,P2P,Nao disponivel,"30378,2",6
202411,PF,PF,SUDESTE,SUL,entre 50 e 59 anos,até 19 anos,Nao disponivel,P2P,Nao disponivel,"10631,55",306
202411,PJ,PF,SUL,Nao informado,Nao se aplica,entre 20 e 29 anos,DICT,B2P,Pix,"5835046,65",9661
202411,PF,PF,SUDESTE,SUDESTE,entre 50 e 59 anos,entre 20 e 29 anos,MANU,P2P,Pix,"529623553,8",2600750
202411,PF,PF,SUDESTE,CENTRO-OESTE,até 19 anos,mais de 60 anos,Nao disponivel,P2P,Nao disponivel,"28360,23",186
202411,PJ,PF,CENTRO-OESTE,CENTRO-OESTE,Nao se aplica,entre 30 e 39 anos,QRES,G2P,Pix,"235,96",4
202411,PF,PF,Nao informado,NORDESTE,entre 40 e 49 anos,até 19 anos,DICT,P2P,Pix,"217425,2",1274
202411,PJ,PF,SUL,SUL,Nao se aplica,mais de 60 anos,DICT,G2P,Pix,"6353864,36",89736
202411,PF,PJ,SUDESTE,SUL,entre 30 e 39 anos,Nao se aplica,QRES,P2G,Pix,"28883,46",362
202411,PF,PF,Nao informado,NORDESTE,até 19 anos,mais de 60 anos,QRDN,P2P,Pix,"3722,66",50
202411,PJ,PF,CENTRO-OESTE,SUL,Nao se aplica,entre 40 e 49 anos,MANU,B2P,Pix,"35820584,55",7166
202411,PF,PJ,SUDESTE,SUL,entre 20 e 29 anos,Nao se aplica,QRES,P2G,Pix,"23516,56",331
202411,PF,PF,Nao informado,SUL,até 19 anos,até 19 anos,DICT,P2P,Pix,"20725,01",549
202411,PF,PJ,NORDESTE,SUDESTE,entre 40 e 49 anos,Nao se aplica,QRDN,P2B,Pix Troco,"4996,68",14
202411,PF,PF,NORTE,NORTE,entre 50 e 59 anos,entre 30 e 39 anos,INIC,P2P,Pix,"396,6",1
202411,PF,PF,SUDESTE,NORTE,entre 30 e 39 anos,entre 50 e 59 anos,Nao disponivel,P2P,Nao disponivel,"67608,44",298
202411,PJ,PF,SUDESTE,NORTE,Nao se aplica,entre 20 e 29 anos,QRDN,B2P,Pix,"135001,51",1345
202411,PF,PF,NORDESTE,NORTE,entre 20 e 29 anos,entre 50 e 59 anos,QRDN,P2P,Pix,"901879,96",36996
202411,PF,PJ,Nao informado,CENTRO-OESTE,entre 40 e 49 anos,Nao se aplica,QRDN,P2G,Pix,"545836,06",1757
202411,PJ,PF,SUL,SUL,Nao se aplica,entre 50 e 59 anos,QRES,B2P,Pix,"28819871,73",118400
202411,PF,PJ,NORTE,CENTRO-OESTE,entre 30 e 39 anos,Nao se aplica,QRES,P2B,Pix Saque,"646,51",4
202411,PF,PJ,CENTRO-OESTE,SUDESTE,entre 30 e 39 anos,Nao se aplica,QRDN,P2B,Pix Saque,"132181,19",813
202411,PF,PF,NORTE,Nao informado,entre 20 e 29 anos,entre 30 e 39 anos,DICT,P2P,Pix,"2381724,64",15191
202411,PF,PF,NORDESTE,SUDESTE,até 19 anos,entre 20 e 29 anos,DICT,P2P,Pix,"26082039,61",345877
202411,PF,PF,CENTRO-OESTE,NORTE,entre 30 e 39 anos,entre 20 e 29 anos,MANU,P2P,Pix,"9313377,42",50656
202411,PF,PF,SUL,NORDESTE,até 19 anos,até 19 anos,Nao disponivel,P2P,Nao disponivel,"17962,7",1829
202411,PF,PF,CENTRO-OESTE,NORTE,entre 20 e 29 anos,até 19 anos,QRDN,P2P,Pix,"53601,92",1874
202411,PF,PF,NORTE,SUL,até 19 anos,mais de 60 anos,Nao disponivel,P2P,Nao disponivel,"12881,14",24
202411,PJ,PF,NORTE,SUDESTE,Nao se aplica,entre 40 e 49 anos,QRDN,B2P,Pix,"334156,7",2161
202411,PF,PF,NORTE,SUDESTE,entre 30 e 39 anos,entre 30 e 39 anos,QRES,P2P,Pix,"3506307,77",44217
202411,PF,PJ,NORDESTE,SUDESTE,entre 40 e 49 anos,Nao se aplica,QRDN,P2B,Pix,2725217683,41810862
202411,PF,PF,SUDESTE,SUL,entre 40 e 49 anos,entre 30 e 39 anos,MANU,P2P,Pix,"17049546,62",59074
202411,PF,PF,CENTRO-OESTE,NORDESTE,entre 30 e 39 anos,Nao informado,DICT,P2P,Pix,95,2
202411,PF,PF,Nao informado,NORTE,Nao informado,entre 40 e 49 anos,DICT,P2P,Pix,"1623,5",34
202411,PF,PF,NORTE,NORDESTE,entre 30 e 39 anos,entre 30 e 39 anos,INIC,P2P,Pix,499,1
202411,PF,PJ,SUDESTE,NORTE,entre 40 e 49 anos,Nao se aplica,QRDN,P2B,Pix Saque,"13399,02",108
202411,PJ,PF,Nao informado,NORDESTE,Nao se aplica,entre 40 e 49 anos,QRES,B2P,Pix,"18684,11",99
202411,PF,PF,SUL,SUDESTE,entre 40 e 49 anos,entre 40 e 49 anos,DICT,P2P,Pix,"130043988,9",327622
202411,PF,PF,Nao informado,NORTE,mais de 60 anos,entre 40 e 49 anos,MANU,P2P,Pix,63239,125
202411,PF,PF,Nao informado,NORDESTE,entre 50 e 59 anos,entre 30 e 39 anos,MANU,P2P,Pix,"228262,5",881
202411,PF,PJ,SUDESTE,SUL,entre 50 e 59 anos,Nao se aplica,QRDN,P2B,Pix Troco,"1191,93",8
202411,PJ,PF,NORTE,Nao informado,Nao se aplica,entre 50 e 59 anos,MANU,B2P,Pix,39491,36
202411,PF,PF,SUDESTE,NORTE,entre 40 e 49 anos,até 19 anos,QRES,P2P,Pix,"102852,93",2995
202411,PJ,PF,SUDESTE,NORTE,Nao se aplica,mais de 60 anos,DICT,B2P,Pix,"84336890,65",322396
202411,PJ,PF,CENTRO-OESTE,NORTE,Nao se aplica,entre 20 e 29 anos,DICT,B2P,Pix,"145539005,11",223540
202411,PF,PF,Nao informado,SUL,entre 30 e 39 anos,entre 30 e 39 anos,DICT,P2P,Pix,"5434522,13",11309
202411,PF,PJ,SUDESTE,SUL,entre 40 e 49 anos,Nao se aplica,QRDN,P2B,Pix Saque,"1450071,41",7782
202411,PF,PJ,CENTRO-OESTE,SUDESTE,entre 50 e 59 anos,Nao se aplica,INIC,P2B,Pix,"3531,11",267
202411,PF,PF,NORDESTE,Nao informado,entre 30 e 39 anos,entre 30 e 39 anos,MANU,P2P,Pix,"1003000,98",8035
202411,PF,PF,Nao informado,NORDESTE,entre 20 e 29 anos,entre 20 e 29 anos,Nao disponivel,P2P,Nao disponivel,"8800,51",54
202411,PF,PF,CENTRO-OESTE,SUDESTE,entre 40 e 49 anos,entre 20 e 29 anos,MANU,P2P,Pix,"5878572,95",40639
202411,PF,PF,NORTE,SUDESTE,entre 20 e 29 anos,entre 20 e 29 anos,INIC,P2P,Pix,287,5
202411,PF,PF,NORTE,CENTRO-OESTE,entre 30 e 39 anos,entre 20 e 29 anos,MANU,P2P,Pix,"6746546,93",46717
202411,PJ,PF,NORDESTE,SUL,Nao se aplica,entre 40 e 49 anos,MANU,B2P,Pix,"16682739,71",50344
202411,PF,PF,NORDESTE,NORDESTE,entre 20 e 29 anos,até 19 anos,MANU,P2P,Pix,"106409402,05",1743482
202411,PJ,PF,NORDESTE,SUL,Nao se aplica,entre 30 e 39 anos,QRES,B2P,Pix,"825096,13",2582
202411,PF,PF,Nao informado,CENTRO-OESTE,entre 20 e 29 anos,entre 50 e 59 anos,QRDN,P2P,Pix,"7258,82",310
202411,PF,PF,SUDESTE,Nao informado,até 19 anos,até 19 anos,DICT,P2P,Pix,"23978,22",511
202411,PF,PJ,NORDESTE,NORDESTE,entre 50 e 59 anos,Nao se aplica,QRES,P2B,Pix Saque,"19358,91",132
202411,PF,PJ,CENTRO-OESTE,Nao informado,entre 40 e 49 anos,Nao se aplica,QRDN,P2B,Pix,"150735,04",627
202411,PJ,PF,CENTRO-OESTE,CENTRO-OESTE,Nao se aplica,entre 40 e 49 anos,DICT,G2P,Pix,"17718425,39",6919
202411,PF,PF,SUDESTE,SUL,entre 40 e 49 anos,até 19 anos,MANU,P2P,Pix,"1540811,6",13562
202411,PF,PJ,SUL,SUL,até 19 anos,Nao se aplica,QRDN,P2G,Pix,"3262559,36",15037
202411,PF,PF,CENTRO-OESTE,Nao informado,entre 50 e 59 anos,entre 50 e 59 anos,MANU,P2P,Pix,"107452,53",228
202411,PF,PF,NORDESTE,NORDESTE,mais de 60 anos,Nao informado,DICT,P2P,Pix,"2086,8",46
202411,PF,PF,SUDESTE,SUDESTE,entre 20 e 29 anos,entre 20 e 29 anos,INIC,P2P,Pix,"17666506,71",31161
202411,PF,PF,NORDESTE,SUDESTE,entre 40 e 49 anos,entre 50 e 59 anos,QRDN,P2P,Pix,"2659265,6",86579
202411,PF,PF,SUDESTE,SUL,entre 30 e 39 anos,entre 30 e 39 anos,QRDN,P2P,Pix,"1322674,22",35423
202411,PF,PF,Nao informado,SUDESTE,entre 20 e 29 anos,entre 40 e 49 anos,QRES,P2P,Pix,"59880,46",1308
202411,PJ,PF,NORTE,NORTE,Nao se aplica,até 19 anos,MANU,G2P,Pix,"51063,34",41
202411,PF,PF,NORTE,Nao informado,entre 50 e 59 anos,entre 40 e 49 anos,MANU,P2P,Pix,"166757,52",1244
202411,PF,PJ,NORTE,NORDESTE,entre 20 e 29 anos,Nao se aplica,QRDN,P2B,Pix Saque,"486137,83",2344
202411,PF,PF,CENTRO-OESTE,SUL,entre 20 e 29 anos,entre 40 e 49 anos,Nao disponivel,P2P,Nao disponivel,"80339,54",397
202411,PF,PF,NORDESTE,SUL,entre 30 e 39 anos,entre 30 e 39 anos,Nao disponivel,P2P,Nao disponivel,"189063,52",902
202411,PJ,PF,CENTRO-OESTE,CENTRO-OESTE,Nao se aplica,mais de 60 anos,DICT,G2P,Pix,"17186583,65",2388
202411,PF,PF,NORDESTE,NORDESTE,entre 50 e 59 anos,entre 40 e 49 anos,INIC,P2P,Pix,4438,4
202411,PF,PF,Nao informado,NORDESTE,entre 30 e 39 anos,até 19 anos,MANU,P2P,Pix,"23486,93",270
202411,PF,PF,NORDESTE,SUDESTE,entre 50 e 59 anos,entre 30 e 39 anos,MANU,P2P,Pix,"16488020,76",99881
202411,PF,PF,NORDESTE,NORDESTE,entre 40 e 49 anos,entre 30 e 39 anos,MANU,P2P,Pix,"693346680,68",4606051
202411,PF,PF,CENTRO-OESTE,SUDESTE,entre 20 e 29 anos,mais de 60 anos,QRDN,P2P,Pix,"344510,74",11572
202411,PF,PF,CENTRO-OESTE,SUDESTE,entre 40 e 49 anos,Nao informado,INIC,P2P,Pix,"2430,21",5
202411,PJ,PF,SUL,CENTRO-OESTE,Nao se aplica,até 19 anos,QRDN,B2P,Pix,"14467,05",115
202411,PJ,PF,SUDESTE,SUL,Nao se aplica,entre 50 e 59 anos,DICT,B2P,Pix,"512191652,84",1886639
202411,PF,PF,NORDESTE,SUL,entre 30 e 39 anos,entre 20 e 29 anos,QRDN,P2P,Pix,"477347,62",17168
202411,PJ,PJ,CENTRO-OESTE,CENTRO-OESTE,Nao se aplica,Nao se aplica,QRDN,G2B,Pix,"13691305,45",603
202411,PF,PF,Nao informado,NORTE,entre 30 e 39 anos,entre 20 e 29 anos,Nao disponivel,P2P,Nao disponivel,"4400,2",27
202411,PF,PF,SUL,SUL,até 19 anos,entre 40 e 49 anos,QRES,P2P,Pix,"8974794,72",309536
202411,PF,PF,Nao informado,SUDESTE,até 19 anos,entre 20 e 29 anos,QRDN,P2P,Pix,"958,53",40
202411,PF,PF,Nao informado,Nao informado,mais de 60 anos,entre 40 e 49 anos,DICT,P2P,Pix,"310823,58",706
202411,PF,PF,SUL,Nao informado,entre 40 e 49 anos,entre 20 e 29 anos,MANU,P2P,Pix,"211613,75",1063
202411,PF,PF,NORTE,Nao informado,entre 50 e 59 anos,mais de 60 anos,MANU,P2P,Pix,"22013,32",133
202411,PF,PJ,SUDESTE,NORDESTE,entre 30 e 39 anos,Nao se aplica,Nao disponivel,P2B,Nao disponivel,"937282,07",1190
202411,PF,PF,CENTRO-OESTE,NORDESTE,entre 40 e 49 anos,entre 20 e 29 anos,Nao disponivel,P2P,Nao disponivel,"70130,16",781
202411,PF,PJ,Nao informado,SUDESTE,até 19 anos,Nao se aplica,QRES,P2B,Pix,"73961,48",861
202411,PF,PJ,SUDESTE,NORDESTE,entre 20 e 29 anos,Nao se aplica,Nao disponivel,P2B,Nao disponivel,"976900,8",1569
202411,PF,PF,NORDESTE,Nao informado,entre 50 e 59 anos,mais de 60 anos,DICT,P2P,Pix,"519434,18",733
202411,PJ,PJ,CENTRO-OESTE,NORTE,Nao se aplica,Nao se aplica,MANU,G2G,Pix,"13334,16",8
202411,PJ,PF,CENTRO-OESTE,CENTRO-OESTE,Nao se aplica,entre 20 e 29 anos,DICT,G2P,Pix,"6807186,42",4815
202411,PF,PF,Nao informado,CENTRO-OESTE,mais de 60 anos,entre 40 e 49 anos,Nao disponivel,P2P,Nao disponivel,2540,2
202411,PF,PF,Nao informado,NORDESTE,entre 30 e 39 anos,entre 30 e 39 anos,QRES,P2P,Pix,"148329,53",2234
202411,PF,PF,CENTRO-OESTE,CENTRO-OESTE,entre 20 e 29 anos,entre 40 e 49 anos,QRDN,P2P,Pix,"21785966,75",774586
202411,PF,PF,NORTE,NORDESTE,entre 20 e 29 anos,entre 40 e 49 anos,QRDN,P2P,Pix,"1603158,55",60754
202411,PF,PF,NORTE,NORTE,entre 50 e 59 anos,entre 50 e 59 anos,Nao disponivel,P2P,Nao disponivel,"1642945,12",4116
202411,PF,PF,SUDESTE,SUL,mais de 60 anos,entre 20 e 29 anos,QRDN,P2P,Pix,"201983,24",2958
202411,PJ,PF,Nao informado,NORTE,Nao se aplica,até 19 anos,QRES,B2P,Pix,285,4
202411,PF,PF,SUL,CENTRO-OESTE,mais de 60 anos,até 19 anos,DICT,P2P,Pix,"2094615,91",5565
202411,PF,PF,NORDESTE,SUDESTE,entre 50 e 59 anos,entre 30 e 39 anos,Nao disponivel,P2P,Nao disponivel,"253690,65",776
202411,PF,PF,SUL,NORTE,entre 40 e 49 anos,entre 40 e 49 anos,QRDN,P2P,Pix,"182710,04",5091
202411,PJ,PJ,SUL,SUL,Nao se aplica,Nao se aplica,Nao disponivel,B2G,Nao disponivel,"243053,14",32
202411,PF,PJ,NORDESTE,SUDESTE,entre 50 e 59 anos,Nao se aplica,QRES,P2B,Pix,"260192767,56",1708208
202411,PF,PJ,SUL,NORTE,entre 30 e 39 anos,Nao se aplica,QRES,P2B,Pix,"2531123,17",15726
202411,PF,PJ,SUL,NORTE,entre 40 e 49 anos,Nao se aplica,MANU,P2B,Pix,"2584843,72",2979
202411,PJ,PF,SUDESTE,SUL,Nao se aplica,entre 20 e 29 anos,Nao disponivel,B2P,Nao disponivel,"39970391,77",486355
202411,PF,PF,NORDESTE,CENTRO-OESTE,até 19 anos,entre 20 e 29 anos,DICT,P2P,Pix,"8010503,58",99116
202411,PF,PF,SUDESTE,SUDESTE,entre 50 e 59 anos,entre 20 e 29 anos,QRES,P2P,Pix,"49153713,01",558312
202411,PF,PJ,NORTE,NORTE,mais de 60 anos,Nao se aplica,MANU,P2G,Pix,"13968,73",39
202411,PF,PF,Nao informado,SUL,entre 40 e 49 anos,entre 50 e 59 anos,Nao disponivel,P2P,Nao disponivel,"1630,01",6
202411,PF,PF,SUL,NORDESTE,entre 50 e 59 anos,até 19 anos,DICT,P2P,Pix,"1888304,94",14088
202411,PF,PF,NORDESTE,NORDESTE,entre 50 e 59 anos,entre 30 e 39 anos,Nao disponivel,P2P,Nao disponivel,"3039839,36",13106
202411,PF,PF,NORDESTE,NORTE,entre 50 e 59 anos,até 19 anos,QRDN,P2P,Pix,"19672,58",560
202411,PJ,PF,CENTRO-OESTE,NORDESTE,Nao se aplica,entre 50 e 59 anos,QRDN,B2P,Pix,"88892,54",1683
202411,PF,PJ,NORDESTE,NORDESTE,entre 40 e 49 anos,Nao se aplica,QRDN,P2G,Pix,"72679914,01",198293
202411,PF,PF,NORDESTE,NORDESTE,mais de 60 anos,mais de 60 anos,Nao disponivel,P2P,Nao disponivel,"3100543,24",5454
202411,PF,PJ,NORDESTE,Nao informado,entre 20 e 29 anos,Nao se aplica,QRDN,P2G,Pix,"22,86",1
202411,PJ,PJ,NORDESTE,CENTRO-OESTE,Nao se aplica,Nao se aplica,MANU,B2G,Pix,"224200,23",10
202411,PF,PF,SUL,SUDESTE,até 19 anos,mais de 60 anos,MANU,P2P,Pix,"315553,45",2115
202411,PF,PF,SUL,SUL,até 19 anos,entre 20 e 29 anos,QRDN,P2P,Pix,"3127472,36",124863
202411,PF,PF,NORTE,NORTE,até 19 anos,mais de 60 anos,Nao disponivel,P2P,Nao disponivel,"184157,63",1495
202411,PF,PF,SUL,Nao informado,entre 20 e 29 anos,Nao informado,DICT,P2P,Pix,"316,11",10
202411,PJ,PF,Nao informado,SUDESTE,Nao se aplica,entre 50 e 59 anos,Nao disponivel,B2P,Nao disponivel,"31186,08",7
202411,PF,PJ,CENTRO-OESTE,SUDESTE,entre 40 e 49 anos,Nao se aplica,QRDN,P2G,Pix,"1208680,14",1900
202411,PJ,PJ,NORDESTE,CENTRO-OESTE,Nao se aplica,Nao se aplica,MANU,G2G,Pix,"12541,33",2
202411,PF,PF,NORTE,CENTRO-OESTE,entre 40 e 49 anos,mais de 60 anos,QRDN,P2P,Pix,"284164,99",8440
202411,PF,PJ,SUDESTE,Nao informado,até 19 anos,Nao se aplica,MANU,P2B,Pix,"1100,5",3
202411,PF,PJ,SUDESTE,SUDESTE,até 19 anos,Nao se aplica,QRDN,P2B,Pix Troco,"18001,17",51
202411,PF,PF,SUL,SUL,entre 40 e 49 anos,entre 40 e 49 anos,QRES,P2P,Pix,"214820160,19",776918
202411,PF,PF,NORTE,SUDESTE,até 19 anos,Nao informado,QRES,P2P,Pix,"33084,34",53
202411,PF,PF,NORTE,NORTE,entre 30 e 39 anos,entre 40 e 49 anos,Nao disponivel,P2P,Nao disponivel,"2773501,86",14147
202411,PF,PF,SUL,CENTRO-OESTE,entre 20 e 29 anos,entre 50 e 59 anos,MANU,P2P,Pix,"1650028,69",5835
202411,PF,PF,Nao informado,NORDESTE,até 19 anos,até 19 anos,MANU,P2P,Pix,"3695,96",199
202411,PF,PF,Nao informado,Nao informado,Nao informado,Nao informado,QRES,P2P,Pix,11,2
202411,PJ,PF,CENTRO-OESTE,CENTRO-OESTE,Nao se aplica,entre 40 e 49 anos,DICT,B2P,Pix,"4484284164,49",3323640
202411,PJ,PF,NORTE,NORDESTE,Nao se aplica,entre 20 e 29 anos,Nao disponivel,B2P,Nao disponivel,"161039,95",1301
202411,PF,PJ,SUDESTE,SUDESTE,entre 20 e 29 anos,Nao se aplica,INIC,P2B,Pix,"50621,48",1536
202411,PF,PF,NORTE,NORTE,entre 40 e 49 anos,entre 50 e 59 anos,QRDN,P2P,Pix,"17915320,98",613979
202411,PF,PF,NORDESTE,SUDESTE,entre 40 e 49 anos,entre 40 e 49 anos,MANU,P2P,Pix,"53338983,69",269254
202411,PJ,PF,NORDESTE,NORDESTE,Nao se aplica,entre 20 e 29 anos,MANU,G2P,Pix,"5365982,8",2467
202411,PF,PF,SUL,CENTRO-OESTE,entre 20 e 29 anos,entre 20 e 29 anos,QRDN,P2P,Pix,"327454,44",7631
202411,PF,PF,NORDESTE,NORTE,entre 20 e 29 anos,entre 30 e 39 anos,Nao disponivel,P2P,Nao disponivel,"212298,78",1489
202411,PF,PF,NORDESTE,SUDESTE,entre 20 e 29 anos,entre 20 e 29 anos,INIC,P2P,Pix,3,1
202411,PF,PF,SUL,NORDESTE,entre 40 e 49 anos,entre 50 e 59 anos,Nao disponivel,P2P,Nao disponivel,"22990,87",92
202411,PF,PF,SUL,CENTRO-OESTE,entre 40 e 49 anos,entre 50 e 59 anos,MANU,P2P,Pix,"3089090,07",6189
202411,PF,PJ,Nao informado,CENTRO-OESTE,entre 40 e 49 anos,Nao se aplica,Nao disponivel,P2B,Nao disponivel,"2824,3",5
202411,PF,PF,NORDESTE,NORTE,entre 20 e 29 anos,entre 20 e 29 anos,MANU,P2P,Pix,"11525806,17",113230
202411,PF,PF,SUDESTE,CENTRO-OESTE,entre 50 e 59 anos,entre 30 e 39 anos,QRDN,P2P,Pix,"443937,85",10262
202411,PF,PF,Nao informado,NORTE,entre 20 e 29 anos,mais de 60 anos,QRES,P2P,Pix,"9546,2",244
202411,PF,PJ,NORTE,CENTRO-OESTE,entre 30 e 39 anos,Nao se aplica,INIC,P2B,Pix,"14859,47",48
202411,PF,PF,SUL,CENTRO-OESTE,entre 50 e 59 anos,entre 30 e 39 anos,DICT,P2P,Pix,"23998600,67",50278
202411,PF,PF,CENTRO-OESTE,NORTE,entre 50 e 59 anos,entre 30 e 39 anos,Nao disponivel,P2P,Nao disponivel,"39767,21",140
202411,PF,PJ,NORDESTE,CENTRO-OESTE,entre 50 e 59 anos,Nao se aplica,MANU,P2B,Pix,"5536698,54",8149
202411,PJ,PF,SUDESTE,SUDESTE,Nao se aplica,entre 20 e 29 anos,Nao disponivel,G2P,Nao disponivel,"139138,42",527
202411,PF,PF,CENTRO-OESTE,CENTRO-OESTE,entre 30 e 39 anos,entre 40 e 49 anos,DICT,P2P,Pix,"1770701705,35",5189915
202411,PF,PF,NORDESTE,NORTE,entre 40 e 49 anos,entre 50 e 59 anos,QRDN,P2P,Pix,"619744,29",20095
202411,PF,PF,NORDESTE,NORDESTE,mais de 60 anos,entre 20 e 29 anos,INIC,P2P,Pix,580,2
202411,PF,PF,NORDESTE,CENTRO-OESTE,entre 20 e 29 anos,Nao informado,DICT,P2P,Pix,80,1
202411,PF,PJ,SUDESTE,Nao informado,entre 50 e 59 anos,Nao se aplica,Nao disponivel,P2B,Nao disponivel,350,1
202411,PF,PJ,SUL,Nao informado,entre 40 e 49 anos,Nao se aplica,Nao disponivel,P2B,Nao disponivel,"2412,5",5
202411,PJ,PJ,CENTRO-OESTE,NORTE,Nao se aplica,Nao se aplica,DICT,G2B,Pix,"27236674,89",1426
202411,PF,PJ,NORDESTE,SUL,entre 30 e 39 anos,Nao se aplica,QRDN,P2B,Pix,"707468056,2",8942312
202411,PF,PF,NORTE,CENTRO-OESTE,entre 50 e 59 anos,mais de 60 anos,QRDN,P2P,Pix,"114682,86",2726
202411,PJ,PF,CENTRO-OESTE,NORDESTE,Nao se aplica,até 19 anos,DICT,B2P,Pix,"19328426,47",76946
202411,PF,PF,Nao informado,SUL,entre 40 e 49 anos,entre 30 e 39 anos,DICT,P2P,Pix,"3297716,34",6288
202411,PJ,PJ,SUDESTE,NORTE,Nao se aplica,Nao se aplica,MANU,B2B,Pix,"2696171472,58",419334
202411,PJ,PF,NORDESTE,NORDESTE,Nao se aplica,até 19 anos,MANU,B2P,Pix,"36442936,24",134275
202411,PF,PF,SUL,Nao informado,mais de 60 anos,entre 20 e 29 anos,QRDN,P2P,Pix,"1185,6",17
202411,PF,PF,NORTE,NORTE,Nao informado,entre 50 e 59 anos,DICT,P2P,Pix,"895,5",16
202411,PF,PF,SUL,SUDESTE,entre 40 e 49 anos,entre 40 e 49 anos,Nao disponivel,P2P,Nao disponivel,"316305,76",874
202411,PF,PF,SUL,CENTRO-OESTE,até 19 anos,entre 40 e 49 anos,MANU,P2P,Pix,"389457,5",2339
202411,PJ,PF,Nao informado,CENTRO-OESTE,Nao se aplica,entre 40 e 49 anos,Nao disponivel,B2P,Nao disponivel,"4176,24",6
202411,PJ,PF,CENTRO-OESTE,NORTE,Nao se aplica,até 19 anos,QRDN,B2P,Pix,"9709,88",159
202411,PJ,PF,NORDESTE,NORDESTE,Nao se aplica,entre 30 e 39 anos,QRES,B2P,Pix,"98809190,29",438383
202411,PF,PJ,NORDESTE,SUDESTE,entre 50 e 59 anos,Nao se aplica,QRDN,P2B,Pix Troco,"2448,47",8
202411,PF,PJ,Nao informado,SUDESTE,entre 20 e 29 anos,Nao se aplica,MANU,P2G,Pix,"751,11",1
202411,PF,PJ,NORTE,CENTRO-OESTE,entre 30 e 39 anos,Nao se aplica,Nao disponivel,P2B,Nao disponivel,"430722,19",345
202411,PF,PF,Nao informado,CENTRO-OESTE,entre 50 e 59 anos,mais de 60 anos,QRDN,P2P,Pix,"5461,36",56
202411,PF,PF,SUDESTE,Nao informado,até 19 anos,entre 40 e 49 anos,Nao disponivel,P2P,Nao disponivel,"198,81",8
202411,PF,PF,CENTRO-OESTE,NORDESTE,entre 50 e 59 anos,entre 40 e 49 anos,Nao disponivel,P2P,Nao disponivel,"52070,22",204
202411,PF,PF,NORTE,Nao informado,mais de 60 anos,entre 20 e 29 anos,QRDN,P2P,Pix,177,9
202411,PF,PF,CENTRO-OESTE,NORDESTE,entre 50 e 59 anos,mais de 60 anos,DICT,P2P,Pix,"13722278,38",34108
202411,PF,PF,SUDESTE,NORTE,entre 50 e 59 anos,entre 40 e 49 anos,Nao disponivel,P2P,Nao disponivel,"29231,81",183
202411,PF,PJ,SUL,NORDESTE,até 19 anos,Nao se aplica,QRDN,P2B,Pix,"37956143,37",1074538
202411,PF,PF,Nao informado,Nao informado,entre 30 e 39 anos,mais de 60 anos,Nao disponivel,P2P,Nao disponivel,1,1
202411,PF,PF,CENTRO-OESTE,NORTE,entre 40 e 49 anos,entre 40 e 49 anos,Nao disponivel,P2P,Nao disponivel,"83745,08",343
202411,PJ,PF,NORTE,SUL,Nao se aplica,até 19 anos,QRES,B2P,Pix,"4054,07",64
202411,PF,PF,Nao informado,NORTE,entre 30 e 39 anos,entre 30 e 39 anos,QRDN,P2P,Pix,"47665,9",1097
202411,PF,PF,NORDESTE,NORTE,entre 50 e 59 anos,mais de 60 anos,QRDN,P2P,Pix,"97093,85",2810
202411,PF,PJ,SUDESTE,NORTE,até 19 anos,Nao se aplica,QRES,P2G,Pix,"194,08",1
202411,PF,PF,NORTE,Nao informado,entre 40 e 49 anos,entre 50 e 59 anos,QRDN,P2P,Pix,4472,187
202411,PF,PF,SUL,CENTRO-OESTE,entre 50 e 59 anos,mais de 60 anos,MANU,P2P,Pix,"3241553,46",2395
202411,PF,PF,SUL,CENTRO-OESTE,entre 40 e 49 anos,mais de 60 anos,QRES,P2P,Pix,"190603,8",3312
202411,PF,PJ,CENTRO-OESTE,Nao informado,entre 30 e 39 anos,Nao se aplica,MANU,P2B,Pix,"126749,66",7
202411,PF,PF,Nao informado,SUDESTE,Nao informado,entre 30 e 39 anos,DICT,P2P,Pix,"11589,74",113
202411,PF,PF,CENTRO-OESTE,NORTE,mais de 60 anos,entre 20 e 29 anos,Nao disponivel,P2P,Nao disponivel,"4993,5",71
202411,PF,PF,SUDESTE,NORDESTE,entre 40 e 49 anos,entre 50 e 59 anos,QRDN,P2P,Pix,"2383462,76",76058
202411,PF,PF,CENTRO-OESTE,SUDESTE,entre 30 e 39 anos,entre 50 e 59 anos,MANU,P2P,Pix,"9214011,32",27391
202411,PJ,PF,CENTRO-OESTE,SUL,Nao se aplica,entre 50 e 59 anos,MANU,G2P,Pix,"9926140,66",4533
202411,PF,PF,Nao informado,NORTE,entre 50 e 59 anos,entre 30 e 39 anos,Nao disponivel,P2P,Nao disponivel,113,7
202411,PJ,PF,NORDESTE,SUL,Nao se aplica,entre 40 e 49 anos,Nao disponivel,B2P,Nao disponivel,"459051,04",8088
202411,PF,PF,NORDESTE,NORDESTE,entre 30 e 39 anos,entre 40 e 49 anos,MANU,P2P,Pix,"826204559,74",5284570
202411,PF,PJ,CENTRO-OESTE,SUDESTE,entre 50 e 59 anos,Nao se aplica,QRES,P2G,Pix,"36427,87",211
202411,PF,PF,NORTE,NORDESTE,mais de 60 anos,até 19 anos,Nao disponivel,P2P,Nao disponivel,"6165,37",79
202411,PF,PF,Nao informado,NORDESTE,até 19 anos,entre 40 e 49 anos,QRDN,P2P,Pix,"8201,84",413
202411,PF,PF,CENTRO-OESTE,CENTRO-OESTE,entre 20 e 29 anos,até 19 anos,QRES,P2P,Pix,"3035091,85",65983
202411,PF,PF,NORDESTE,SUL,mais de 60 anos,entre 40 e 49 anos,MANU,P2P,Pix,"1520932,82",3279
202411,PF,PF,NORDESTE,NORDESTE,entre 30 e 39 anos,entre 20 e 29 anos,QRDN,P2P,Pix,"84341622,91",2608252
202411,PF,PJ,NORTE,CENTRO-OESTE,entre 30 e 39 anos,Nao se aplica,MANU,P2B,Pix,"11154010,24",29191
202411,PJ,PF,CENTRO-OESTE,SUL,Nao se aplica,até 19 anos,QRES,B2P,Pix,"33171,92",176
202411,PJ,PF,SUDESTE,SUL,Nao se aplica,até 19 anos,DICT,B2P,Pix,"106234183,66",860743
202411,PJ,PJ,Nao informado,Nao informado,Nao se aplica,Nao se aplica,QRDN,B2B,Pix,"5690,79",61
202411,PF,PF,SUDESTE,NORTE,mais de 60 anos,entre 40 e 49 anos,DICT,P2P,Pix,"33098210,94",52385
202411,PF,PF,Nao informado,SUDESTE,entre 30 e 39 anos,mais de 60 anos,DICT,P2P,Pix,"6253106,26",5658
202411,PF,PF,CENTRO-OESTE,SUL,entre 20 e 29 anos,entre 20 e 29 anos,QRES,P2P,Pix,"657355,96",14099
202411,PJ,PF,NORTE,SUDESTE,Nao se aplica,entre 50 e 59 anos,DICT,B2P,Pix,"97059002,58",228870
202411,PF,PF,NORTE,NORTE,entre 50 e 59 anos,entre 30 e 39 anos,QRDN,P2P,Pix,"12803434,13",370869
202411,PJ,PJ,Nao informado,SUL,Nao se aplica,Nao se aplica,DICT,G2B,Pix,3188,1
202411,PF,PF,SUDESTE,SUL,entre 30 e 39 anos,entre 50 e 59 anos,DICT,P2P,Pix,"56977916,65",157528
202411,PF,PF,NORTE,SUDESTE,entre 50 e 59 anos,mais de 60 anos,DICT,P2P,Pix,"15602097,6",26720
202411,PF,PF,SUL,CENTRO-OESTE,entre 40 e 49 anos,até 19 anos,MANU,P2P,Pix,"397871,55",3297
202411,PJ,PF,CENTRO-OESTE,NORDESTE,Nao se aplica,entre 20 e 29 anos,DICT,G2P,Pix,"1398623,38",1522
202411,PF,PJ,CENTRO-OESTE,NORDESTE,até 19 anos,Nao se aplica,DICT,P2G,Pix,"286,51",3
202411,PF,PJ,NORDESTE,NORDESTE,até 19 anos,Nao se aplica,QRES,P2G,Pix,"33070,51",1012
202411,PF,PF,SUDESTE,Nao informado,até 19 anos,entre 30 e 39 anos,DICT,P2P,Pix,"164758,64",1016
202411,PF,PF,Nao informado,SUDESTE,mais de 60 anos,mais de 60 anos,MANU,P2P,Pix,"2054993,76",1168
202411,PF,PF,NORTE,SUDESTE,até 19 anos,até 19 anos,Nao disponivel,P2P,Nao disponivel,"35038,42",2287
202411,PF,PF,SUDESTE,CENTRO-OESTE,entre 20 e 29 anos,entre 50 e 59 anos,Nao disponivel,P2P,Nao disponivel,"168273,27",496
202411,PF,PF,SUL,NORTE,até 19 anos,entre 50 e 59 anos,MANU,P2P,Pix,"135164,24",1273
202411,PF,PF,Nao informado,SUL,entre 40 e 49 anos,mais de 60 anos,QRDN,P2P,Pix,"6456,77",141
202411,PF,PF,SUDESTE,CENTRO-OESTE,mais de 60 anos,entre 30 e 39 anos,Nao disponivel,P2P,Nao disponivel,"78166,27",150
202411,PF,PF,Nao informado,SUDESTE,entre 50 e 59 anos,entre 30 e 39 anos,QRDN,P2P,Pix,"148092,09",269
202411,PJ,PJ,SUL,NORTE,Nao se aplica,Nao se aplica,MANU,G2G,Pix,"222072,3",6
202411,PF,PF,Nao informado,SUDESTE,entre 50 e 59 anos,mais de 60 anos,QRDN,P2P,Pix,"9443,16",139
202411,PF,PF,SUL,NORDESTE,entre 50 e 59 anos,entre 30 e 39 anos,Nao disponivel,P2P,Nao disponivel,"19312,49",135
202411,PF,PJ,SUL,CENTRO-OESTE,entre 20 e 29 anos,Nao se aplica,MANU,P2G,Pix,"63,5",1
202411,PF,PF,NORDESTE,Nao informado,até 19 anos,até 19 anos,Nao disponivel,P2P,Nao disponivel,"245,32",19
202411,PF,PF,Nao informado,NORTE,entre 50 e 59 anos,entre 40 e 49 anos,QRES,P2P,Pix,"9131,85",278
202411,PF,PF,Nao informado,NORTE,entre 40 e 49 anos,até 19 anos,QRES,P2P,Pix,"2473,69",44
202411,PJ,PF,NORDESTE,SUDESTE,Nao se aplica,entre 20 e 29 anos,MANU,B2P,Pix,"35787924,86",193941
202411,PF,PF,Nao informado,SUDESTE,mais de 60 anos,entre 30 e 39 anos,Nao disponivel,P2P,Nao disponivel,"9360,66",12
202411,PF,PF,NORDESTE,Nao informado,mais de 60 anos,entre 20 e 29 anos,Nao disponivel,P2P,Nao disponivel,40,1
202411,PF,PF,SUDESTE,SUDESTE,entre 30 e 39 anos,Nao informado,INIC,P2P,Pix,"3724,99",18
202411,PF,PF,CENTRO-OESTE,NORDESTE,entre 50 e 59 anos,entre 20 e 29 anos,QRDN,P2P,Pix,"402096,02",10837
202411,PF,PF,NORDESTE,SUL,entre 30 e 39 anos,entre 30 e 39 anos,QRDN,P2P,Pix,"785446,34",24525
202411,PF,PJ,NORTE,SUDESTE,até 19 anos,Nao se aplica,QRES,P2G,Pix,"1145,09",18
202411,PF,PF,Nao informado,SUL,mais de 60 anos,até 19 anos,QRES,P2P,Pix,193,5
202411,PF,PF,SUDESTE,NORDESTE,entre 50 e 59 anos,entre 30 e 39 anos,QRDN,P2P,Pix,"2451374,37",66107
202411,PF,PJ,CENTRO-OESTE,NORDESTE,até 19 anos,Nao se aplica,QRES,P2B,Pix,"979476,98",26514
202411,PF,PF,Nao informado,Nao informado,entre 20 e 29 anos,entre 30 e 39 anos,DICT,P2P,Pix,"1499412,15",6310
202411,PJ,PF,CENTRO-OESTE,NORTE,Nao se aplica,entre 20 e 29 anos,Nao disponivel,B2P,Nao disponivel,"291764,35",2409
202411,PF,PF,NORDESTE,NORDESTE,Nao informado,entre 50 e 59 anos,MANU,P2P,Pix,"605,5",10
202411,PF,PF,CENTRO-OESTE,SUL,até 19 anos,mais de 60 anos,QRES,P2P,Pix,"31889,89",1453
202411,PF,PJ,SUL,SUL,entre 50 e 59 anos,Nao se aplica,QRDN,P2G,Pix,"66742979,11",143261
202411,PF,PF,Nao informado,NORDESTE,mais de 60 anos,mais de 60 anos,MANU,P2P,Pix,"565185,97",304
202411,PF,PF,Nao informado,CENTRO-OESTE,entre 30 e 39 anos,até 19 anos,QRES,P2P,Pix,"622,09",23
202411,PF,PF,SUDESTE,NORTE,entre 20 e 29 anos,entre 40 e 49 anos,Nao disponivel,P2P,Nao disponivel,"110607,9",629
202411,PF,PF,SUL,NORDESTE,entre 30 e 39 anos,Nao informado,DICT,P2P,Pix,80,1
202411,PF,PF,SUL,NORDESTE,entre 40 e 49 anos,até 19 anos,QRES,P2P,Pix,"156833,06",2265
202411,PF,PF,SUL,SUL,até 19 anos,entre 20 e 29 anos,MANU,P2P,Pix,"38520616,73",464326
202411,PJ,PJ,SUL,SUL,Nao se aplica,Nao se aplica,QRES,B2B,Pix Saque,"14100,01",54
202411,PF,PF,Nao informado,Nao informado,mais de 60 anos,entre 20 e 29 anos,QRES,P2P,Pix,4437,16
202411,PF,PF,SUL,Nao informado,mais de 60 anos,entre 50 e 59 anos,QRES,P2P,Pix,"30781,3",62
202411,PJ,PF,NORTE,SUL,Nao se aplica,entre 30 e 39 anos,MANU,G2P,Pix,"2969,74",2
202411,PJ,PF,NORDESTE,NORDESTE,Nao se aplica,Nao informado,QRES,B2P,Pix,50,2
202411,PF,PJ,SUDESTE,SUL,entre 50 e 59 anos,Nao se aplica,QRDN,P2G,Pix,"2341061,39",2959
202411,PJ,PF,NORDESTE,NORTE,Nao se aplica,entre 20 e 29 anos,QRES,B2P,Pix,"633328,27",2951
202411,PF,PF,NORTE,SUDESTE,entre 40 e 49 anos,mais de 60 anos,QRDN,P2P,Pix,"213470,1",5849
202411,PF,PF,NORDESTE,SUDESTE,mais de 60 anos,entre 50 e 59 anos,Nao disponivel,P2P,Nao disponivel,"58365,14",204
202411,PF,PF,NORTE,Nao informado,entre 20 e 29 anos,até 19 anos,DICT,P2P,Pix,"72120,26",903
202411,PF,PF,NORDESTE,NORTE,entre 40 e 49 anos,entre 50 e 59 anos,Nao disponivel,P2P,Nao disponivel,"50647,75",191
202411,PJ,PF,NORTE,SUDESTE,Nao se aplica,mais de 60 anos,Nao disponivel,B2P,Nao disponivel,"82127,01",193
202411,PF,PF,SUDESTE,SUDESTE,entre 30 e 39 anos,Nao informado,QRDN,P2P,Pix,"18710,07",113
202411,PJ,PF,NORDESTE,NORTE,Nao se aplica,entre 20 e 29 anos,MANU,B2P,Pix,"14178053,44",94620
202411,PJ,PF,Nao informado,CENTRO-OESTE,Nao se aplica,entre 30 e 39 anos,DICT,B2P,Pix,"445108,91",496
202411,PF,PF,SUDESTE,NORDESTE,até 19 anos,entre 50 e 59 anos,DICT,P2P,Pix,"6632830,54",79560
202411,PJ,PF,NORTE,CENTRO-OESTE,Nao se aplica,entre 50 e 59 anos,QRES,B2P,Pix,"520839,62",2362
202411,PF,PF,NORTE,NORTE,entre 30 e 39 anos,entre 50 e 59 anos,DICT,P2P,Pix,"844180869,93",3847904
202411,PF,PF,NORDESTE,NORDESTE,entre 30 e 39 anos,entre 30 e 39 anos,Nao disponivel,P2P,Nao disponivel,"54894775,59",128887
202411,PF,PF,NORTE,SUL,entre 20 e 29 anos,entre 30 e 39 anos,Nao disponivel,P2P,Nao disponivel,181472,735
202411,PJ,PF,CENTRO-OESTE,SUL,Nao se aplica,entre 40 e 49 anos,DICT,B2P,Pix,"117923194,7",101689
202411,PJ,PF,NORTE,NORDESTE,Nao se aplica,entre 30 e 39 anos,DICT,G2P,Pix,"96660,61",81
202411,PJ,PJ,SUL,NORTE,Nao se aplica,Nao se aplica,DICT,B2G,Pix,"77732,86",14
202411,PF,PF,SUDESTE,SUDESTE,mais de 60 anos,até 19 anos,QRES,P2P,Pix,"3406881,21",31361
202411,PF,PF,SUL,SUDESTE,entre 30 e 39 anos,Nao informado,QRDN,P2P,Pix,"9655,08",30
202411,PF,PF,SUDESTE,Nao informado,entre 30 e 39 anos,entre 30 e 39 anos,MANU,P2P,Pix,"2256659,06",4635
202411,PF,PF,NORTE,Nao informado,até 19 anos,até 19 anos,MANU,P2P,Pix,"5207,51",179
202411,PF,PF,SUL,NORTE,até 19 anos,entre 50 e 59 anos,QRDN,P2P,Pix,"17216,98",1000
202411,PF,PJ,SUL,Nao informado,entre 50 e 59 anos,Nao se aplica,MANU,P2B,Pix,"2830,38",2
202411,PF,PF,SUL,Nao informado,entre 20 e 29 anos,até 19 anos,QRES,P2P,Pix,"1038,99",16
202411,PJ,PF,NORDESTE,SUL,Nao se aplica,entre 20 e 29 anos,Nao disponivel,B2P,Nao disponivel,"1016349,18",23747
202411,PF,PF,SUL,SUDESTE,entre 40 e 49 anos,mais de 60 anos,QRDN,P2P,Pix,"375885,73",8112
202411,PF,PF,NORDESTE,NORDESTE,Nao informado,entre 50 e 59 anos,DICT,P2P,Pix,"6342,3",43
202411,PF,PF,NORTE,NORDESTE,entre 20 e 29 anos,Nao informado,DICT,P2P,Pix,7,1
202411,PJ,PF,SUL,SUDESTE,Nao se aplica,entre 30 e 39 anos,MANU,B2P,Pix,"400473453,21",341085
202411,PF,PF,NORDESTE,NORDESTE,entre 40 e 49 anos,entre 40 e 49 anos,DICT,P2P,Pix,"14565203019,64",40997041
202411,PF,PJ,SUL,SUL,mais de 60 anos,Nao se aplica,DICT,P2B,Pix,"2435817418,55",2424634
202411,PF,PF,NORTE,CENTRO-OESTE,até 19 anos,entre 50 e 59 anos,Nao disponivel,P2P,Nao disponivel,"2497,21",55
202411,PF,PF,SUL,SUL,entre 40 e 49 anos,até 19 anos,QRES,P2P,Pix,"3934108,29",58374
202411,PF,PF,SUDESTE,SUL,mais de 60 anos,entre 40 e 49 anos,DICT,P2P,Pix,"69075513,58",116327
202411,PF,PJ,CENTRO-OESTE,SUL,entre 50 e 59 anos,Nao se aplica,QRDN,P2B,Pix Saque,"198472,44",696
202411,PF,PF,NORDESTE,SUDESTE,entre 50 e 59 anos,até 19 anos,MANU,P2P,Pix,"1374680,42",18961
202411,PJ,PJ,NORTE,NORTE,Nao se aplica,Nao se aplica,QRDN,B2B,Pix Troco,"1845,71",6
202411,PJ,PF,Nao informado,SUL,Nao se aplica,entre 40 e 49 anos,Nao disponivel,B2P,Nao disponivel,390,1
202411,PF,PF,SUDESTE,NORTE,entre 30 e 39 anos,até 19 anos,Nao disponivel,P2P,Nao disponivel,"19082,02",334
202411,PF,PF,CENTRO-OESTE,Nao informado,entre 30 e 39 anos,entre 30 e 39 anos,QRES,P2P,Pix,"99428,49",1287
202411,PF,PF,SUL,Nao informado,mais de 60 anos,até 19 anos,QRES,P2P,Pix,65,3
202411,PF,PJ,CENTRO-OESTE,SUL,até 19 anos,Nao se aplica,QRDN,P2B,Pix,"31659911,63",563885
202411,PF,PF,NORDESTE,Nao informado,entre 20 e 29 anos,mais de 60 anos,DICT,P2P,Pix,"297633,7",1007
202411,PF,PF,SUL,Nao informado,até 19 anos,mais de 60 anos,DICT,P2P,Pix,"39023,83",181
202411,PJ,PF,SUDESTE,SUL,Nao se aplica,até 19 anos,MANU,B2P,Pix,"34493753,85",128248
202411,PF,PF,SUL,Nao informado,entre 20 e 29 anos,até 19 anos,Nao disponivel,P2P,Nao disponivel,"440,57",6
202411,PF,PJ,SUL,SUDESTE,entre 40 e 49 anos,Nao se aplica,QRDN,P2G,Pix,"1490370,73",2398
202411,PF,PJ,SUL,SUDESTE,entre 30 e 39 anos,Nao se aplica,Nao disponivel,P2B,Nao disponivel,"1503882,98",1506
202411,PF,PF,SUL,SUDESTE,entre 30 e 39 anos,entre 30 e 39 anos,INIC,P2P,Pix,"24,9",1
202411,PF,PF,NORTE,NORTE,Nao informado,entre 30 e 39 anos,DICT,P2P,Pix,"568,7",18
202411,PF,PJ,CENTRO-OESTE,NORDESTE,mais de 60 anos,Nao se aplica,Nao disponivel,P2B,Nao disponivel,22877,14
202411,PF,PF,CENTRO-OESTE,NORDESTE,mais de 60 anos,até 19 anos,QRES,P2P,Pix,"39212,07",505
202411,PJ,PF,CENTRO-OESTE,CENTRO-OESTE,Nao se aplica,entre 50 e 59 anos,QRES,G2P,Pix,"140,5",4
202411,PF,PF,Nao informado,SUL,até 19 anos,até 19 anos,QRDN,P2P,Pix,"30,5",3
202411,PF,PF,SUL,Nao informado,entre 20 e 29 anos,mais de 60 anos,QRES,P2P,Pix,"21459,34",1274
202411,PJ,PJ,NORDESTE,SUL,Nao se aplica,Nao se aplica,QRES,G2B,Pix,"10736,04",6
202411,PF,PF,NORDESTE,CENTRO-OESTE,entre 20 e 29 anos,entre 40 e 49 anos,DICT,P2P,Pix,"62796810,65",402911
202411,PJ,PF,SUL,NORTE,Nao se aplica,entre 30 e 39 anos,MANU,G2P,Pix,"28073,68",32
202411,PF,PF,CENTRO-OESTE,Nao informado,entre 30 e 39 anos,entre 40 e 49 anos,DICT,P2P,Pix,"2123147,86",3708
202411,PF,PJ,SUL,SUL,entre 50 e 59 anos,Nao se aplica,QRDN,P2B,Pix Troco,"126465,94",294
202411,PF,PF,NORDESTE,NORTE,até 19 anos,entre 40 e 49 anos,Nao disponivel,P2P,Nao disponivel,"47143,81",414
202411,PJ,PF,CENTRO-OESTE,NORDESTE,Nao se aplica,entre 40 e 49 anos,DICT,B2P,Pix,"147973272,03",205151
202411,PF,PF,SUDESTE,SUL,entre 20 e 29 anos,entre 50 e 59 anos,QRDN,P2P,Pix,"450524,77",16160
202411,PJ,PF,NORDESTE,Nao informado,Nao se aplica,entre 20 e 29 anos,DICT,G2P,Pix,700,1
202411,PF,PJ,NORDESTE,NORTE,mais de 60 anos,Nao se aplica,DICT,P2B,Pix,"23907394,75",14444
202411,PF,PJ,SUL,CENTRO-OESTE,entre 50 e 59 anos,Nao se aplica,MANU,P2B,Pix,"4280825,89",3614
202411,PF,PJ,NORTE,SUDESTE,entre 40 e 49 anos,Nao se aplica,MANU,P2B,Pix,"15478410,76",39007
202411,PF,PF,NORTE,CENTRO-OESTE,entre 50 e 59 anos,até 19 anos,DICT,P2P,Pix,"3021613,48",15275
202411,PF,PF,CENTRO-OESTE,Nao informado,entre 50 e 59 anos,mais de 60 anos,Nao disponivel,P2P,Nao disponivel,707,2
202411,PF,PF,NORTE,NORDESTE,entre 50 e 59 anos,até 19 anos,DICT,P2P,Pix,"2950738,97",22067
202411,PF,PF,SUL,CENTRO-OESTE,entre 50 e 59 anos,mais de 60 anos,QRES,P2P,Pix,"84781,69",1337
202411,PF,PF,NORDESTE,SUDESTE,até 19 anos,entre 40 e 49 anos,DICT,P2P,Pix,"22989031,82",282625
202411,PF,PF,Nao informado,SUDESTE,entre 20 e 29 anos,entre 30 e 39 anos,QRES,P2P,Pix,"108402,32",1365
202411,PF,PJ,CENTRO-OESTE,NORTE,entre 40 e 49 anos,Nao se aplica,QRDN,P2B,Pix Troco,50,1
202411,PF,PJ,NORTE,NORTE,entre 20 e 29 anos,Nao se aplica,MANU,P2G,Pix,"67076,83",173
202411,PF,PF,Nao informado,NORDESTE,entre 20 e 29 anos,mais de 60 anos,MANU,P2P,Pix,"88969,11",499
202411,PF,PF,NORTE,CENTRO-OESTE,mais de 60 anos,entre 20 e 29 anos,QRES,P2P,Pix,"188423,77",1495
202411,PF,PF,SUDESTE,SUL,entre 40 e 49 anos,mais de 60 anos,QRDN,P2P,Pix,"461928,24",6584
202411,PF,PF,NORTE,CENTRO-OESTE,entre 30 e 39 anos,entre 30 e 39 anos,MANU,P2P,Pix,"12839701,44",68577
202411,PF,PF,Nao informado,SUL,mais de 60 anos,entre 50 e 59 anos,DICT,P2P,Pix,"1145985,3",1235
202411,PF,PJ,SUDESTE,SUDESTE,entre 30 e 39 anos,Nao se aplica,Nao disponivel,P2G,Nao disponivel,"15662,31",41
202411,PF,PF,NORDESTE,SUDESTE,entre 40 e 49 anos,entre 20 e 29 anos,MANU,P2P,Pix,"20431023,18",173299
202411,PF,PF,SUDESTE,NORDESTE,mais de 60 anos,entre 20 e 29 anos,Nao disponivel,P2P,Nao disponivel,"110515,42",585
202411,PF,PJ,Nao informado,Nao informado,entre 30 e 39 anos,Nao se aplica,QRDN,P2B,Pix,"78786,75",1502
202411,PF,PF,CENTRO-OESTE,SUL,entre 40 e 49 anos,até 19 anos,MANU,P2P,Pix,"459744,17",3225
202411,PJ,PJ,SUDESTE,Nao informado,Nao se aplica,Nao se aplica,DICT,B2B,Pix,"98028693,29",255
202411,PF,PF,SUDESTE,SUDESTE,mais de 60 anos,até 19 anos,Nao disponivel,P2P,Nao disponivel,"355199,7",3492
202411,PF,PF,SUDESTE,SUDESTE,entre 20 e 29 anos,entre 30 e 39 anos,DICT,P2P,Pix,"4768478142,78",28304227
202411,PF,PF,SUL,SUDESTE,entre 30 e 39 anos,entre 40 e 49 anos,INIC,P2P,Pix,399,1
202411,PF,PF,NORTE,SUL,mais de 60 anos,mais de 60 anos,QRDN,P2P,Pix,"10122,05",245
202411,PJ,PF,NORDESTE,SUL,Nao se aplica,entre 50 e 59 anos,MANU,G2P,Pix,"5477,57",8
202411,PF,PF,SUL,SUDESTE,mais de 60 anos,entre 30 e 39 anos,QRES,P2P,Pix,"1154048,78",6504
202411,PF,PJ,Nao informado,NORDESTE,entre 30 e 39 anos,Nao se aplica,QRES,P2B,Pix,"417385,01",4247
202411,PF,PF,SUL,Nao informado,mais de 60 anos,entre 30 e 39 anos,QRDN,P2P,Pix,"14637,31",27
202411,PF,PF,CENTRO-OESTE,NORDESTE,entre 30 e 39 anos,até 19 anos,DICT,P2P,Pix,"10261715,21",94059
202411,PF,PF,NORDESTE,NORDESTE,mais de 60 anos,entre 30 e 39 anos,MANU,P2P,Pix,"209947970,5",989154
202411,PF,PF,Nao informado,Nao informado,entre 40 e 49 anos,entre 50 e 59 anos,MANU,P2P,Pix,"367170,35",545
202411,PF,PF,SUDESTE,SUDESTE,mais de 60 anos,entre 50 e 59 anos,INIC,P2P,Pix,"3217,8",6
202411,PF,PF,NORDESTE,NORDESTE,entre 40 e 49 anos,mais de 60 anos,Nao disponivel,P2P,Nao disponivel,"3269729,55",8569
202411,PF,PF,SUDESTE,SUDESTE,até 19 anos,até 19 anos,DICT,P2P,Pix,"1450822784,65",14047539
202411,PJ,PF,Nao informado,Nao informado,Nao se aplica,mais de 60 anos,DICT,B2P,Pix,"24888,66",32
202411,PF,PF,NORDESTE,CENTRO-OESTE,entre 40 e 49 anos,entre 20 e 29 anos,INIC,P2P,Pix,50,1
202411,PJ,PF,Nao informado,CENTRO-OESTE,Nao se aplica,entre 50 e 59 anos,QRDN,B2P,Pix,"724,44",17
202411,PF,PF,NORDESTE,CENTRO-OESTE,entre 30 e 39 anos,entre 50 e 59 anos,DICT,P2P,Pix,"46104553,36",206314
202411,PF,PF,SUL,SUL,entre 50 e 59 anos,entre 40 e 49 anos,QRES,P2P,Pix,"22136794,32",231372
202411,PJ,PF,NORTE,Nao informado,Nao se aplica,entre 30 e 39 anos,Nao disponivel,B2P,Nao disponivel,"1376,48",26
202411,PF,PF,SUL,SUDESTE,mais de 60 anos,entre 30 e 39 anos,QRDN,P2P,Pix,"239542,62",2894
202411,PJ,PF,NORDESTE,NORTE,Nao se aplica,entre 40 e 49 anos,MANU,B2P,Pix,"18529525,92",50379
202411,PF,PF,Nao informado,SUL,entre 20 e 29 anos,mais de 60 anos,QRDN,P2P,Pix,"8680,29",392
202411,PJ,PF,NORDESTE,SUDESTE,Nao se aplica,entre 50 e 59 anos,DICT,B2P,Pix,"455305355,18",2209732
202411,PF,PJ,SUDESTE,SUL,entre 50 e 59 anos,Nao se aplica,QRDN,P2B,Pix,"485896537,37",4528608
202411,PF,PF,NORDESTE,NORTE,entre 30 e 39 anos,mais de 60 anos,QRDN,P2P,Pix,"392999,64",14094
202411,PF,PJ,NORDESTE,CENTRO-OESTE,até 19 anos,Nao se aplica,MANU,P2B,Pix,"538737,77",5518
202411,PF,PJ,CENTRO-OESTE,SUDESTE,entre 20 e 29 anos,Nao se aplica,QRDN,P2B,Pix,"1316922557,21",19201201
202411,PF,PF,Nao informado,CENTRO-OESTE,entre 50 e 59 anos,entre 40 e 49 anos,QRES,P2P,Pix,"15523,4",212
202411,PJ,PJ,SUL,SUL,Nao se aplica,Nao se aplica,QRES,G2G,Pix,"11896,91",10
202411,PF,PF,CENTRO-OESTE,Nao informado,mais de 60 anos,entre 40 e 49 anos,QRDN,P2P,Pix,"2006,21",56
202411,PF,PF,NORTE,NORTE,entre 20 e 29 anos,mais de 60 anos,Nao disponivel,P2P,Nao disponivel,"720506,2",2969
202411,PF,PF,NORTE,SUDESTE,entre 40 e 49 anos,entre 50 e 59 anos,QRES,P2P,Pix,"1172831,24",16716
202411,PF,PJ,Nao informado,CENTRO-OESTE,mais de 60 anos,Nao se aplica,MANU,P2B,Pix,"101373,4",116
202411,PJ,PF,SUL,NORTE,Nao se aplica,mais de 60 anos,QRDN,B2P,Pix,"14339,52",213
202411,PF,PF,Nao informado,SUL,mais de 60 anos,entre 40 e 49 anos,DICT,P2P,Pix,"1456158,49",1600
202411,PF,PF,CENTRO-OESTE,Nao informado,entre 40 e 49 anos,entre 40 e 49 anos,QRDN,P2P,Pix,"13910,4",319
202411,PF,PF,SUDESTE,NORTE,entre 30 e 39 anos,entre 20 e 29 anos,QRES,P2P,Pix,"1014159,12",23410
202411,PF,PF,SUDESTE,NORTE,entre 50 e 59 anos,mais de 60 anos,QRDN,P2P,Pix,"69931,16",1882
202411,PF,PF,NORTE,SUDESTE,entre 50 e 59 anos,entre 40 e 49 anos,MANU,P2P,Pix,"2963345,46",15189
202411,PJ,PJ,SUL,Nao informado,Nao se aplica,Nao se aplica,MANU,B2B,Pix,"21973536,53",76
202411,PF,PJ,NORTE,SUL,entre 30 e 39 anos,Nao se aplica,QRES,P2B,Pix,"40910605,66",280996
202411,PF,PF,Nao informado,Nao informado,até 19 anos,entre 40 e 49 anos,QRDN,P2P,Pix,"673,4",17
202411,PJ,PF,SUL,NORTE,Nao se aplica,entre 50 e 59 anos,DICT,G2P,Pix,"47649,33",136
202411,PF,PF,Nao informado,NORDESTE,mais de 60 anos,entre 20 e 29 anos,Nao disponivel,P2P,Nao disponivel,7,1
202411,PJ,PF,NORDESTE,NORDESTE,Nao se aplica,entre 50 e 59 anos,Nao disponivel,B2P,Nao disponivel,"5879305,79",32274
202411,PF,PF,NORDESTE,NORTE,entre 50 e 59 anos,mais de 60 anos,Nao disponivel,P2P,Nao disponivel,"16283,45",36
202411,PF,PJ,SUL,SUDESTE,até 19 anos,Nao se aplica,QRES,P2B,Pix Saque,75,1
202411,PF,PF,NORDESTE,CENTRO-OESTE,até 19 anos,entre 40 e 49 anos,DICT,P2P,Pix,"5923228,02",69454
202411,PF,PF,SUDESTE,CENTRO-OESTE,entre 30 e 39 anos,entre 40 e 49 anos,MANU,P2P,Pix,"15389425,34",48001
202411,PF,PF,SUDESTE,SUL,até 19 anos,entre 30 e 39 anos,Nao disponivel,P2P,Nao disponivel,"64381,41",756
202411,PF,PJ,NORDESTE,CENTRO-OESTE,entre 40 e 49 anos,Nao se aplica,QRDN,P2B,Pix Troco,429,2
202411,PF,PJ,CENTRO-OESTE,SUDESTE,mais de 60 anos,Nao se aplica,QRDN,P2B,Pix Saque,"70707,14",371
202411,PF,PF,Nao informado,NORTE,mais de 60 anos,até 19 anos,DICT,P2P,Pix,"20503,36",294
202411,PF,PJ,NORTE,NORDESTE,entre 50 e 59 anos,Nao se aplica,DICT,P2B,Pix,"32483076,94",48030
202411,PF,PF,SUDESTE,SUDESTE,entre 20 e 29 anos,mais de 60 anos,QRDN,P2P,Pix,"30129464,2",1357719
202411,PF,PF,CENTRO-OESTE,SUDESTE,até 19 anos,entre 20 e 29 anos,MANU,P2P,Pix,"1083067,01",13454
202411,PF,PF,SUL,NORDESTE,até 19 anos,entre 30 e 39 anos,MANU,P2P,Pix,"514851,96",6007
202411,PF,PF,Nao informado,SUDESTE,entre 50 e 59 anos,até 19 anos,DICT,P2P,Pix,"244059,18",975
202411,PJ,PF,SUDESTE,Nao informado,Nao se aplica,entre 40 e 49 anos,DICT,B2P,Pix,"38782915,03",23684
202411,PF,PF,Nao informado,NORDESTE,entre 30 e 39 anos,entre 40 e 49 anos,MANU,P2P,Pix,"637986,44",2122
202411,PF,PF,CENTRO-OESTE,Nao informado,entre 50 e 59 anos,mais de 60 anos,QRES,P2P,Pix,"3128,2",35
202411,PF,PF,SUDESTE,NORDESTE,entre 50 e 59 anos,mais de 60 anos,DICT,P2P,Pix,"54200269,38",152605
202411,PF,PF,CENTRO-OESTE,CENTRO-OESTE,entre 30 e 39 anos,até 19 anos,MANU,P2P,Pix,"37794520,05",387083
202411,PF,PF,CENTRO-OESTE,SUL,entre 50 e 59 anos,entre 40 e 49 anos,Nao disponivel,P2P,Nao disponivel,"20695,29",83
202411,PF,PF,SUDESTE,NORTE,entre 50 e 59 anos,mais de 60 anos,Nao disponivel,P2P,Nao disponivel,"10178,02",48
202411,PJ,PF,SUL,Nao informado,Nao se aplica,entre 30 e 39 anos,QRDN,B2P,Pix,"47030,74",124
202411,PF,PJ,SUDESTE,NORDESTE,até 19 anos,Nao se aplica,QRES,P2B,Pix,"3460164,61",95878
202411,PF,PF,NORTE,SUDESTE,entre 30 e 39 anos,entre 40 e 49 anos,Nao disponivel,P2P,Nao disponivel,"127737,16",589
202411,PF,PJ,SUL,SUDESTE,entre 20 e 29 anos,Nao se aplica,MANU,P2B,Pix,"20405078,78",47292
202411,PF,PF,NORDESTE,CENTRO-OESTE,entre 30 e 39 anos,entre 40 e 49 anos,QRES,P2P,Pix,"3601273,64",91339
202411,PF,PF,Nao informado,NORDESTE,entre 20 e 29 anos,entre 50 e 59 anos,DICT,P2P,Pix,"1484505,18",4280
202411,PF,PF,CENTRO-OESTE,SUL,entre 50 e 59 anos,entre 50 e 59 anos,Nao disponivel,P2P,Nao disponivel,"19010,36",48
202411,PF,PJ,CENTRO-OESTE,SUL,entre 40 e 49 anos,Nao se aplica,MANU,P2B,Pix,"23156892,21",10821
202411,PF,PF,Nao informado,NORTE,entre 40 e 49 anos,entre 20 e 29 anos,QRES,P2P,Pix,"30511,22",416
202411,PF,PJ,SUDESTE,SUL,mais de 60 anos,Nao se aplica,QRES,P2B,Pix Saque,250,2
202411,PF,PJ,SUL,CENTRO-OESTE,entre 50 e 59 anos,Nao se aplica,QRES,P2B,Pix Saque,20,1
202411,PF,PJ,SUDESTE,CENTRO-OESTE,entre 30 e 39 anos,Nao se aplica,QRES,P2B,Pix Saque,"589,4",4
202411,PF,PF,SUL,SUDESTE,entre 50 e 59 anos,entre 50 e 59 anos,Nao disponivel,P2P,Nao disponivel,"162625,81",209
202411,PF,PF,NORDESTE,NORTE,entre 40 e 49 anos,até 19 anos,QRDN,P2P,Pix,"44591,35",1607
202411,PF,PF,Nao informado,SUL,entre 20 e 29 anos,mais de 60 anos,MANU,P2P,Pix,"162290,9",464
202411,PF,PF,NORDESTE,NORDESTE,entre 30 e 39 anos,entre 40 e 49 anos,Nao disponivel,P2P,Nao disponivel,"9556887,17",47877
202411,PF,PF,CENTRO-OESTE,CENTRO-OESTE,entre 30 e 39 anos,entre 20 e 29 anos,DICT,P2P,Pix,"1191469612,31",5209734
202411,PF,PF,CENTRO-OESTE,SUL,entre 30 e 39 anos,até 19 anos,QRES,P2P,Pix,"43589,54",1070
202411,PF,PF,Nao informado,Nao informado,entre 30 e 39 anos,entre 30 e 39 anos,INIC,P2P,Pix,"129027,55",133
202411,PF,PF,CENTRO-OESTE,Nao informado,mais de 60 anos,mais de 60 anos,QRES,P2P,Pix,"4556,16",29
202411,PF,PJ,CENTRO-OESTE,SUDESTE,entre 50 e 59 anos,Nao se aplica,QRDN,P2B,Pix Troco,"1483,5",7
202411,PF,PJ,NORDESTE,CENTRO-OESTE,mais de 60 anos,Nao se aplica,DICT,P2G,Pix,"180357,87",5
202411,PF,PF,NORTE,NORDESTE,entre 40 e 49 anos,até 19 anos,Nao disponivel,P2P,Nao disponivel,"11173,34",336
202411,PF,PF,SUDESTE,CENTRO-OESTE,entre 50 e 59 anos,até 19 anos,DICT,P2P,Pix,"4834878,56",25718
202411,PF,PF,SUL,NORDESTE,até 19 anos,entre 30 e 39 anos,QRDN,P2P,Pix,"108251,38",4938
202411,PF,PF,SUL,Nao informado,mais de 60 anos,entre 40 e 49 anos,QRES,P2P,Pix,"14671,41",77
202411,PF,PF,Nao informado,SUDESTE,entre 40 e 49 anos,mais de 60 anos,QRDN,P2P,Pix,"18897,44",340
202411,PF,PF,Nao informado,SUL,entre 30 e 39 anos,até 19 anos,QRDN,P2P,Pix,"809,46",34
202411,PF,PF,NORDESTE,SUL,até 19 anos,mais de 60 anos,QRDN,P2P,Pix,"46093,47",2684
202411,PF,PF,SUL,CENTRO-OESTE,mais de 60 anos,entre 40 e 49 anos,Nao disponivel,P2P,Nao disponivel,"5363,37",24
202411,PJ,PF,NORDESTE,SUDESTE,Nao se aplica,entre 40 e 49 anos,Nao disponivel,B2P,Nao disponivel,"1771850,34",26539
202411,PF,PJ,SUDESTE,NORDESTE,mais de 60 anos,Nao se aplica,DICT,P2B,Pix,"106691158,01",138963
202411,PF,PF,Nao informado,SUL,até 19 anos,entre 20 e 29 anos,QRDN,P2P,Pix,"1340,47",50
202411,PF,PF,NORDESTE,NORTE,entre 50 e 59 anos,mais de 60 anos,DICT,P2P,Pix,"8925247,55",23989
202411,PJ,PF,SUDESTE,Nao informado,Nao se aplica,entre 50 e 59 anos,QRDN,B2P,Pix,"2432,41",49
202411,PF,PJ,SUL,CENTRO-OESTE,entre 20 e 29 anos,Nao se aplica,DICT,P2G,Pix,"497,62",5
202411,PF,PJ,CENTRO-OESTE,NORTE,mais de 60 anos,Nao se aplica,Nao disponivel,P2B,Nao disponivel,"125606,45",10
202411,PF,PJ,NORTE,CENTRO-OESTE,entre 40 e 49 anos,Nao se aplica,QRDN,P2B,Pix,"50333925,79",535619
202411,PF,PF,NORDESTE,NORTE,até 19 anos,entre 20 e 29 anos,MANU,P2P,Pix,"954047,93",15213
202411,PF,PF,Nao informado,SUDESTE,entre 50 e 59 anos,entre 30 e 39 anos,MANU,P2P,Pix,"1139967,22",1020
202411,PJ,PF,NORTE,SUDESTE,Nao se aplica,entre 30 e 39 anos,QRES,B2P,Pix,"3004272,24",6841
202411,PF,PJ,NORTE,CENTRO-OESTE,entre 30 e 39 anos,Nao se aplica,MANU,P2G,Pix,"2651,1",9
202411,PF,PF,Nao informado,SUDESTE,entre 30 e 39 anos,Nao informado,QRES,P2P,Pix,"6377,23",2
202411,PF,PJ,SUDESTE,SUL,entre 20 e 29 anos,Nao se aplica,QRES,P2B,Pix Saque,"161,25",4
202411,PF,PJ,NORDESTE,SUDESTE,entre 20 e 29 anos,Nao se aplica,QRES,P2B,Pix,"451660028,19",4267708
202411,PF,PF,CENTRO-OESTE,NORTE,entre 50 e 59 anos,entre 50 e 59 anos,MANU,P2P,Pix,"3469664,75",7925
202411,PJ,PF,SUL,SUDESTE,Nao se aplica,mais de 60 anos,MANU,B2P,Pix,"221163923,96",68881
202411,PJ,PF,Nao informado,SUDESTE,Nao se aplica,entre 40 e 49 anos,Nao disponivel,B2P,Nao disponivel,"32227,61",15
202411,PF,PF,CENTRO-OESTE,NORTE,entre 30 e 39 anos,até 19 anos,DICT,P2P,Pix,"7297558,7",48982
202411,PJ,PJ,NORDESTE,NORTE,Nao se aplica,Nao se aplica,MANU,G2B,Pix,"29979,2",10
202411,PF,PF,CENTRO-OESTE,Nao informado,até 19 anos,entre 50 e 59 anos,Nao disponivel,P2P,Nao disponivel,10,1
202411,PJ,PF,SUDESTE,SUDESTE,Nao se aplica,entre 20 e 29 anos,MANU,G2P,Pix,"2118946,61",2125
202411,PF,PJ,CENTRO-OESTE,CENTRO-OESTE,entre 20 e 29 anos,Nao se aplica,QRDN,P2B,Pix Saque,"5963407,42",13642
202411,PF,PF,Nao informado,SUL,entre 30 e 39 anos,mais de 60 anos,MANU,P2P,Pix,"719638,04",885
202411,PF,PF,SUDESTE,Nao informado,mais de 60 anos,mais de 60 anos,QRDN,P2P,Pix,"482,74",23
202411,PF,PJ,Nao informado,NORDESTE,entre 50 e 59 anos,Nao se aplica,DICT,P2G,Pix,40,1
202411,PF,PF,Nao informado,SUDESTE,entre 30 e 39 anos,entre 50 e 59 anos,Nao disponivel,P2P,Nao disponivel,"35527,23",25
202411,PF,PF,NORTE,NORDESTE,entre 20 e 29 anos,entre 50 e 59 anos,INIC,P2P,Pix,50,1
202411,PF,PJ,CENTRO-OESTE,SUL,mais de 60 anos,Nao se aplica,Nao disponivel,P2B,Nao disponivel,"91454,15",29
202411,PF,PF,NORDESTE,SUL,entre 30 e 39 anos,mais de 60 anos,DICT,P2P,Pix,"14030001,19",40902
202411,PF,PJ,SUL,SUL,entre 40 e 49 anos,Nao se aplica,MANU,P2B,Pix,"492896064,37",956517
202411,PF,PF,CENTRO-OESTE,Nao informado,mais de 60 anos,entre 30 e 39 anos,QRES,P2P,Pix,"12907,32",104
202411,PF,PF,SUDESTE,CENTRO-OESTE,entre 40 e 49 anos,entre 30 e 39 anos,Nao disponivel,P2P,Nao disponivel,"212593,61",775
202411,PF,PF,NORDESTE,NORDESTE,entre 30 e 39 anos,entre 30 e 39 anos,INIC,P2P,Pix,"8929180,43",14595
202411,PF,PF,SUDESTE,SUL,entre 40 e 49 anos,até 19 anos,QRES,P2P,Pix,"228254,1",3397
202411,PF,PF,CENTRO-OESTE,NORDESTE,entre 50 e 59 anos,até 19 anos,MANU,P2P,Pix,"451415,1",5614
202411,PF,PJ,SUL,CENTRO-OESTE,até 19 anos,Nao se aplica,INIC,P2B,Pix,"1945,93",19
202411,PF,PF,CENTRO-OESTE,SUL,entre 50 e 59 anos,entre 50 e 59 anos,QRDN,P2P,Pix,"68893,62",1394
202411,PF,PF,Nao informado,CENTRO-OESTE,entre 50 e 59 anos,entre 30 e 39 anos,QRDN,P2P,Pix,"6550,6",101
202411,PJ,PF,Nao informado,NORTE,Nao se aplica,entre 30 e 39 anos,DICT,B2P,Pix,"224020,77",330
202411,PF,PF,SUDESTE,SUL,mais de 60 anos,entre 30 e 39 anos,QRES,P2P,Pix,"642807,57",5883
202411,PF,PJ,CENTRO-OESTE,CENTRO-OESTE,entre 50 e 59 anos,Nao se aplica,QRDN,P2B,Pix Saque,"3241600,99",17141
202411,PF,PF,SUDESTE,NORTE,mais de 60 anos,entre 30 e 39 anos,QRDN,P2P,Pix,"111162,45",2186
202411,PF,PF,SUL,NORTE,até 19 anos,entre 30 e 39 anos,QRDN,P2P,Pix,"61309,48",2767
202411,PJ,PF,NORDESTE,NORTE,Nao se aplica,mais de 60 anos,QRES,B2P,Pix,"203372,89",1787
202411,PJ,PJ,SUL,NORDESTE,Nao se aplica,Nao se aplica,QRDN,B2G,Pix,"6502439,05",4196
202411,PF,PF,NORTE,SUL,até 19 anos,mais de 60 anos,QRES,P2P,Pix,"40906,86",2074
202411,PF,PF,NORDESTE,SUDESTE,Nao informado,entre 40 e 49 anos,QRDN,P2P,Pix,"24,5",2
202411,PF,PF,Nao informado,NORTE,até 19 anos,entre 50 e 59 anos,MANU,P2P,Pix,"1526,37",33
202411,PF,PF,NORTE,SUL,entre 40 e 49 anos,até 19 anos,QRDN,P2P,Pix,"20994,79",544
202411,PF,PF,NORTE,SUDESTE,entre 50 e 59 anos,até 19 anos,QRDN,P2P,Pix,"12324,25",353
202411,PF,PF,CENTRO-OESTE,NORDESTE,entre 50 e 59 anos,Nao informado,QRES,P2P,Pix,7,1
202411,PF,PF,NORTE,NORTE,mais de 60 anos,entre 50 e 59 anos,QRES,P2P,Pix,"7228827,08",127650
202411,PF,PF,Nao informado,SUDESTE,Nao informado,entre 50 e 59 anos,MANU,P2P,Pix,"21721,46",26
202411,PF,PF,NORDESTE,CENTRO-OESTE,entre 30 e 39 anos,entre 30 e 39 anos,MANU,P2P,Pix,"23433476,36",144830
202411,PF,PF,NORDESTE,Nao informado,entre 50 e 59 anos,entre 40 e 49 anos,QRDN,P2P,Pix,"4837,32",126
202411,PF,PF,SUL,CENTRO-OESTE,mais de 60 anos,até 19 anos,QRES,P2P,Pix,"85628,59",134
202411,PF,PF,Nao informado,CENTRO-OESTE,entre 30 e 39 anos,mais de 60 anos,QRDN,P2P,Pix,"7833,89",204
202411,PF,PF,CENTRO-OESTE,Nao informado,entre 30 e 39 anos,entre 20 e 29 anos,DICT,P2P,Pix,"1624637,51",4719
202411,PF,PJ,Nao informado,Nao informado,entre 50 e 59 anos,Nao se aplica,DICT,P2B,Pix,"60492,55",210
202411,PF,PJ,SUL,SUL,entre 20 e 29 anos,Nao se aplica,MANU,P2G,Pix,"722474,88",778
202411,PJ,PF,SUDESTE,CENTRO-OESTE,Nao se aplica,entre 50 e 59 anos,MANU,G2P,Pix,"50789,89",39
202411,PJ,PF,NORTE,CENTRO-OESTE,Nao se aplica,entre 30 e 39 anos,MANU,B2P,Pix,"18532011,41",4882
202411,PF,PF,SUL,CENTRO-OESTE,entre 40 e 49 anos,entre 20 e 29 anos,DICT,P2P,Pix,"18735138,53",70520
202411,PJ,PF,SUL,NORDESTE,Nao se aplica,entre 50 e 59 anos,MANU,B2P,Pix,"34787928,71",28443
202411,PF,PF,CENTRO-OESTE,SUL,mais de 60 anos,até 19 anos,QRES,P2P,Pix,"8346,45",128
202411,PF,PF,NORDESTE,NORDESTE,Nao informado,entre 40 e 49 anos,MANU,P2P,Pix,"1988,2",19
202411,PJ,PF,NORTE,SUL,Nao se aplica,entre 50 e 59 anos,QRES,B2P,Pix,"135503,98",597
202411,PF,PF,SUDESTE,SUDESTE,entre 30 e 39 anos,entre 40 e 49 anos,QRDN,P2P,Pix,"96237241,82",3315478
202411,PF,PF,Nao informado,Nao informado,até 19 anos,entre 50 e 59 anos,Nao disponivel,P2P,Nao disponivel,50,3
202411,PJ,PF,SUL,SUL,Nao se aplica,entre 20 e 29 anos,DICT,G2P,Pix,"7167243,31",182289
202411,PF,PF,NORDESTE,NORTE,entre 40 e 49 anos,mais de 60 anos,MANU,P2P,Pix,"3098939,01",11093
202411,PF,PF,NORDESTE,Nao informado,até 19 anos,entre 30 e 39 anos,MANU,P2P,Pix,"100551,38",481
202411,PF,PF,CENTRO-OESTE,SUL,entre 50 e 59 anos,mais de 60 anos,MANU,P2P,Pix,"2187612,68",2755
202411,PF,PF,NORTE,CENTRO-OESTE,entre 40 e 49 anos,até 19 anos,QRES,P2P,Pix,"111274,24",1906
202411,PF,PF,CENTRO-OESTE,Nao informado,entre 50 e 59 anos,mais de 60 anos,MANU,P2P,Pix,"158348,22",75
202411,PF,PJ,CENTRO-OESTE,NORDESTE,entre 40 e 49 anos,Nao se aplica,QRES,P2G,Pix,"7353,88",153
202411,PF,PF,CENTRO-OESTE,Nao informado,mais de 60 anos,entre 50 e 59 anos,MANU,P2P,Pix,"246347,78",126
202411,PF,PF,SUDESTE,Nao informado,até 19 anos,entre 40 e 49 anos,MANU,P2P,Pix,"36787,45",357
202411,PJ,PJ,NORDESTE,Nao informado,Nao se aplica,Nao se aplica,QRDN,B2G,Pix,"24,98",1
202411,PF,PF,CENTRO-OESTE,NORTE,até 19 anos,até 19 anos,QRDN,P2P,Pix,"17366,62",923
202411,PF,PF,NORDESTE,NORDESTE,entre 20 e 29 anos,entre 30 e 39 anos,Nao disponivel,P2P,Nao disponivel,"12396944,59",80129
202411,PF,PF,SUL,Nao informado,entre 20 e 29 anos,Nao informado,MANU,P2P,Pix,204,10
202411,PF,PJ,NORDESTE,Nao informado,entre 50 e 59 anos,Nao se aplica,Nao disponivel,P2B,Nao disponivel,364,3
202411,PF,PF,SUL,NORTE,entre 30 e 39 anos,entre 50 e 59 anos,MANU,P2P,Pix,"2220177,06",7851
202411,PJ,PJ,SUL,CENTRO-OESTE,Nao se aplica,Nao se aplica,MANU,G2B,Pix,"161238,94",39
202411,PF,PF,SUDESTE,CENTRO-OESTE,entre 20 e 29 anos,entre 20 e 29 anos,INIC,P2P,Pix,28,4
202411,PF,PF,NORDESTE,NORTE,entre 40 e 49 anos,entre 30 e 39 anos,Nao disponivel,P2P,Nao disponivel,"76043,93",460
202411,PF,PF,SUDESTE,NORTE,entre 50 e 59 anos,mais de 60 anos,DICT,P2P,Pix,"10058658,8",20034
202411,PF,PJ,CENTRO-OESTE,Nao informado,até 19 anos,Nao se aplica,QRDN,P2B,Pix,"15275,22",316
202411,PF,PF,NORDESTE,NORDESTE,entre 30 e 39 anos,entre 40 e 49 anos,INIC,P2P,Pix,"62,5",1
202411,PF,PF,CENTRO-OESTE,CENTRO-OESTE,Nao informado,até 19 anos,MANU,P2P,Pix,200,1
202411,PF,PF,NORDESTE,Nao informado,mais de 60 anos,até 19 anos,QRES,P2P,Pix,79,2
202411,PF,PF,NORDESTE,NORDESTE,até 19 anos,entre 50 e 59 anos,QRES,P2P,Pix,"21147821,01",1370165
202411,PF,PF,SUL,NORDESTE,entre 30 e 39 anos,entre 20 e 29 anos,QRDN,P2P,Pix,"567084,46",16688
202411,PF,PF,CENTRO-OESTE,Nao informado,entre 40 e 49 anos,entre 20 e 29 anos,DICT,P2P,Pix,"1029708,22",3983
202411,PF,PJ,CENTRO-OESTE,CENTRO-OESTE,entre 30 e 39 anos,Nao se aplica,QRES,P2B,Pix Saque,"9797,63",96
202411,PF,PF,Nao informado,SUL,entre 20 e 29 anos,mais de 60 anos,Nao disponivel,P2P,Nao disponivel,882,3
202411,PF,PF,SUL,NORTE,entre 30 e 39 anos,entre 20 e 29 anos,QRDN,P2P,Pix,"222297,86",5222
202411,PJ,PF,SUL,CENTRO-OESTE,Nao se aplica,entre 30 e 39 anos,DICT,G2P,Pix,"38687,8",334
202411,PF,PF,Nao informado,NORTE,mais de 60 anos,entre 20 e 29 anos,DICT,P2P,Pix,"240886,41",690
202411,PF,PF,CENTRO-OESTE,SUDESTE,entre 40 e 49 anos,entre 40 e 49 anos,DICT,P2P,Pix,"128465193,45",297533
202411,PJ,PJ,CENTRO-OESTE,SUL,Nao se aplica,Nao se aplica,QRDN,G2B,Pix,"42572,86",18
202411,PJ,PF,SUDESTE,SUDESTE,Nao se aplica,entre 20 e 29 anos,QRES,B2P,Pix,"101536276,18",348489
202411,PF,PJ,Nao informado,SUL,Nao informado,Nao se aplica,DICT,P2B,Pix,64,2
202411,PF,PF,NORDESTE,SUL,entre 20 e 29 anos,mais de 60 anos,QRES,P2P,Pix,"429446,63",12141
202411,PF,PF,NORTE,SUDESTE,mais de 60 anos,mais de 60 anos,Nao disponivel,P2P,Nao disponivel,"7311,55",23
202411,PF,PF,NORDESTE,NORTE,mais de 60 anos,entre 20 e 29 anos,QRES,P2P,Pix,"136633,41",2399
202411,PF,PF,SUL,NORTE,mais de 60 anos,entre 30 e 39 anos,Nao disponivel,P2P,Nao disponivel,"11735,11",42
202411,PF,PF,NORTE,NORTE,entre 50 e 59 anos,Nao informado,DICT,P2P,Pix,2442,5
202411,PJ,PF,NORTE,SUDESTE,Nao se aplica,entre 30 e 39 anos,DICT,B2P,Pix,"191439131,25",697343
202411,PF,PJ,NORTE,SUDESTE,entre 40 e 49 anos,Nao se aplica,QRDN,P2B,Pix Saque,"143002,74",803
202411,PF,PJ,Nao informado,NORTE,entre 20 e 29 anos,Nao se aplica,QRDN,P2B,Pix,"379203,8",7867
202411,PJ,PF,CENTRO-OESTE,CENTRO-OESTE,Nao se aplica,entre 30 e 39 anos,MANU,G2P,Pix,"15052160,93",5519
202411,PF,PF,CENTRO-OESTE,NORTE,entre 50 e 59 anos,entre 20 e 29 anos,DICT,P2P,Pix,"28759148,62",89818
202411,PF,PF,NORDESTE,SUDESTE,entre 40 e 49 anos,até 19 anos,Nao disponivel,P2P,Nao disponivel,"56014,12",2038
202411,PF,PJ,NORTE,SUDESTE,entre 30 e 39 anos,Nao se aplica,MANU,P2G,Pix,"1310,08",6
202411,PF,PJ,NORDESTE,NORDESTE,Nao informado,Nao se aplica,QRDN,P2B,Pix,"3725,15",65
202411,PF,PF,CENTRO-OESTE,SUDESTE,entre 30 e 39 anos,Nao informado,QRDN,P2P,Pix,"7017,69",15
202411,PF,PJ,NORDESTE,NORTE,entre 30 e 39 anos,Nao se aplica,QRDN,P2B,Pix Saque,"52635,71",354
202411,PJ,PF,NORDESTE,NORDESTE,Nao se aplica,mais de 60 anos,Nao disponivel,B2P,Nao disponivel,"4057548,2",17759
202411,PF,PJ,SUL,NORTE,entre 30 e 39 anos,Nao se aplica,DICT,P2B,Pix,"25041811,96",25346
202411,PF,PF,NORTE,NORDESTE,entre 40 e 49 anos,entre 50 e 59 anos,MANU,P2P,Pix,"4505979,56",24413
202411,PF,PJ,SUDESTE,NORDESTE,entre 40 e 49 anos,Nao se aplica,DICT,P2B,Pix,"241620127,4",410016
202411,PF,PF,SUDESTE,SUL,até 19 anos,mais de 60 anos,Nao disponivel,P2P,Nao disponivel,"37528,15",225
202411,PJ,PJ,CENTRO-OESTE,Nao informado,Nao se aplica,Nao se aplica,Nao disponivel,B2B,Nao disponivel,"905,45",11
202411,PF,PJ,SUDESTE,SUL,entre 20 e 29 anos,Nao se aplica,DICT,P2G,Pix,"59760,67",96
202411,PF,PF,NORDESTE,NORTE,entre 30 e 39 anos,até 19 anos,Nao disponivel,P2P,Nao disponivel,"15199,85",492
202411,PF,PF,Nao informado,SUL,entre 50 e 59 anos,entre 20 e 29 anos,Nao disponivel,P2P,Nao disponivel,5151,3
202411,PF,PF,SUL,SUL,entre 30 e 39 anos,mais de 60 anos,QRDN,P2P,Pix,"7288233,09",186663
202411,PJ,PF,SUL,NORTE,Nao se aplica,até 19 anos,DICT,B2P,Pix,"16339403,68",81757
202411,PF,PF,Nao informado,SUL,até 19 anos,mais de 60 anos,DICT,P2P,Pix,"13615,82",122
202411,PJ,PF,NORDESTE,SUDESTE,Nao se aplica,até 19 anos,MANU,B2P,Pix,"3558702,79",33780
202411,PF,PF,NORTE,Nao informado,entre 30 e 39 anos,entre 40 e 49 anos,QRES,P2P,Pix,"65541,27",1101
202411,PF,PF,SUDESTE,CENTRO-OESTE,entre 40 e 49 anos,entre 40 e 49 anos,DICT,P2P,Pix,"124493812,9",274482
202411,PF,PJ,NORDESTE,NORDESTE,mais de 60 anos,Nao se aplica,QRDN,P2G,Pix,"30349225,67",67661
202411,PJ,PF,CENTRO-OESTE,CENTRO-OESTE,Nao se aplica,entre 40 e 49 anos,Nao disponivel,G2P,Nao disponivel,430,4
202411,PF,PJ,CENTRO-OESTE,NORDESTE,mais de 60 anos,Nao se aplica,MANU,P2G,Pix,3973,3
202411,PF,PF,Nao informado,CENTRO-OESTE,mais de 60 anos,até 19 anos,DICT,P2P,Pix,"134160,23",146
202411,PF,PF,SUDESTE,SUL,entre 20 e 29 anos,entre 30 e 39 anos,MANU,P2P,Pix,"12810311,31",64415
202411,PF,PF,CENTRO-OESTE,CENTRO-OESTE,entre 50 e 59 anos,entre 30 e 39 anos,QRES,P2P,Pix,"17972533,14",215982
202411,PJ,PF,SUL,SUL,Nao se aplica,até 19 anos,QRES,B2P,Pix,"2662378,09",14981
202411,PF,PJ,SUDESTE,Nao informado,entre 40 e 49 anos,Nao se aplica,DICT,P2B,Pix,"295149,12",165
202411,PF,PF,NORTE,SUDESTE,entre 50 e 59 anos,até 19 anos,DICT,P2P,Pix,"1624303,78",13793
202411,PF,PF,CENTRO-OESTE,Nao informado,entre 20 e 29 anos,até 19 anos,QRES,P2P,Pix,220,6
202411,PF,PF,CENTRO-OESTE,Nao informado,entre 50 e 59 anos,mais de 60 anos,QRDN,P2P,Pix,465,11
202411,PF,PF,NORTE,NORTE,entre 40 e 49 anos,até 19 anos,Nao disponivel,P2P,Nao disponivel,"270339,92",3166
202411,PF,PF,NORTE,Nao informado,entre 20 e 29 anos,entre 30 e 39 anos,MANU,P2P,Pix,"629676,87",5518
202411,PF,PF,SUL,SUL,entre 40 e 49 anos,entre 50 e 59 anos,QRES,P2P,Pix,"26145987,09",384741
202411,PF,PJ,CENTRO-OESTE,SUL,entre 50 e 59 anos,Nao se aplica,INIC,P2B,Pix,"28519,76",142
202411,PF,PF,NORDESTE,NORTE,entre 50 e 59 anos,entre 40 e 49 anos,QRES,P2P,Pix,"748333,38",15902
202411,PF,PJ,Nao informado,CENTRO-OESTE,entre 40 e 49 anos,Nao se aplica,DICT,P2G,Pix,84,1
202411,PF,PF,SUL,NORTE,entre 20 e 29 anos,entre 50 e 59 anos,MANU,P2P,Pix,"1532148,01",6485
202411,PF,PJ,NORDESTE,CENTRO-OESTE,entre 50 e 59 anos,Nao se aplica,Nao disponivel,P2G,Nao disponivel,"1466,15",2
202411,PF,PF,CENTRO-OESTE,Nao informado,entre 50 e 59 anos,entre 40 e 49 anos,QRDN,P2P,Pix,"6816,48",138
202411,PF,PF,NORDESTE,Nao informado,mais de 60 anos,entre 30 e 39 anos,DICT,P2P,Pix,"1500983,26",5876
202411,PJ,PJ,Nao informado,CENTRO-OESTE,Nao se aplica,Nao se aplica,QRES,B2B,Pix,"71689,62",230
202411,PF,PF,NORDESTE,CENTRO-OESTE,entre 30 e 39 anos,entre 30 e 39 anos,QRDN,P2P,Pix,"2572911,44",77288
202411,PF,PF,Nao informado,SUDESTE,até 19 anos,entre 40 e 49 anos,QRDN,P2P,Pix,"3195,6",81
202411,PJ,PF,Nao informado,Nao informado,Nao se aplica,entre 50 e 59 anos,DICT,B2P,Pix,"164761,21",217
202411,PF,PJ,NORTE,SUL,entre 50 e 59 anos,Nao se aplica,QRES,P2B,Pix,"12291188,75",83994
202411,PF,PF,CENTRO-OESTE,SUDESTE,mais de 60 anos,entre 20 e 29 anos,Nao disponivel,P2P,Nao disponivel,"19216,53",146
202411,PF,PF,SUL,Nao informado,até 19 anos,entre 30 e 39 anos,QRES,P2P,Pix,"5612,97",269
202411,PJ,PF,SUL,SUL,Nao se aplica,entre 30 e 39 anos,INIC,B2P,Pix,"1659,9",2
202411,PF,PF,NORTE,CENTRO-OESTE,entre 30 e 39 anos,entre 50 e 59 anos,MANU,P2P,Pix,"6854240,06",24498
202411,PF,PF,SUDESTE,SUL,até 19 anos,entre 30 e 39 anos,MANU,P2P,Pix,"902031,19",8337
202411,PJ,PF,NORTE,Nao informado,Nao se aplica,entre 20 e 29 anos,QRES,B2P,Pix,"35632,64",200
202411,PF,PF,Nao informado,NORTE,entre 50 e 59 anos,mais de 60 anos,DICT,P2P,Pix,"228717,37",634
202411,PF,PF,NORDESTE,Nao informado,entre 40 e 49 anos,entre 40 e 49 anos,Nao disponivel,P2P,Nao disponivel,"693,46",11
202411,PF,PF,NORDESTE,SUDESTE,até 19 anos,entre 50 e 59 anos,DICT,P2P,Pix,"10457413,09",134659
202411,PF,PF,Nao informado,NORTE,até 19 anos,até 19 anos,QRES,P2P,Pix,"112,4",10
202411,PJ,PF,CENTRO-OESTE,NORDESTE,Nao se aplica,até 19 anos,QRDN,B2P,Pix,"19474,14",190
202411,PF,PF,Nao informado,SUDESTE,Nao informado,entre 40 e 49 anos,MANU,P2P,Pix,"27686,99",28
202411,PF,PF,NORTE,SUDESTE,entre 50 e 59 anos,mais de 60 anos,QRES,P2P,Pix,"224362,39",3324
202411,PJ,PF,NORDESTE,NORDESTE,Nao se aplica,mais de 60 anos,QRDN,B2P,Pix,"5382859,72",85739
202411,PF,PJ,NORDESTE,NORDESTE,entre 50 e 59 anos,Nao se aplica,QRDN,P2B,Pix Saque,"8827631,76",38276
202411,PF,PF,NORTE,NORTE,entre 20 e 29 anos,entre 50 e 59 anos,Nao disponivel,P2P,Nao disponivel,"1505163,75",7594
202411,PJ,PF,SUDESTE,SUDESTE,Nao se aplica,entre 50 e 59 anos,DICT,B2P,Pix,"12086617198,77",14261881
202411,PJ,PJ,SUDESTE,SUL,Nao se aplica,Nao se aplica,DICT,B2B,Pix,"8095157104,65",639173
202411,PF,PJ,NORDESTE,NORTE,até 19 anos,Nao se aplica,QRES,P2B,Pix,"950573,89",18898
202411,PJ,PJ,SUDESTE,CENTRO-OESTE,Nao se aplica,Nao se aplica,Nao disponivel,G2B,Nao disponivel,"237,09",3
202411,PJ,PF,SUDESTE,SUL,Nao se aplica,entre 40 e 49 anos,DICT,G2P,Pix,"218538,16",77
202411,PF,PF,NORTE,NORTE,mais de 60 anos,entre 50 e 59 anos,Nao disponivel,P2P,Nao disponivel,"187340,92",832
202411,PF,PF,Nao informado,NORTE,Nao informado,entre 50 e 59 anos,QRDN,P2P,Pix,"17,4",2
202411,PF,PJ,SUDESTE,Nao informado,mais de 60 anos,Nao se aplica,QRES,P2B,Pix,"19302,53",37
202411,PF,PF,CENTRO-OESTE,NORTE,até 19 anos,entre 30 e 39 anos,Nao disponivel,P2P,Nao disponivel,"44685,99",430
202411,PF,PF,CENTRO-OESTE,CENTRO-OESTE,mais de 60 anos,entre 20 e 29 anos,Nao disponivel,P2P,Nao disponivel,"363890,72",1361
202411,PJ,PF,CENTRO-OESTE,Nao informado,Nao se aplica,mais de 60 anos,QRES,B2P,Pix,"9113,09",40
202411,PF,PF,SUL,Nao informado,entre 20 e 29 anos,mais de 60 anos,MANU,P2P,Pix,"132082,42",226
202411,PF,PJ,NORDESTE,CENTRO-OESTE,entre 20 e 29 anos,Nao se aplica,QRDN,P2B,Pix Troco,39,2
202411,PF,PJ,NORDESTE,NORTE,mais de 60 anos,Nao se aplica,DICT,P2G,Pix,"107,15",2
202411,PF,PJ,SUDESTE,SUL,entre 20 e 29 anos,Nao se aplica,MANU,P2B,Pix,"18484766,1",39384
202411,PJ,PF,NORTE,Nao informado,Nao se aplica,mais de 60 anos,Nao disponivel,B2P,Nao disponivel,2,1
202411,PF,PF,NORDESTE,NORTE,mais de 60 anos,entre 20 e 29 anos,Nao disponivel,P2P,Nao disponivel,"18747,22",70
202411,PF,PF,NORTE,NORDESTE,mais de 60 anos,entre 50 e 59 anos,MANU,P2P,Pix,"1783010,33",5801
202411,PF,PF,NORTE,NORTE,até 19 anos,entre 40 e 49 anos,QRDN,P2P,Pix,"6827091,28",427803
202411,PF,PJ,SUL,SUL,mais de 60 anos,Nao se aplica,Nao disponivel,P2G,Nao disponivel,"22008,21",5
202411,PF,PF,SUL,NORDESTE,entre 40 e 49 anos,entre 40 e 49 anos,QRES,P2P,Pix,"1063503,41",19609
202411,PF,PF,NORDESTE,SUL,mais de 60 anos,entre 50 e 59 anos,DICT,P2P,Pix,"6792049,28",13811
202411,PF,PF,SUDESTE,SUDESTE,entre 50 e 59 anos,entre 50 e 59 anos,MANU,P2P,Pix,"5682271519,33",10370321
202411,PF,PF,SUDESTE,CENTRO-OESTE,mais de 60 anos,entre 40 e 49 anos,MANU,P2P,Pix,"27963067,46",11741
202411,PF,PF,SUDESTE,SUDESTE,entre 30 e 39 anos,entre 20 e 29 anos,QRES,P2P,Pix,"123874107,96",2221416
202411,PF,PJ,NORDESTE,SUDESTE,entre 20 e 29 anos,Nao se aplica,QRDN,P2B,Pix Troco,"1786,17",13
202411,PF,PF,NORDESTE,SUDESTE,entre 30 e 39 anos,entre 40 e 49 anos,QRDN,P2P,Pix,"8768574,69",299562
202411,PF,PF,CENTRO-OESTE,SUL,entre 50 e 59 anos,mais de 60 anos,Nao disponivel,P2P,Nao disponivel,"13879,88",39
202411,PF,PF,SUDESTE,NORTE,entre 30 e 39 anos,entre 20 e 29 anos,MANU,P2P,Pix,"7104288,3",46014
202411,PF,PF,SUDESTE,CENTRO-OESTE,mais de 60 anos,até 19 anos,QRES,P2P,Pix,"56922,35",606
202411,PJ,PF,SUDESTE,SUDESTE,Nao se aplica,entre 50 e 59 anos,QRES,G2P,Pix,"45801,94",21
202411,PF,PJ,CENTRO-OESTE,NORDESTE,entre 50 e 59 anos,Nao se aplica,QRES,P2B,Pix,"5062384,5",52695
202411,PF,PF,SUDESTE,CENTRO-OESTE,entre 50 e 59 anos,entre 40 e 49 anos,DICT,P2P,Pix,"74142328,47",141739
202411,PF,PF,SUDESTE,NORDESTE,entre 50 e 59 anos,entre 20 e 29 anos,Nao disponivel,P2P,Nao disponivel,"169683,48",1237
202411,PF,PF,NORTE,NORDESTE,entre 30 e 39 anos,entre 20 e 29 anos,QRDN,P2P,Pix,"2086025,12",55921
202411,PF,PF,SUDESTE,NORDESTE,entre 40 e 49 anos,até 19 anos,QRDN,P2P,Pix,"289644,17",8908
202411,PF,PF,NORTE,SUDESTE,até 19 anos,entre 40 e 49 anos,QRDN,P2P,Pix,"146660,67",8358
202411,PJ,PF,SUL,Nao informado,Nao se aplica,entre 30 e 39 anos,Nao disponivel,B2P,Nao disponivel,"423811,75",255
202411,PJ,PF,SUDESTE,SUDESTE,Nao se aplica,entre 40 e 49 anos,DICT,G2P,Pix,"21161973,91",20362
202411,PF,PF,SUL,SUDESTE,mais de 60 anos,entre 40 e 49 anos,QRES,P2P,Pix,"967727,36",5793
202411,PF,PJ,CENTRO-OESTE,SUDESTE,entre 20 e 29 anos,Nao se aplica,INIC,P2B,Pix,"4359,44",125
202411,PJ,PF,SUL,SUDESTE,Nao se aplica,entre 40 e 49 anos,Nao disponivel,B2P,Nao disponivel,"26013645,61",45685
202411,PJ,PF,SUDESTE,NORDESTE,Nao se aplica,até 19 anos,DICT,B2P,Pix,"254856494,01",2450108
202411,PF,PF,Nao informado,SUL,entre 40 e 49 anos,mais de 60 anos,Nao disponivel,P2P,Nao disponivel,131038,6
202411,PF,PF,CENTRO-OESTE,NORDESTE,até 19 anos,mais de 60 anos,QRES,P2P,Pix,"104019,86",5615
202411,PJ,PF,SUL,NORDESTE,Nao se aplica,entre 50 e 59 anos,DICT,B2P,Pix,"75542849,01",186530
202411,PF,PF,SUL,SUDESTE,entre 20 e 29 anos,entre 30 e 39 anos,DICT,P2P,Pix,"78217254,13",381125
202411,PJ,PJ,NORDESTE,NORDESTE,Nao se aplica,Nao se aplica,QRDN,B2B,Pix Troco,"35276,83",58
202411,PF,PJ,NORDESTE,SUDESTE,até 19 anos,Nao se aplica,QRDN,P2B,Pix,"424173003,52",10991815
202411,PF,PF,CENTRO-OESTE,SUL,entre 40 e 49 anos,entre 30 e 39 anos,MANU,P2P,Pix,"4022176,38",13984
202411,PJ,PF,CENTRO-OESTE,SUDESTE,Nao se aplica,entre 40 e 49 anos,DICT,B2P,Pix,"324277925,12",311912
202411,PF,PF,Nao informado,SUDESTE,entre 30 e 39 anos,entre 20 e 29 anos,QRDN,P2P,Pix,"25458,67",743
202411,PF,PJ,SUL,Nao informado,mais de 60 anos,Nao se aplica,MANU,P2B,Pix,"7019,37",5
202411,PF,PJ,NORTE,NORDESTE,entre 30 e 39 anos,Nao se aplica,Nao disponivel,P2B,Nao disponivel,"394087,07",288
202411,PF,PF,NORDESTE,CENTRO-OESTE,entre 50 e 59 anos,entre 50 e 59 anos,Nao disponivel,P2P,Nao disponivel,"20179,22",88
202411,PF,PF,CENTRO-OESTE,SUDESTE,entre 20 e 29 anos,entre 40 e 49 anos,Nao disponivel,P2P,Nao disponivel,"282878,99",1309
202411,PF,PF,SUDESTE,SUL,entre 40 e 49 anos,até 19 anos,QRDN,P2P,Pix,"298968,49",1273
202411,PF,PF,CENTRO-OESTE,SUL,até 19 anos,entre 50 e 59 anos,DICT,P2P,Pix,"1173510,17",8255
202411,PF,PF,NORTE,SUL,entre 40 e 49 anos,entre 20 e 29 anos,QRES,P2P,Pix,"351660,79",7227
202411,PF,PF,SUDESTE,SUDESTE,entre 50 e 59 anos,entre 40 e 49 anos,QRES,P2P,Pix,"91899916,41",1139996
202411,PF,PF,Nao informado,NORDESTE,entre 30 e 39 anos,mais de 60 anos,DICT,P2P,Pix,"1615330,38",2603
202411,PF,PF,CENTRO-OESTE,SUL,entre 20 e 29 anos,mais de 60 anos,Nao disponivel,P2P,Nao disponivel,"56624,64",129
202411,PF,PF,Nao informado,SUDESTE,entre 50 e 59 anos,entre 50 e 59 anos,QRDN,P2P,Pix,"16091,4",194
202411,PF,PF,SUL,CENTRO-OESTE,mais de 60 anos,entre 30 e 39 anos,QRDN,P2P,Pix,"164604,99",1048
202411,PF,PF,Nao informado,Nao informado,mais de 60 anos,mais de 60 anos,INIC,P2P,Pix,15505,17
202411,PF,PJ,Nao informado,SUDESTE,entre 20 e 29 anos,Nao se aplica,QRDN,P2G,Pix,"19593,51",80
202411,PF,PJ,NORTE,NORDESTE,mais de 60 anos,Nao se aplica,Nao disponivel,P2B,Nao disponivel,"29028,18",24
202411,PF,PF,SUDESTE,NORDESTE,entre 50 e 59 anos,Nao informado,DICT,P2P,Pix,2337,9
202411,PJ,PJ,SUDESTE,SUDESTE,Nao se aplica,Nao se aplica,INIC,B2B,Pix,"6519094,7",1936
202411,PF,PF,NORDESTE,SUDESTE,entre 30 e 39 anos,entre 20 e 29 anos,INIC,P2P,Pix,"15,99",2
202411,PJ,PF,NORDESTE,SUL,Nao se aplica,entre 20 e 29 anos,DICT,G2P,Pix,"26401,56",18
202411,PF,PF,Nao informado,Nao informado,mais de 60 anos,entre 20 e 29 anos,Nao disponivel,P2P,Nao disponivel,838,3
202411,PF,PF,SUDESTE,SUDESTE,entre 50 e 59 anos,entre 50 e 59 anos,DICT,P2P,Pix,"14662492822,54",28251553
202411,PJ,PJ,CENTRO-OESTE,Nao informado,Nao se aplica,Nao se aplica,DICT,B2B,Pix,"1320824,31",74
202411,PF,PF,NORTE,NORDESTE,mais de 60 anos,até 19 anos,QRDN,P2P,Pix,"21055,13",352
202411,PF,PF,NORDESTE,NORDESTE,entre 20 e 29 anos,entre 40 e 49 anos,MANU,P2P,Pix,"667886145,32",5308596
202411,PF,PF,CENTRO-OESTE,SUDESTE,entre 30 e 39 anos,entre 40 e 49 anos,QRDN,P2P,Pix,"1346573,44",34648
202411,PF,PJ,NORTE,NORTE,entre 20 e 29 anos,Nao se aplica,Nao disponivel,P2G,Nao disponivel,"1260,25",3
202411,PF,PJ,NORDESTE,SUL,entre 30 e 39 anos,Nao se aplica,QRDN,P2B,Pix Troco,"71,74",3
202411,PF,PF,NORTE,NORTE,até 19 anos,entre 20 e 29 anos,DICT,P2P,Pix,"132160501,47",2241877
202411,PF,PF,SUDESTE,Nao informado,mais de 60 anos,entre 40 e 49 anos,QRDN,P2P,Pix,"6138,51",141
202411,PF,PF,NORTE,NORTE,entre 50 e 59 anos,entre 40 e 49 anos,QRES,P2P,Pix,"23959020,95",535960
202411,PF,PF,SUL,NORTE,entre 40 e 49 anos,entre 30 e 39 anos,DICT,P2P,Pix,"31975776,56",132248
202411,PJ,PF,NORTE,NORDESTE,Nao se aplica,entre 30 e 39 anos,Nao disponivel,B2P,Nao disponivel,"275086,29",1313
202411,PF,PF,NORTE,NORTE,mais de 60 anos,entre 40 e 49 anos,DICT,P2P,Pix,"620881996,84",1813425
202411,PJ,PF,SUDESTE,CENTRO-OESTE,Nao se aplica,entre 50 e 59 anos,DICT,G2P,Pix,"54627,34",35
202411,PF,PF,SUL,SUL,entre 40 e 49 anos,entre 40 e 49 anos,QRDN,P2P,Pix,"15506627,84",305055
202411,PF,PF,NORTE,NORDESTE,até 19 anos,mais de 60 anos,QRES,P2P,Pix,"133430,49",8415
202411,PF,PF,NORTE,NORDESTE,entre 30 e 39 anos,entre 20 e 29 anos,QRES,P2P,Pix,"2587376,62",55998
202411,PF,PF,Nao informado,SUDESTE,entre 20 e 29 anos,entre 50 e 59 anos,Nao disponivel,P2P,Nao disponivel,"1963,89",12
202411,PF,PJ,SUL,NORTE,entre 20 e 29 anos,Nao se aplica,QRES,P2B,Pix,"1402675,94",12696
202411,PF,PJ,SUL,CENTRO-OESTE,entre 50 e 59 anos,Nao se aplica,QRDN,P2B,Pix Troco,"60,5",1
202411,PF,PF,NORDESTE,SUDESTE,até 19 anos,mais de 60 anos,QRDN,P2P,Pix,"345782,74",19936
202411,PF,PF,NORDESTE,SUDESTE,entre 40 e 49 anos,entre 30 e 39 anos,QRDN,P2P,Pix,"4204037,84",116764
202411,PF,PF,CENTRO-OESTE,NORDESTE,entre 40 e 49 anos,até 19 anos,MANU,P2P,Pix,"1444923,65",17624
202411,PJ,PJ,SUDESTE,SUL,Nao se aplica,Nao se aplica,QRES,B2G,Pix,"134786,14",70
202411,PF,PF,NORDESTE,CENTRO-OESTE,entre 20 e 29 anos,entre 50 e 59 anos,QRES,P2P,Pix,"2023154,14",71713
202411,PF,PF,SUDESTE,NORTE,até 19 anos,entre 30 e 39 anos,DICT,P2P,Pix,"3395415,12",36680
202411,PF,PJ,NORTE,NORTE,até 19 anos,Nao se aplica,DICT,P2B,Pix,"66160948,92",432097
202411,PF,PJ,CENTRO-OESTE,NORTE,entre 50 e 59 anos,Nao se aplica,QRDN,P2B,Pix Troco,625,2
202411,PF,PJ,CENTRO-OESTE,NORDESTE,entre 50 e 59 anos,Nao se aplica,DICT,P2G,Pix,"817,67",7
202411,PF,PF,Nao informado,NORDESTE,até 19 anos,entre 40 e 49 anos,MANU,P2P,Pix,"6714,45",130
202411,PJ,PF,SUL,NORTE,Nao se aplica,entre 40 e 49 anos,MANU,G2P,Pix,"34376,24",29
202411,PF,PF,CENTRO-OESTE,Nao informado,entre 30 e 39 anos,entre 40 e 49 anos,QRDN,P2P,Pix,"26912,57",533
202411,PF,PF,NORTE,SUDESTE,entre 20 e 29 anos,mais de 60 anos,MANU,P2P,Pix,"2196515,65",9595
202411,PF,PF,SUDESTE,NORDESTE,entre 40 e 49 anos,entre 40 e 49 anos,MANU,P2P,Pix,"60175130,52",266768
202411,PF,PF,SUL,SUL,até 19 anos,até 19 anos,MANU,P2P,Pix,"145758523,33",1450494
202411,PF,PF,Nao informado,CENTRO-OESTE,entre 40 e 49 anos,entre 20 e 29 anos,QRDN,P2P,Pix,"7106,32",158
202411,PF,PJ,Nao informado,NORDESTE,até 19 anos,Nao se aplica,QRES,P2B,Pix,"17478,25",360
202411,PF,PF,NORDESTE,NORTE,entre 40 e 49 anos,entre 40 e 49 anos,MANU,P2P,Pix,"8988524,44",50804
202411,PF,PJ,SUDESTE,SUDESTE,entre 30 e 39 anos,Nao se aplica,QRES,P2B,Pix Saque,"199236,86",1512
202411,PF,PF,SUDESTE,NORTE,entre 30 e 39 anos,entre 50 e 59 anos,QRDN,P2P,Pix,"308801,88",10303
202411,PF,PF,SUL,SUDESTE,mais de 60 anos,Nao informado,QRES,P2P,Pix,"250754,11",109
202411,PF,PJ,CENTRO-OESTE,CENTRO-OESTE,entre 20 e 29 anos,Nao se aplica,MANU,P2B,Pix Saque,1570,3
202411,PF,PF,SUL,Nao informado,entre 30 e 39 anos,mais de 60 anos,Nao disponivel,P2P,Nao disponivel,"7180,55",3
202411,PJ,PJ,NORTE,SUDESTE,Nao se aplica,Nao se aplica,MANU,B2B,Pix,"1151161874,05",26522
202411,PF,PF,SUL,NORTE,entre 50 e 59 anos,entre 40 e 49 anos,QRDN,P2P,Pix,"91328,78",2291
202411,PJ,PF,Nao informado,NORDESTE,Nao se aplica,entre 30 e 39 anos,MANU,B2P,Pix,"266172,75",125
202411,PF,PJ,CENTRO-OESTE,NORDESTE,entre 40 e 49 anos,Nao se aplica,QRDN,P2B,Pix,"215510291,42",5079549
202411,PF,PJ,NORTE,CENTRO-OESTE,entre 50 e 59 anos,Nao se aplica,QRES,P2B,Pix Saque,"42,1",1
202411,PF,PJ,SUL,CENTRO-OESTE,mais de 60 anos,Nao se aplica,Nao disponivel,P2B,Nao disponivel,"18883,98",151
202411,PF,PF,SUDESTE,NORDESTE,entre 20 e 29 anos,entre 30 e 39 anos,QRES,P2P,Pix,"9049692,75",240231
202411,PF,PF,NORTE,SUDESTE,entre 20 e 29 anos,mais de 60 anos,DICT,P2P,Pix,"10985496,29",46552
202411,PF,PF,NORTE,SUDESTE,até 19 anos,entre 30 e 39 anos,Nao disponivel,P2P,Nao disponivel,"42349,93",516
202411,PF,PF,SUL,NORTE,entre 30 e 39 anos,mais de 60 anos,DICT,P2P,Pix,"6660393,74",17679
202411,PF,PF,NORDESTE,NORTE,Nao informado,entre 50 e 59 anos,QRES,P2P,Pix,30,1
202411,PF,PF,CENTRO-OESTE,NORTE,entre 30 e 39 anos,mais de 60 anos,QRES,P2P,Pix,"428422,02",9659
202411,PF,PF,CENTRO-OESTE,Nao informado,entre 20 e 29 anos,até 19 anos,MANU,P2P,Pix,"3813,73",69
202411,PJ,PJ,SUDESTE,NORTE,Nao se aplica,Nao se aplica,QRDN,B2B,Pix,"43774998,16",44785
202411,PF,PF,NORTE,SUDESTE,entre 30 e 39 anos,entre 20 e 29 anos,QRDN,P2P,Pix,"670870,52",19399
202411,PF,PF,CENTRO-OESTE,CENTRO-OESTE,entre 20 e 29 anos,entre 50 e 59 anos,QRDN,P2P,Pix,"12100355,69",466626
202411,PF,PF,SUL,SUDESTE,mais de 60 anos,até 19 anos,DICT,P2P,Pix,"3808149,12",16696
202411,PF,PJ,NORDESTE,NORDESTE,até 19 anos,Nao se aplica,MANU,P2B,Pix,"25169748,49",289657
202411,PF,PJ,SUDESTE,CENTRO-OESTE,entre 50 e 59 anos,Nao se aplica,Nao disponivel,P2B,Nao disponivel,"256477,83",910
202411,PF,PF,NORDESTE,NORTE,entre 50 e 59 anos,até 19 anos,Nao disponivel,P2P,Nao disponivel,"3176,22",169
202411,PF,PJ,NORTE,CENTRO-OESTE,entre 30 e 39 anos,Nao se aplica,QRDN,P2G,Pix,"20539513,1",103821
202411,PF,PF,NORDESTE,NORTE,entre 20 e 29 anos,mais de 60 anos,QRES,P2P,Pix,"658779,85",26660
202411,PF,PJ,NORTE,SUDESTE,entre 30 e 39 anos,Nao se aplica,DICT,P2G,Pix,"21863,49",31
202411,PF,PJ,SUDESTE,SUL,mais de 60 anos,Nao se aplica,QRDN,P2G,Pix,"1445424,99",2037
202411,PF,PF,Nao informado,NORTE,entre 20 e 29 anos,entre 20 e 29 anos,Nao disponivel,P2P,Nao disponivel,"8000,19",32
202411,PF,PJ,SUL,NORTE,entre 50 e 59 anos,Nao se aplica,QRDN,P2B,Pix Troco,15,1
202411,PF,PJ,CENTRO-OESTE,SUDESTE,mais de 60 anos,Nao se aplica,QRES,P2B,Pix Saque,100,1
202411,PF,PJ,SUL,NORTE,mais de 60 anos,Nao se aplica,QRDN,P2G,Pix,"316483,69",333
202411,PF,PF,Nao informado,Nao informado,entre 40 e 49 anos,entre 20 e 29 anos,Nao disponivel,P2P,Nao disponivel,"174,68",2
202411,PF,PF,SUL,SUDESTE,entre 30 e 39 anos,até 19 anos,MANU,P2P,Pix,"1276792,11",12177
202411,PF,PJ,CENTRO-OESTE,NORDESTE,entre 20 e 29 anos,Nao se aplica,MANU,P2B,Pix,"3512701,54",13705
202411,PF,PF,SUL,NORTE,entre 40 e 49 anos,entre 40 e 49 anos,QRES,P2P,Pix,"446899,69",9333
202411,PF,PF,SUDESTE,CENTRO-OESTE,mais de 60 anos,entre 30 e 39 anos,QRES,P2P,Pix,558548,4920
202411,PF,PF,CENTRO-OESTE,SUL,entre 20 e 29 anos,mais de 60 anos,QRDN,P2P,Pix,"273728,75",4196
202411,PF,PF,NORTE,CENTRO-OESTE,entre 40 e 49 anos,entre 50 e 59 anos,Nao disponivel,P2P,Nao disponivel,"26492,52",125
202411,PF,PF,Nao informado,SUDESTE,até 19 anos,entre 30 e 39 anos,DICT,P2P,Pix,"112316,27",515
202411,PF,PF,SUL,NORTE,entre 50 e 59 anos,até 19 anos,QRES,P2P,Pix,"17014,3",431
202411,PF,PF,SUL,CENTRO-OESTE,até 19 anos,entre 20 e 29 anos,DICT,P2P,Pix,"2554864,78",25501
202411,PF,PF,Nao informado,SUDESTE,entre 30 e 39 anos,mais de 60 anos,MANU,P2P,Pix,5036398,2589
202411,PF,PJ,SUDESTE,SUL,mais de 60 anos,Nao se aplica,QRDN,P2B,Pix Saque,"439157,37",1456
202411,PJ,PJ,NORTE,SUDESTE,Nao se aplica,Nao se aplica,QRDN,B2B,Pix,"383012104,5",738928
202411,PF,PF,SUL,SUL,entre 40 e 49 anos,entre 40 e 49 anos,INIC,P2P,Pix,"4347412,48",6598
202411,PJ,PJ,NORTE,SUL,Nao se aplica,Nao se aplica,QRDN,G2B,Pix,"11833,45",12
202411,PJ,PF,NORTE,NORTE,Nao se aplica,entre 40 e 49 anos,QRDN,G2P,Pix,30,1
202411,PF,PJ,SUL,NORTE,entre 40 e 49 anos,Nao se aplica,QRES,P2G,Pix,"923,12",15
202411,PJ,PF,Nao informado,SUL,Nao se aplica,entre 50 e 59 anos,MANU,B2P,Pix,"85288,99",17
202411,PJ,PF,SUDESTE,Nao informado,Nao se aplica,entre 20 e 29 anos,QRES,B2P,Pix,"79181,57",133
202411,PF,PF,SUL,SUDESTE,entre 20 e 29 anos,entre 50 e 59 anos,QRDN,P2P,Pix,"557508,12",19727
202411,PF,PF,NORTE,SUDESTE,entre 30 e 39 anos,até 19 anos,QRDN,P2P,Pix,"50271,47",1540
202411,PF,PJ,CENTRO-OESTE,NORTE,mais de 60 anos,Nao se aplica,MANU,P2B,Pix,"8058631,27",1743
202411,PJ,PF,SUDESTE,CENTRO-OESTE,Nao se aplica,entre 50 e 59 anos,QRDN,B2P,Pix,"159266,57",2075
202411,PJ,PJ,NORDESTE,SUL,Nao se aplica,Nao se aplica,Nao disponivel,B2B,Nao disponivel,"11648003,36",7061
202411,PF,PF,NORTE,SUDESTE,entre 50 e 59 anos,mais de 60 anos,Nao disponivel,P2P,Nao disponivel,"19726,84",44
202411,PF,PF,SUL,SUDESTE,entre 30 e 39 anos,entre 40 e 49 anos,QRES,P2P,Pix,"3922533,59",47589
202411,PJ,PF,NORTE,SUL,Nao se aplica,mais de 60 anos,Nao disponivel,B2P,Nao disponivel,"22708,81",31
202411,PF,PF,Nao informado,NORTE,entre 40 e 49 anos,entre 20 e 29 anos,DICT,P2P,Pix,"1718960,23",7306
202411,PJ,PF,NORTE,Nao informado,Nao se aplica,entre 30 e 39 anos,DICT,B2P,Pix,"3529753,07",4218
202411,PF,PF,Nao informado,Nao informado,até 19 anos,entre 50 e 59 anos,QRDN,P2P,Pix,1000,1
202411,PF,PF,CENTRO-OESTE,CENTRO-OESTE,até 19 anos,entre 40 e 49 anos,QRES,P2P,Pix,"7960366,74",298967
202411,PJ,PF,CENTRO-OESTE,Nao informado,Nao se aplica,mais de 60 anos,MANU,G2P,Pix,"48291,53",22
202411,PF,PJ,CENTRO-OESTE,NORDESTE,entre 40 e 49 anos,Nao se aplica,Nao disponivel,P2B,Nao disponivel,"170759,51",140
202411,PF,PF,SUL,SUDESTE,até 19 anos,entre 50 e 59 anos,MANU,P2P,Pix,"423863,22",3998
202411,PF,PF,SUL,CENTRO-OESTE,entre 30 e 39 anos,entre 30 e 39 anos,INIC,P2P,Pix,240,3
202411,PJ,PF,SUDESTE,SUDESTE,Nao se aplica,mais de 60 anos,QRDN,G2P,Pix,"521,99",5
202411,PF,PJ,CENTRO-OESTE,NORDESTE,mais de 60 anos,Nao se aplica,QRES,P2G,Pix,"4610,83",24
202411,PF,PF,NORDESTE,NORDESTE,entre 40 e 49 anos,entre 20 e 29 anos,DICT,P2P,Pix,"3011233074,02",17691569
202411,PF,PJ,NORTE,NORTE,entre 30 e 39 anos,Nao se aplica,QRES,P2B,Pix,"416099358,18",3366164
202411,PF,PF,NORTE,Nao informado,entre 50 e 59 anos,entre 20 e 29 anos,Nao disponivel,P2P,Nao disponivel,131,4
202411,PF,PJ,NORDESTE,NORDESTE,até 19 anos,Nao se aplica,Nao disponivel,P2G,Nao disponivel,3780,3
202411,PF,PF,NORTE,SUL,mais de 60 anos,entre 30 e 39 anos,Nao disponivel,P2P,Nao disponivel,"8158,18",28
202411,PF,PF,NORDESTE,NORTE,mais de 60 anos,entre 40 e 49 anos,Nao disponivel,P2P,Nao disponivel,"10063,39",78
202411,PJ,PF,NORTE,SUDESTE,Nao se aplica,entre 50 e 59 anos,QRDN,B2P,Pix,"96214,42",1052
202411,PJ,PF,CENTRO-OESTE,NORTE,Nao se aplica,entre 50 e 59 anos,QRDN,B2P,Pix,"87018,98",1593
202411,PF,PJ,CENTRO-OESTE,NORTE,entre 40 e 49 anos,Nao se aplica,QRDN,P2B,Pix Saque,"45523,24",212
202411,PF,PJ,Nao informado,SUDESTE,entre 40 e 49 anos,Nao se aplica,QRDN,P2B,Pix,"30659078,13",106078
202411,PF,PF,NORDESTE,SUDESTE,entre 20 e 29 anos,entre 20 e 29 anos,MANU,P2P,Pix,"63812404,01",553543
202411,PF,PF,Nao informado,NORTE,Nao informado,entre 30 e 39 anos,MANU,P2P,Pix,"179,31",3
202411,PF,PF,Nao informado,NORTE,entre 50 e 59 anos,entre 50 e 59 anos,DICT,P2P,Pix,"744740,85",1305
202411,PF,PJ,CENTRO-OESTE,NORDESTE,entre 20 e 29 anos,Nao se aplica,QRDN,P2B,Pix Saque,"102851,83",313
202411,PF,PJ,SUL,SUDESTE,até 19 anos,Nao se aplica,MANU,P2B,Pix,"1267131,67",6962
202411,PF,PF,CENTRO-OESTE,NORTE,entre 40 e 49 anos,até 19 anos,QRDN,P2P,Pix,"42867,58",992
202411,PJ,PF,SUL,NORTE,Nao se aplica,mais de 60 anos,DICT,G2P,Pix,"7735,4",47
202411,PF,PF,NORDESTE,SUL,entre 30 e 39 anos,entre 20 e 29 anos,QRES,P2P,Pix,"912990,1",20942
202411,PJ,PF,NORDESTE,NORTE,Nao se aplica,entre 30 e 39 anos,DICT,B2P,Pix,"489506130,77",2356694
202411,PF,PF,CENTRO-OESTE,SUL,entre 30 e 39 anos,entre 50 e 59 anos,Nao disponivel,P2P,Nao disponivel,"75158,58",188
202411,PF,PF,CENTRO-OESTE,SUDESTE,entre 30 e 39 anos,mais de 60 anos,DICT,P2P,Pix,"50624538,17",88032
202411,PJ,PF,SUL,NORTE,Nao se aplica,entre 20 e 29 anos,QRES,B2P,Pix,"515609,55",2126
202411,PJ,PF,NORTE,SUDESTE,Nao se aplica,entre 40 e 49 anos,QRES,B2P,Pix,"2422625,44",6076
202411,PF,PF,SUDESTE,NORTE,mais de 60 anos,até 19 anos,QRES,P2P,Pix,"62473,08",483
202411,PJ,PF,Nao informado,NORTE,Nao se aplica,entre 40 e 49 anos,QRDN,B2P,Pix,"449,16",15
202411,PF,PF,SUDESTE,SUDESTE,entre 40 e 49 anos,entre 50 e 59 anos,MANU,P2P,Pix,"980366739,68",3002551
202411,PJ,PF,SUDESTE,NORTE,Nao se aplica,entre 50 e 59 anos,MANU,G2P,Pix,"2710,13",13
202411,PJ,PF,NORDESTE,Nao informado,Nao se aplica,entre 50 e 59 anos,QRDN,B2P,Pix,"1545,11",50
202411,PF,PF,NORTE,NORDESTE,até 19 anos,entre 20 e 29 anos,Nao disponivel,P2P,Nao disponivel,"30678,65",786
202411,PF,PF,CENTRO-OESTE,SUL,entre 20 e 29 anos,mais de 60 anos,MANU,P2P,Pix,"1445093,6",4093
202411,PJ,PJ,Nao informado,NORTE,Nao se aplica,Nao se aplica,QRES,B2B,Pix,"43300,7",77
202411,PF,PF,SUDESTE,Nao informado,entre 30 e 39 anos,entre 20 e 29 anos,QRES,P2P,Pix,"84644,41",833
202411,PF,PJ,NORTE,CENTRO-OESTE,entre 30 e 39 anos,Nao se aplica,QRDN,P2B,Pix,"72451849,78",938901
202411,PF,PJ,NORDESTE,SUL,até 19 anos,Nao se aplica,MANU,P2G,Pix,"470,65",1
202411,PF,PF,SUL,NORTE,mais de 60 anos,entre 20 e 29 anos,MANU,P2P,Pix,"868121,36",2581
202411,PF,PJ,SUL,SUL,entre 20 e 29 anos,Nao se aplica,Nao disponivel,P2B,Nao disponivel,"8235799,62",9444
202411,PF,PF,SUDESTE,NORTE,mais de 60 anos,entre 30 e 39 anos,Nao disponivel,P2P,Nao disponivel,17216,105
202411,PJ,PF,SUL,SUL,Nao se aplica,até 19 anos,MANU,G2P,Pix,"87213,17",196
202411,PF,PF,SUL,NORTE,entre 20 e 29 anos,até 19 anos,MANU,P2P,Pix,"438097,25",6150
202411,PJ,PF,SUDESTE,SUDESTE,Nao se aplica,até 19 anos,QRDN,G2P,Pix,60,1
202411,PF,PF,NORDESTE,SUL,mais de 60 anos,entre 20 e 29 anos,Nao disponivel,P2P,Nao disponivel,"4695,31",61
202411,PF,PF,Nao informado,SUDESTE,mais de 60 anos,até 19 anos,DICT,P2P,Pix,"220188,9",528
202411,PJ,PJ,NORTE,SUDESTE,Nao se aplica,Nao se aplica,Nao disponivel,B2G,Nao disponivel,"0,01",1
202411,PJ,PF,NORDESTE,NORDESTE,Nao se aplica,entre 40 e 49 anos,DICT,B2P,Pix,"7187091675,75",9014726
202411,PJ,PF,CENTRO-OESTE,SUL,Nao se aplica,entre 50 e 59 anos,Nao disponivel,B2P,Nao disponivel,"164156,61",592
202411,PF,PF,CENTRO-OESTE,SUDESTE,entre 20 e 29 anos,mais de 60 anos,MANU,P2P,Pix,"7012514,92",12376
202411,PF,PF,Nao informado,SUL,entre 50 e 59 anos,entre 40 e 49 anos,QRES,P2P,Pix,"24349,13",180
202411,PF,PF,Nao informado,CENTRO-OESTE,mais de 60 anos,entre 30 e 39 anos,Nao disponivel,P2P,Nao disponivel,687,4
202411,PF,PF,NORTE,SUL,mais de 60 anos,entre 40 e 49 anos,Nao disponivel,P2P,Nao disponivel,"7078,26",16
202411,PF,PJ,SUL,SUL,entre 30 e 39 anos,Nao se aplica,QRES,P2B,Pix Saque,"73642,5",468
202411,PF,PF,CENTRO-OESTE,CENTRO-OESTE,entre 20 e 29 anos,entre 30 e 39 anos,DICT,P2P,Pix,"1111202816,56",5237713
202411,PF,PF,SUDESTE,CENTRO-OESTE,entre 40 e 49 anos,entre 40 e 49 anos,Nao disponivel,P2P,Nao disponivel,"297971,31",752
202411,PJ,PF,CENTRO-OESTE,NORDESTE,Nao se aplica,mais de 60 anos,MANU,B2P,Pix,"27626146,13",7109
202411,PF,PJ,NORTE,SUDESTE,entre 40 e 49 anos,Nao se aplica,QRDN,P2B,Pix,"980175611,77",16647995
202411,PF,PJ,SUDESTE,Nao informado,entre 30 e 39 anos,Nao se aplica,DICT,P2B,Pix,"174226,16",242
202411,PF,PF,NORTE,NORTE,entre 40 e 49 anos,entre 50 e 59 anos,QRES,P2P,Pix,"32881906,94",913206
202411,PJ,PJ,CENTRO-OESTE,NORDESTE,Nao se aplica,Nao se aplica,DICT,B2B,Pix,"717558477,02",68225
202411,PF,PJ,NORDESTE,Nao informado,entre 50 e 59 anos,Nao se aplica,QRES,P2B,Pix,"25346,32",108
202411,PJ,PF,SUDESTE,SUDESTE,Nao se aplica,até 19 anos,Nao disponivel,G2P,Nao disponivel,"12677,75",52
202411,PF,PJ,NORTE,SUL,entre 30 e 39 anos,Nao se aplica,QRDN,P2G,Pix,"394376,37",1348
202411,PF,PJ,SUDESTE,CENTRO-OESTE,até 19 anos,Nao se aplica,QRES,P2B,Pix,"5454715,27",31707
202411,PF,PJ,CENTRO-OESTE,NORDESTE,entre 50 e 59 anos,Nao se aplica,MANU,P2G,Pix,1235,4
202411,PF,PF,NORDESTE,Nao informado,entre 30 e 39 anos,entre 40 e 49 anos,QRES,P2P,Pix,"127979,18",2410
202411,PJ,PJ,NORTE,CENTRO-OESTE,Nao se aplica,Nao se aplica,DICT,B2B,Pix,"656935531,98",87486
202411,PF,PF,SUL,NORDESTE,entre 30 e 39 anos,mais de 60 anos,QRES,P2P,Pix,"370686,74",8942
202411,PF,PF,SUDESTE,Nao informado,entre 20 e 29 anos,mais de 60 anos,Nao disponivel,P2P,Nao disponivel,"28501,6",12
202411,PF,PF,SUDESTE,Nao informado,entre 40 e 49 anos,entre 30 e 39 anos,QRDN,P2P,Pix,"19187,27",255
202411,PF,PF,NORTE,Nao informado,mais de 60 anos,até 19 anos,DICT,P2P,Pix,"17983,48",123
202411,PJ,PF,SUDESTE,Nao informado,Nao se aplica,entre 30 e 39 anos,QRES,B2P,Pix,"110313,35",211
202411,PF,PF,CENTRO-OESTE,SUL,mais de 60 anos,entre 50 e 59 anos,DICT,P2P,Pix,"17021555,96",19648
202411,PF,PF,SUDESTE,NORDESTE,entre 40 e 49 anos,entre 30 e 39 anos,QRES,P2P,Pix,"11243560,76",215181
202411,PF,PF,SUDESTE,SUL,entre 30 e 39 anos,entre 20 e 29 anos,QRES,P2P,Pix,"2155887,96",36452
202411,PF,PF,SUL,NORDESTE,entre 20 e 29 anos,mais de 60 anos,Nao disponivel,P2P,Nao disponivel,"17029,88",89
202411,PF,PJ,CENTRO-OESTE,CENTRO-OESTE,mais de 60 anos,Nao se aplica,MANU,P2B,Pix Saque,140,2
202411,PF,PF,SUDESTE,NORTE,entre 50 e 59 anos,entre 50 e 59 anos,MANU,P2P,Pix,"4895878,49",8212
202411,PJ,PF,SUDESTE,CENTRO-OESTE,Nao se aplica,entre 40 e 49 anos,DICT,B2P,Pix,"788321231,81",2733681
202411,PF,PJ,NORTE,SUL,entre 40 e 49 anos,Nao se aplica,QRES,P2B,Pix Saque,"195,09",6
202411,PF,PJ,SUDESTE,SUL,mais de 60 anos,Nao se aplica,QRES,P2G,Pix,"13126,48",129
202411,PF,PF,SUDESTE,SUL,mais de 60 anos,entre 30 e 39 anos,DICT,P2P,Pix,"62902610,48",122139
202411,PF,PF,CENTRO-OESTE,NORTE,até 19 anos,entre 50 e 59 anos,MANU,P2P,Pix,"214923,72",2662
202411,PF,PJ,SUL,NORDESTE,entre 20 e 29 anos,Nao se aplica,QRES,P2G,Pix,"1194,02",64
202411,PF,PF,NORDESTE,SUDESTE,entre 30 e 39 anos,mais de 60 anos,QRDN,P2P,Pix,"2368435,06",86156
202411,PF,PF,Nao informado,Nao informado,entre 20 e 29 anos,mais de 60 anos,QRDN,P2P,Pix,"2161,6",54
202411,PF,PF,SUL,NORDESTE,entre 20 e 29 anos,entre 30 e 39 anos,DICT,P2P,Pix,"31578469,4",194404
202411,PF,PJ,NORTE,CENTRO-OESTE,entre 30 e 39 anos,Nao se aplica,QRES,P2G,Pix,"50884,3",554
202411,PF,PF,SUL,NORTE,entre 50 e 59 anos,entre 50 e 59 anos,Nao disponivel,P2P,Nao disponivel,"59978,55",53
202411,PF,PF,CENTRO-OESTE,Nao informado,entre 20 e 29 anos,entre 40 e 49 anos,DICT,P2P,Pix,"973972,79",2518
202411,PF,PF,NORTE,NORDESTE,entre 50 e 59 anos,Nao informado,DICT,P2P,Pix,6,1
202411,PJ,PF,CENTRO-OESTE,SUDESTE,Nao se aplica,entre 50 e 59 anos,DICT,B2P,Pix,"196680591,17",166966
202411,PF,PJ,NORTE,NORDESTE,entre 30 e 39 anos,Nao se aplica,DICT,P2B,Pix,"68882814,67",108513
202411,PF,PF,CENTRO-OESTE,SUL,entre 40 e 49 anos,entre 50 e 59 anos,QRDN,P2P,Pix,"186638,13",3799
202411,PJ,PJ,NORTE,CENTRO-OESTE,Nao se aplica,Nao se aplica,MANU,B2B,Pix,"292085314,8",36229
202411,PF,PJ,CENTRO-OESTE,Nao informado,mais de 60 anos,Nao se aplica,MANU,P2B,Pix,"5066,75",4
202411,PF,PJ,SUL,NORDESTE,entre 50 e 59 anos,Nao se aplica,QRDN,P2B,Pix,"115446972,91",3266063
202411,PF,PF,NORDESTE,Nao informado,entre 30 e 39 anos,até 19 anos,Nao disponivel,P2P,Nao disponivel,"2354,85",3
202411,PJ,PF,SUDESTE,CENTRO-OESTE,Nao se aplica,entre 20 e 29 anos,QRDN,B2P,Pix,"227451,66",2314
202411,PF,PJ,NORDESTE,NORDESTE,entre 40 e 49 anos,Nao se aplica,MANU,P2B,Pix,"626176273,29",1648119
202411,PF,PF,CENTRO-OESTE,CENTRO-OESTE,entre 40 e 49 anos,entre 40 e 49 anos,DICT,P2P,Pix,"6979962114,32",12011119
202411,PF,PF,NORDESTE,NORDESTE,entre 30 e 39 anos,entre 40 e 49 anos,QRES,P2P,Pix,"218883249,92",5643667
202411,PF,PF,SUL,NORTE,entre 20 e 29 anos,entre 30 e 39 anos,DICT,P2P,Pix,"22803650,08",164233
202411,PF,PF,SUDESTE,NORDESTE,entre 40 e 49 anos,mais de 60 anos,MANU,P2P,Pix,"25006248,71",60294
202411,PF,PF,SUDESTE,Nao informado,entre 50 e 59 anos,entre 40 e 49 anos,DICT,P2P,Pix,"4584933,95",6545
202411,PF,PF,SUL,SUL,entre 20 e 29 anos,até 19 anos,MANU,P2P,Pix,"43799875,39",491350
202411,PF,PF,NORDESTE,Nao informado,entre 40 e 49 anos,entre 20 e 29 anos,DICT,P2P,Pix,"1926156,5",15254
202411,PF,PF,SUDESTE,Nao informado,entre 20 e 29 anos,Nao informado,MANU,P2P,Pix,"1665,4",36
202411,PJ,PJ,SUDESTE,SUDESTE,Nao se aplica,Nao se aplica,Nao disponivel,B2G,Nao disponivel,"340524,75",112
202411,PJ,PF,SUDESTE,SUDESTE,Nao se aplica,Nao informado,QRDN,B2P,Pix,"8553,97",11
202411,PF,PF,NORTE,SUDESTE,entre 30 e 39 anos,Nao informado,INIC,P2P,Pix,"381,73",3
202411,PF,PF,NORTE,NORDESTE,entre 20 e 29 anos,até 19 anos,QRES,P2P,Pix,"176866,98",6060
202411,PF,PJ,NORTE,NORTE,mais de 60 anos,Nao se aplica,MANU,P2B,Pix,"63150652,05",123723
202411,PF,PF,NORTE,NORTE,até 19 anos,entre 40 e 49 anos,DICT,P2P,Pix,"124549732,49",1554452
202411,PF,PF,CENTRO-OESTE,SUDESTE,entre 50 e 59 anos,até 19 anos,Nao disponivel,P2P,Nao disponivel,"4199,76",277
202411,PF,PJ,NORDESTE,CENTRO-OESTE,entre 30 e 39 anos,Nao se aplica,QRDN,P2B,Pix,"131217339,13",1879385
202411,PJ,PF,SUDESTE,SUDESTE,Nao se aplica,até 19 anos,MANU,B2P,Pix,"232104204,42",757994
202411,PF,PF,NORDESTE,NORTE,entre 20 e 29 anos,até 19 anos,QRES,P2P,Pix,"178338,73",6591
202411,PF,PF,CENTRO-OESTE,SUDESTE,entre 20 e 29 anos,entre 30 e 39 anos,DICT,P2P,Pix,"73088625,15",336782
202411,PF,PF,SUDESTE,Nao informado,entre 20 e 29 anos,até 19 anos,DICT,P2P,Pix,"46976,36",452
202411,PF,PJ,Nao informado,SUL,mais de 60 anos,Nao se aplica,MANU,P2B,Pix,"1158958,47",251
202411,PF,PF,Nao informado,CENTRO-OESTE,entre 40 e 49 anos,entre 30 e 39 anos,DICT,P2P,Pix,"2653242,12",3816
202411,PF,PF,NORTE,NORDESTE,entre 40 e 49 anos,entre 50 e 59 anos,QRDN,P2P,Pix,"817453,55",21410
202411,PF,PF,Nao informado,NORDESTE,mais de 60 anos,mais de 60 anos,QRES,P2P,Pix,"9130,22",95
202411,PF,PF,CENTRO-OESTE,NORTE,entre 30 e 39 anos,entre 50 e 59 anos,QRES,P2P,Pix,"685210,08",18159
202411,PF,PF,NORTE,NORTE,entre 40 e 49 anos,entre 30 e 39 anos,QRDN,P2P,Pix,"31110088,95",988395
202411,PJ,PJ,SUDESTE,SUL,Nao se aplica,Nao se aplica,QRDN,B2G,Pix,"37003149,86",12873
202411,PF,PJ,NORDESTE,SUDESTE,até 19 anos,Nao se aplica,Nao disponivel,P2B,Nao disponivel,"574991,06",1470
202411,PF,PF,SUL,NORDESTE,até 19 anos,entre 50 e 59 anos,MANU,P2P,Pix,"202546,24",1385
202411,PJ,PJ,SUL,Nao informado,Nao se aplica,Nao se aplica,QRDN,B2B,Pix,"32179,3",204
202411,PF,PF,NORDESTE,Nao informado,entre 20 e 29 anos,entre 50 e 59 anos,MANU,P2P,Pix,"119723,31",748
202411,PF,PJ,SUL,Nao informado,mais de 60 anos,Nao se aplica,DICT,P2B,Pix,"5547,22",22
202411,PF,PF,CENTRO-OESTE,SUDESTE,mais de 60 anos,mais de 60 anos,Nao disponivel,P2P,Nao disponivel,"41860,79",75
202411,PF,PF,SUDESTE,Nao informado,entre 50 e 59 anos,entre 30 e 39 anos,MANU,P2P,Pix,"1030561,49",1997
202411,PF,PJ,SUDESTE,SUL,entre 20 e 29 anos,Nao se aplica,QRDN,P2G,Pix,"963910,94",3404
202411,PJ,PJ,SUDESTE,SUDESTE,Nao se aplica,Nao se aplica,QRDN,B2B,Pix Saque,"7665478,4",17466
202411,PF,PF,NORDESTE,Nao informado,entre 30 e 39 anos,entre 30 e 39 anos,DICT,P2P,Pix,"4596881,13",18867
202411,PF,PF,CENTRO-OESTE,Nao informado,entre 40 e 49 anos,entre 50 e 59 anos,Nao disponivel,P2P,Nao disponivel,"1692,61",3
202411,PJ,PF,CENTRO-OESTE,CENTRO-OESTE,Nao se aplica,até 19 anos,Nao disponivel,B2P,Nao disponivel,"592033,1",6105
202411,PJ,PF,NORTE,SUL,Nao se aplica,até 19 anos,DICT,B2P,Pix,"5512444,33",39722
202411,PJ,PF,NORDESTE,NORTE,Nao se aplica,entre 40 e 49 anos,Nao disponivel,B2P,Nao disponivel,"413363,32",5883
202411,PJ,PJ,SUL,NORDESTE,Nao se aplica,Nao se aplica,Nao disponivel,B2B,Nao disponivel,"6748607,82",13981
202411,PF,PJ,CENTRO-OESTE,CENTRO-OESTE,entre 40 e 49 anos,Nao se aplica,QRES,P2G,Pix,"864504,82",8691
202411,PF,PJ,NORTE,NORDESTE,entre 40 e 49 anos,Nao se aplica,QRDN,P2G,Pix,"662228,9",1328
202411,PF,PJ,CENTRO-OESTE,CENTRO-OESTE,entre 20 e 29 anos,Nao se aplica,QRDN,P2B,Pix Troco,"11736,92",24
202411,PJ,PJ,NORDESTE,NORDESTE,Nao se aplica,Nao se aplica,DICT,B2G,Pix,"3986663,17",1501
202411,PF,PF,CENTRO-OESTE,NORDESTE,entre 30 e 39 anos,entre 40 e 49 anos,MANU,P2P,Pix,"11839336,27",62469
202411,PF,PJ,Nao informado,NORTE,entre 30 e 39 anos,Nao se aplica,DICT,P2B,Pix,"2447827,54",2705
202411,PF,PF,NORDESTE,NORTE,até 19 anos,entre 20 e 29 anos,QRDN,P2P,Pix,"219049,52",8993
202411,PF,PJ,CENTRO-OESTE,CENTRO-OESTE,entre 50 e 59 anos,Nao se aplica,QRES,P2B,Pix,"222714533,24",1268607
202411,PF,PJ,NORTE,SUDESTE,entre 20 e 29 anos,Nao se aplica,QRDN,P2B,Pix Troco,"43,95",1
202411,PF,PF,CENTRO-OESTE,CENTRO-OESTE,entre 40 e 49 anos,entre 20 e 29 anos,MANU,P2P,Pix,"134691157,5",764738
202411,PF,PJ,CENTRO-OESTE,CENTRO-OESTE,mais de 60 anos,Nao se aplica,QRES,P2G,Pix,"257435,07",2288
202411,PF,PF,NORTE,NORDESTE,mais de 60 anos,até 19 anos,MANU,P2P,Pix,"134619,72",1735
202411,PF,PF,SUDESTE,SUDESTE,entre 20 e 29 anos,entre 30 e 39 anos,MANU,P2P,Pix,"1022634958,36",6091670
202411,PF,PF,NORTE,SUDESTE,entre 20 e 29 anos,mais de 60 anos,Nao disponivel,P2P,Nao disponivel,"88773,66",287
202411,PF,PF,CENTRO-OESTE,NORDESTE,entre 20 e 29 anos,entre 20 e 29 anos,Nao disponivel,P2P,Nao disponivel,"629336,77",3282
202411,PF,PF,SUL,NORDESTE,entre 40 e 49 anos,até 19 anos,MANU,P2P,Pix,"435309,72",5180
202411,PF,PF,NORTE,SUDESTE,mais de 60 anos,entre 20 e 29 anos,QRES,P2P,Pix,"342366,16",2102
202411,PF,PF,NORDESTE,SUDESTE,até 19 anos,entre 30 e 39 anos,QRES,P2P,Pix,"2106249,93",92051
202411,PF,PJ,CENTRO-OESTE,NORTE,entre 40 e 49 anos,Nao se aplica,DICT,P2B,Pix,"78330504,56",54521
202411,PF,PF,SUDESTE,NORDESTE,mais de 60 anos,mais de 60 anos,DICT,P2P,Pix,"51758233,66",112344
202411,PF,PJ,NORTE,SUDESTE,entre 30 e 39 anos,Nao se aplica,Nao disponivel,P2B,Nao disponivel,"828914,52",773
202411,PF,PF,SUDESTE,CENTRO-OESTE,mais de 60 anos,entre 20 e 29 anos,QRES,P2P,Pix,"482789,63",3164
202411,PJ,PF,SUL,NORTE,Nao se aplica,mais de 60 anos,MANU,B2P,Pix,"16016313,06",6321
202411,PF,PF,Nao informado,NORTE,entre 40 e 49 anos,até 19 anos,QRDN,P2P,Pix,"1667,5",47
202411,PF,PF,SUDESTE,CENTRO-OESTE,até 19 anos,entre 20 e 29 anos,QRDN,P2P,Pix,"275232,09",7560
202411,PF,PF,NORTE,Nao informado,entre 20 e 29 anos,entre 50 e 59 anos,Nao disponivel,P2P,Nao disponivel,"973,89",8
202411,PJ,PF,SUDESTE,NORDESTE,Nao se aplica,entre 30 e 39 anos,Nao disponivel,B2P,Nao disponivel,"51771112,86",655710
202411,PF,PF,NORDESTE,SUL,até 19 anos,entre 20 e 29 anos,QRES,P2P,Pix,"270453,76",15642
202411,PJ,PF,NORTE,Nao informado,Nao se aplica,até 19 anos,DICT,B2P,Pix,"176800,68",121
202411,PJ,PF,SUDESTE,Nao informado,Nao se aplica,entre 40 e 49 anos,MANU,G2P,Pix,"12057,71",2
202411,PF,PF,SUL,Nao informado,entre 40 e 49 anos,entre 40 e 49 anos,QRDN,P2P,Pix,"6666,53",53
202411,PF,PF,NORTE,NORTE,entre 20 e 29 anos,entre 20 e 29 anos,MANU,P2P,Pix,"1544663339,97",10078487
202411,PF,PF,NORDESTE,NORDESTE,entre 20 e 29 anos,até 19 anos,DICT,P2P,Pix,"407072334,45",5369829
202411,PF,PJ,NORTE,CENTRO-OESTE,entre 20 e 29 anos,Nao se aplica,MANU,P2G,Pix,"3649,79",7
202411,PF,PF,CENTRO-OESTE,Nao informado,entre 40 e 49 anos,mais de 60 anos,QRDN,P2P,Pix,"1734,2",31
202411,PF,PJ,NORTE,SUL,entre 30 e 39 anos,Nao se aplica,Nao disponivel,P2B,Nao disponivel,"261116,69",209
202411,PF,PF,SUL,Nao informado,entre 40 e 49 anos,mais de 60 anos,QRES,P2P,Pix,"18217,3",283
202411,PF,PF,Nao informado,SUL,entre 40 e 49 anos,até 19 anos,Nao disponivel,P2P,Nao disponivel,1031,2
202411,PF,PF,NORTE,SUDESTE,mais de 60 anos,entre 30 e 39 anos,QRES,P2P,Pix,"471894,61",2970
202411,PF,PJ,NORTE,SUDESTE,até 19 anos,Nao se aplica,DICT,P2B,Pix,"6138822,21",23449
202411,PF,PF,CENTRO-OESTE,NORDESTE,entre 40 e 49 anos,entre 20 e 29 anos,QRDN,P2P,Pix,"1137881,21",30668
202411,PF,PJ,SUDESTE,CENTRO-OESTE,entre 20 e 29 anos,Nao se aplica,QRES,P2G,Pix,"15248,07",180
202411,PF,PJ,CENTRO-OESTE,CENTRO-OESTE,entre 30 e 39 anos,Nao se aplica,QRDN,P2B,Pix Saque,"4610130,69",17833
202411,PF,PF,SUL,CENTRO-OESTE,entre 30 e 39 anos,entre 40 e 49 anos,Nao disponivel,P2P,Nao disponivel,"82000,43",308
202411,PJ,PJ,CENTRO-OESTE,CENTRO-OESTE,Nao se aplica,Nao se aplica,DICT,G2B,Pix,"131878686,19",12460
202411,PF,PJ,Nao informado,CENTRO-OESTE,até 19 anos,Nao se aplica,QRDN,P2B,Pix Saque,200,1
202411,PF,PF,SUDESTE,SUL,até 19 anos,entre 50 e 59 anos,DICT,P2P,Pix,"3580945,32",23598
202411,PF,PF,SUDESTE,SUDESTE,entre 30 e 39 anos,Nao informado,QRES,P2P,Pix,"6344974,65",5859
202411,PJ,PF,NORDESTE,CENTRO-OESTE,Nao se aplica,entre 20 e 29 anos,DICT,G2P,Pix,"77207,83",53
202411,PF,PF,Nao informado,CENTRO-OESTE,mais de 60 anos,entre 20 e 29 anos,DICT,P2P,Pix,"565032,57",599
202411,PF,PF,NORTE,CENTRO-OESTE,até 19 anos,entre 20 e 29 anos,QRES,P2P,Pix,"301940,64",11265
202411,PF,PF,SUDESTE,NORDESTE,entre 50 e 59 anos,entre 40 e 49 anos,MANU,P2P,Pix,"32046062,9",125487
202411,PF,PF,SUDESTE,NORDESTE,entre 30 e 39 anos,entre 20 e 29 anos,Nao disponivel,P2P,Nao disponivel,"1068487,65",6432
202411,PF,PJ,SUDESTE,NORTE,entre 40 e 49 anos,Nao se aplica,DICT,P2G,Pix,"35652,14",36
202411,PF,PJ,NORTE,SUL,até 19 anos,Nao se aplica,QRDN,P2B,Pix Saque,"250004,67",1208
202411,PF,PJ,SUDESTE,SUDESTE,entre 50 e 59 anos,Nao se aplica,QRES,P2G,Pix,"6804827,68",34565
202411,PF,PF,CENTRO-OESTE,NORDESTE,entre 40 e 49 anos,entre 20 e 29 anos,MANU,P2P,Pix,"9692546,42",66888
202411,PF,PF,SUL,NORDESTE,mais de 60 anos,entre 30 e 39 anos,Nao disponivel,P2P,Nao disponivel,"15544,03",45
202411,PF,PF,CENTRO-OESTE,SUDESTE,entre 40 e 49 anos,Nao informado,QRES,P2P,Pix,"602410,45",430
202411,PF,PF,SUDESTE,NORTE,entre 50 e 59 anos,entre 20 e 29 anos,QRES,P2P,Pix,"368176,58",6586
202411,PF,PF,SUL,CENTRO-OESTE,entre 50 e 59 anos,entre 40 e 49 anos,DICT,P2P,Pix,"24225291,9",42839
202411,PF,PJ,CENTRO-OESTE,NORTE,entre 20 e 29 anos,Nao se aplica,DICT,P2G,Pix,"3241,46",12
202411,PF,PF,NORTE,NORTE,entre 30 e 39 anos,até 19 anos,QRES,P2P,Pix,"3397399,76",87834
202411,PF,PF,NORDESTE,SUDESTE,entre 30 e 39 anos,entre 30 e 39 anos,MANU,P2P,Pix,"89675553,65",542757
202411,PF,PF,NORDESTE,SUDESTE,entre 50 e 59 anos,Nao informado,QRDN,P2P,Pix,"3688,56",15
202411,PF,PF,SUL,Nao informado,mais de 60 anos,entre 50 e 59 anos,DICT,P2P,Pix,"1802699,68",1152
202411,PJ,PF,SUDESTE,NORTE,Nao se aplica,entre 20 e 29 anos,Nao disponivel,B2P,Nao disponivel,18352266,287298
202411,PF,PF,NORTE,NORDESTE,até 19 anos,entre 40 e 49 anos,DICT,P2P,Pix,"3802939,95",46496
202411,PJ,PF,SUDESTE,Nao informado,Nao se aplica,entre 50 e 59 anos,DICT,B2P,Pix,"21290662,58",10940
202411,PF,PF,SUL,SUDESTE,entre 50 e 59 anos,mais de 60 anos,QRES,P2P,Pix,"899569,99",4917
202411,PF,PF,Nao informado,SUL,entre 30 e 39 anos,até 19 anos,QRES,P2P,Pix,"3681,88",69
202411,PJ,PF,SUDESTE,NORTE,Nao se aplica,entre 40 e 49 anos,MANU,B2P,Pix,"366239955,97",704142
202411,PF,PF,NORDESTE,NORDESTE,entre 30 e 39 anos,entre 50 e 59 anos,QRES,P2P,Pix,"140774176,21",3974198
202411,PF,PF,SUL,SUL,mais de 60 anos,mais de 60 anos,DICT,P2P,Pix,"2900677160,8",3283117
202411,PF,PF,SUDESTE,CENTRO-OESTE,entre 40 e 49 anos,entre 50 e 59 anos,Nao disponivel,P2P,Nao disponivel,"119480,32",359
202411,PF,PJ,CENTRO-OESTE,SUDESTE,mais de 60 anos,Nao se aplica,DICT,P2G,Pix,"62260,04",73
202411,PJ,PF,NORTE,NORDESTE,Nao se aplica,entre 50 e 59 anos,Nao disponivel,B2P,Nao disponivel,"93918,79",366
202411,PJ,PF,SUDESTE,NORDESTE,Nao se aplica,mais de 60 anos,MANU,B2P,Pix,"590592180,61",321529
202411,PJ,PF,NORTE,NORTE,Nao se aplica,entre 30 e 39 anos,QRDN,G2P,Pix,"361,33",2
202411,PF,PF,NORDESTE,NORTE,entre 20 e 29 anos,entre 30 e 39 anos,QRDN,P2P,Pix,"1814682,05",65788
202411,PF,PF,NORDESTE,NORDESTE,entre 30 e 39 anos,entre 30 e 39 anos,QRES,P2P,Pix,"613957264,83",6041997
202411,PF,PF,Nao informado,NORDESTE,entre 30 e 39 anos,entre 50 e 59 anos,QRDN,P2P,Pix,"28038,95",904
202411,PJ,PF,Nao informado,Nao informado,Nao se aplica,entre 40 e 49 anos,DICT,B2P,Pix,"314328,39",369
202411,PF,PF,SUL,CENTRO-OESTE,entre 30 e 39 anos,entre 20 e 29 anos,DICT,P2P,Pix,"25207226,25",103302
202411,PF,PJ,SUL,NORDESTE,entre 20 e 29 anos,Nao se aplica,QRDN,P2B,Pix Saque,"20865,59",103
202411,PF,PF,SUL,NORDESTE,entre 20 e 29 anos,entre 40 e 49 anos,QRDN,P2P,Pix,"391634,36",13176
202411,PF,PF,Nao informado,SUDESTE,mais de 60 anos,entre 40 e 49 anos,MANU,P2P,Pix,"1328236,7",970
202411,PF,PJ,NORDESTE,SUL,entre 40 e 49 anos,Nao se aplica,MANU,P2G,Pix,"2695,84",13
202411,PF,PF,SUDESTE,SUL,entre 50 e 59 anos,entre 30 e 39 anos,Nao disponivel,P2P,Nao disponivel,"112052,93",429
202411,PF,PF,CENTRO-OESTE,NORDESTE,entre 20 e 29 anos,mais de 60 anos,INIC,P2P,Pix,150,3
202411,PF,PF,SUDESTE,SUL,entre 50 e 59 anos,entre 20 e 29 anos,DICT,P2P,Pix,"41764293,35",139389
202411,PF,PF,SUDESTE,NORTE,entre 20 e 29 anos,mais de 60 anos,MANU,P2P,Pix,"1125794,07",3851
202411,PF,PJ,CENTRO-OESTE,CENTRO-OESTE,entre 40 e 49 anos,Nao se aplica,INIC,P2B,Pix,"34736,01",25
202411,PF,PF,NORTE,NORTE,até 19 anos,entre 20 e 29 anos,MANU,P2P,Pix,"32989250,37",586933
202411,PF,PF,NORTE,SUL,entre 20 e 29 anos,até 19 anos,DICT,P2P,Pix,"3261201,03",41060
202411,PF,PJ,SUDESTE,NORTE,entre 50 e 59 anos,Nao se aplica,QRDN,P2G,Pix,"642718,07",1015
202411,PF,PJ,NORTE,NORDESTE,mais de 60 anos,Nao se aplica,QRES,P2G,Pix,"534,44",12
202411,PF,PF,CENTRO-OESTE,Nao informado,entre 40 e 49 anos,entre 40 e 49 anos,Nao disponivel,P2P,Nao disponivel,"17525,07",13
202411,PF,PF,NORDESTE,SUDESTE,entre 50 e 59 anos,Nao informado,QRES,P2P,Pix,"989999,94",861
202411,PF,PF,Nao informado,NORDESTE,entre 40 e 49 anos,até 19 anos,MANU,P2P,Pix,"51098,05",619
202411,PF,PF,SUDESTE,NORDESTE,até 19 anos,entre 20 e 29 anos,QRES,P2P,Pix,"1552927,3",68638
202411,PF,PF,CENTRO-OESTE,NORTE,mais de 60 anos,entre 30 e 39 anos,MANU,P2P,Pix,"2820921,02",5268
202411,PJ,PJ,NORTE,SUDESTE,Nao se aplica,Nao se aplica,QRDN,B2B,Pix Saque,"15329,11",51
202411,PF,PF,SUDESTE,SUL,mais de 60 anos,entre 30 e 39 anos,MANU,P2P,Pix,"8217096,51",14443
202411,PJ,PF,CENTRO-OESTE,SUDESTE,Nao se aplica,até 19 anos,MANU,G2P,Pix,"635273,51",265
202411,PF,PF,NORTE,SUDESTE,mais de 60 anos,entre 40 e 49 anos,Nao disponivel,P2P,Nao disponivel,"164314,24",62
202411,PJ,PF,CENTRO-OESTE,SUDESTE,Nao se aplica,entre 50 e 59 anos,Nao disponivel,G2P,Nao disponivel,100,1
202411,PF,PJ,SUDESTE,SUDESTE,mais de 60 anos,Nao se aplica,QRES,P2B,Pix Saque,"50406,49",325
202411,PF,PF,SUDESTE,SUL,entre 50 e 59 anos,entre 30 e 39 anos,DICT,P2P,Pix,"65358145,29",188775
202411,PF,PF,NORTE,NORTE,Nao informado,entre 20 e 29 anos,MANU,P2P,Pix,"796,5",7
202411,PJ,PF,NORTE,NORDESTE,Nao se aplica,até 19 anos,Nao disponivel,B2P,Nao disponivel,"14113,08",248
202411,PF,PF,Nao informado,SUL,entre 20 e 29 anos,entre 30 e 39 anos,QRDN,P2P,Pix,"23817,04",824
202411,PF,PF,SUDESTE,NORTE,entre 20 e 29 anos,entre 50 e 59 anos,DICT,P2P,Pix,"11010089,89",43295
202411,PF,PF,NORTE,SUDESTE,até 19 anos,entre 20 e 29 anos,Nao disponivel,P2P,Nao disponivel,"59546,06",778
202411,PF,PF,NORDESTE,Nao informado,até 19 anos,entre 30 e 39 anos,DICT,P2P,Pix,"124942,31",1567
202411,PF,PF,NORTE,Nao informado,até 19 anos,entre 40 e 49 anos,QRES,P2P,Pix,"7983,56",269
202411,PF,PF,NORTE,CENTRO-OESTE,até 19 anos,entre 30 e 39 anos,QRES,P2P,Pix,"383087,6",13025
202411,PF,PF,CENTRO-OESTE,NORDESTE,mais de 60 anos,entre 40 e 49 anos,MANU,P2P,Pix,"3503072,37",8990
202411,PF,PF,Nao informado,Nao informado,entre 30 e 39 anos,entre 20 e 29 anos,DICT,P2P,Pix,"1435572,65",6601
202411,PF,PF,SUDESTE,SUDESTE,entre 20 e 29 anos,entre 20 e 29 anos,QRDN,P2P,Pix,"71712115,75",2441858
202411,PF,PJ,SUL,CENTRO-OESTE,entre 30 e 39 anos,Nao se aplica,QRES,P2G,Pix,"16937,59",209
202411,PF,PF,SUL,CENTRO-OESTE,entre 40 e 49 anos,até 19 anos,QRDN,P2P,Pix,"23714,34",413
202411,PF,PF,Nao informado,NORTE,mais de 60 anos,entre 20 e 29 anos,QRES,P2P,Pix,"3570,11",53
202411,PF,PF,NORDESTE,CENTRO-OESTE,mais de 60 anos,entre 20 e 29 anos,Nao disponivel,P2P,Nao disponivel,"107500,13",85
202411,PF,PF,SUDESTE,Nao informado,entre 20 e 29 anos,entre 50 e 59 anos,MANU,P2P,Pix,"489102,58",771
202411,PF,PF,SUL,CENTRO-OESTE,até 19 anos,entre 30 e 39 anos,QRES,P2P,Pix,"127465,63",3417
202411,PF,PF,SUL,SUL,entre 50 e 59 anos,entre 30 e 39 anos,QRES,P2P,Pix,"19827462,46",198274
202411,PF,PF,SUDESTE,NORTE,entre 20 e 29 anos,entre 50 e 59 anos,QRES,P2P,Pix,"411568,87",13163
202411,PJ,PF,SUL,SUDESTE,Nao se aplica,até 19 anos,MANU,G2P,Pix,"3873,01",7
202411,PF,PF,NORDESTE,SUDESTE,entre 20 e 29 anos,entre 40 e 49 anos,INIC,P2P,Pix,450,1
202411,PJ,PF,SUL,SUDESTE,Nao se aplica,Nao informado,DICT,B2P,Pix,162,1
202411,PF,PF,CENTRO-OESTE,SUL,entre 30 e 39 anos,entre 30 e 39 anos,MANU,P2P,Pix,"6337619,53",26400
202411,PF,PF,SUDESTE,SUDESTE,entre 20 e 29 anos,entre 50 e 59 anos,INIC,P2P,Pix,1102,5
202411,PF,PF,SUL,CENTRO-OESTE,até 19 anos,entre 40 e 49 anos,QRES,P2P,Pix,"104789,74",5478
202411,PF,PF,NORDESTE,NORDESTE,entre 50 e 59 anos,Nao informado,QRES,P2P,Pix,"132,5",5
202411,PF,PJ,NORDESTE,NORDESTE,entre 30 e 39 anos,Nao se aplica,INIC,P2B,Pix,"2839,38",21
202411,PF,PF,NORDESTE,Nao informado,mais de 60 anos,entre 40 e 49 anos,DICT,P2P,Pix,"2726660,21",3200
202411,PF,PJ,NORDESTE,SUL,mais de 60 anos,Nao se aplica,MANU,P2G,Pix,"121,2",1
202411,PF,PJ,SUDESTE,NORDESTE,até 19 anos,Nao se aplica,MANU,P2G,Pix,"70,5",2
202411,PF,PF,SUL,CENTRO-OESTE,até 19 anos,entre 50 e 59 anos,MANU,P2P,Pix,"132813,81",1049
202411,PF,PJ,Nao informado,NORDESTE,até 19 anos,Nao se aplica,QRDN,P2B,Pix Saque,200,1
202411,PJ,PJ,CENTRO-OESTE,SUL,Nao se aplica,Nao se aplica,Nao disponivel,B2B,Nao disponivel,"1765822,83",650
202411,PF,PJ,SUL,CENTRO-OESTE,entre 20 e 29 anos,Nao se aplica,DICT,P2B,Pix,"38005593,79",44183
202411,PF,PJ,SUL,Nao informado,entre 50 e 59 anos,Nao se aplica,DICT,P2B,Pix,"37500,99",28
202411,PF,PF,NORTE,CENTRO-OESTE,mais de 60 anos,entre 30 e 39 anos,DICT,P2P,Pix,"24270826,26",41508
202411,PF,PJ,Nao informado,SUDESTE,entre 40 e 49 anos,Nao se aplica,INIC,P2B,Pix,"54,99",4
202411,PF,PJ,CENTRO-OESTE,Nao informado,entre 50 e 59 anos,Nao se aplica,MANU,P2B,Pix,"5971,02",2
202411,PF,PF,Nao informado,SUDESTE,entre 20 e 29 anos,até 19 anos,QRES,P2P,Pix,"8209,46",139
202411,PF,PF,CENTRO-OESTE,SUL,mais de 60 anos,entre 20 e 29 anos,DICT,P2P,Pix,"9753205,77",17666
202411,PF,PF,NORTE,NORDESTE,entre 30 e 39 anos,entre 50 e 59 anos,QRDN,P2P,Pix,"1015185,84",31587
202411,PF,PF,NORDESTE,NORTE,entre 30 e 39 anos,entre 20 e 29 anos,MANU,P2P,Pix,"8343864,63",73808
202411,PJ,PF,SUDESTE,NORTE,Nao se aplica,mais de 60 anos,QRES,B2P,Pix,"201407,48",1261
202411,PF,PF,Nao informado,SUL,entre 40 e 49 anos,entre 40 e 49 anos,MANU,P2P,Pix,"853534,26",1386
202411,PF,PF,SUDESTE,SUDESTE,entre 50 e 59 anos,entre 20 e 29 anos,INIC,P2P,Pix,60,2
202411,PF,PF,Nao informado,SUDESTE,entre 20 e 29 anos,mais de 60 anos,Nao disponivel,P2P,Nao disponivel,3381,6
202411,PJ,PF,SUL,NORTE,Nao se aplica,entre 50 e 59 anos,Nao disponivel,B2P,Nao disponivel,"785226,56",2894
202411,PF,PF,SUL,SUL,mais de 60 anos,mais de 60 anos,QRDN,P2P,Pix,"1907869,7",21387
202411,PF,PF,SUDESTE,NORDESTE,Nao informado,entre 40 e 49 anos,QRES,P2P,Pix,15,1
202411,PF,PF,NORTE,SUL,entre 40 e 49 anos,entre 40 e 49 anos,DICT,P2P,Pix,"25195680,68",99108
202411,PF,PJ,CENTRO-OESTE,SUL,mais de 60 anos,Nao se aplica,QRES,P2B,Pix,"13793105,86",46285
202411,PF,PF,NORTE,NORDESTE,até 19 anos,entre 50 e 59 anos,DICT,P2P,Pix,"1790466,26",20020
202411,PF,PF,SUDESTE,CENTRO-OESTE,entre 20 e 29 anos,entre 50 e 59 anos,DICT,P2P,Pix,"28828337,5",96686
202411,PF,PF,NORTE,CENTRO-OESTE,mais de 60 anos,até 19 anos,MANU,P2P,Pix,"152572,68",1200
202411,PJ,PF,NORDESTE,NORTE,Nao se aplica,entre 40 e 49 anos,MANU,G2P,Pix,"35367,13",15
202411,PF,PF,NORTE,NORTE,entre 30 e 39 anos,mais de 60 anos,Nao disponivel,P2P,Nao disponivel,"1206956,48",3491
202411,PF,PF,SUL,SUDESTE,entre 50 e 59 anos,entre 30 e 39 anos,DICT,P2P,Pix,"64301079,04",177739
202411,PF,PJ,NORDESTE,NORTE,entre 50 e 59 anos,Nao se aplica,Nao disponivel,P2B,Nao disponivel,"32423,27",21
202411,PF,PF,NORTE,NORDESTE,entre 50 e 59 anos,mais de 60 anos,QRES,P2P,Pix,"487932,64",9282
202411,PF,PJ,CENTRO-OESTE,SUL,entre 20 e 29 anos,Nao se aplica,MANU,P2B,Pix,"5581075,05",10895
202411,PF,PF,NORDESTE,NORTE,entre 30 e 39 anos,entre 40 e 49 anos,MANU,P2P,Pix,"9959873,18",65412
202411,PJ,PJ,SUDESTE,SUDESTE,Nao se aplica,Nao se aplica,QRDN,B2B,Pix Troco,"138775,62",259
202411,PF,PJ,SUDESTE,NORTE,entre 50 e 59 anos,Nao se aplica,QRDN,P2B,Pix,"33992692,14",995753
202411,PF,PF,Nao informado,SUDESTE,entre 30 e 39 anos,mais de 60 anos,QRDN,P2P,Pix,"16016,84",600
202411,PJ,PF,CENTRO-OESTE,CENTRO-OESTE,Nao se aplica,Nao informado,DICT,B2P,Pix,"2185,7",4
202411,PF,PF,SUL,SUL,entre 20 e 29 anos,entre 30 e 39 anos,QRES,P2P,Pix,"45308071,2",779591
202411,PF,PF,SUL,SUDESTE,entre 30 e 39 anos,Nao informado,QRES,P2P,Pix,"1023738,63",825
202411,PF,PF,Nao informado,NORTE,entre 40 e 49 anos,até 19 anos,MANU,P2P,Pix,"44988,42",451
202411,PF,PF,CENTRO-OESTE,Nao informado,até 19 anos,até 19 anos,DICT,P2P,Pix,"11284,12",265
202411,PF,PF,SUL,Nao informado,entre 30 e 39 anos,mais de 60 anos,QRDN,P2P,Pix,"955,3",12
202411,PF,PJ,SUDESTE,Nao informado,entre 30 e 39 anos,Nao se aplica,MANU,P2B,Pix,"2385692,13",58
202411,PF,PF,Nao informado,NORDESTE,entre 40 e 49 anos,mais de 60 anos,QRDN,P2P,Pix,"10257,84",295
202411,PF,PF,NORTE,Nao informado,até 19 anos,entre 30 e 39 anos,QRDN,P2P,Pix,"4029,15",226
202411,PF,PF,NORTE,CENTRO-OESTE,entre 30 e 39 anos,até 19 anos,QRES,P2P,Pix,"172195,3",3247
202411,PJ,PJ,CENTRO-OESTE,CENTRO-OESTE,Nao se aplica,Nao se aplica,QRDN,B2B,Pix,"1704035153,43",3023805
202411,PF,PF,SUDESTE,SUL,mais de 60 anos,entre 50 e 59 anos,DICT,P2P,Pix,"49009768,44",75159
202411,PF,PJ,SUDESTE,NORDESTE,mais de 60 anos,Nao se aplica,QRDN,P2B,Pix Saque,"217479,14",847
202411,PF,PF,NORDESTE,SUL,entre 20 e 29 anos,até 19 anos,DICT,P2P,Pix,"4653340,95",57087
202411,PF,PF,SUDESTE,SUDESTE,mais de 60 anos,entre 50 e 59 anos,DICT,P2P,Pix,"3668792960,01",8493716
202411,PF,PF,NORDESTE,SUDESTE,entre 30 e 39 anos,Nao informado,QRES,P2P,Pix,"3895413,39",3788
202411,PF,PJ,SUDESTE,SUDESTE,entre 40 e 49 anos,Nao se aplica,DICT,P2B,Pix,"10953925774,47",17912374
202411,PF,PF,SUDESTE,NORDESTE,entre 40 e 49 anos,entre 20 e 29 anos,QRES,P2P,Pix,"7331669,04",140307
202411,PF,PF,SUDESTE,CENTRO-OESTE,mais de 60 anos,entre 20 e 29 anos,QRDN,P2P,Pix,"104126,85",1804
202411,PF,PF,CENTRO-OESTE,SUDESTE,mais de 60 anos,entre 50 e 59 anos,QRES,P2P,Pix,"383588,75",3794
202411,PJ,PF,SUDESTE,NORDESTE,Nao se aplica,entre 30 e 39 anos,DICT,G2P,Pix,"330812,69",255
202411,PF,PF,Nao informado,NORTE,até 19 anos,mais de 60 anos,DICT,P2P,Pix,"9259,69",108
202411,PF,PF,SUL,NORDESTE,entre 20 e 29 anos,entre 20 e 29 anos,MANU,P2P,Pix,"8501834,51",63380
202411,PF,PF,SUL,Nao informado,entre 30 e 39 anos,entre 50 e 59 anos,QRES,P2P,Pix,"67006,33",384
202411,PJ,PJ,Nao informado,Nao informado,Nao se aplica,Nao se aplica,MANU,G2G,Pix,20000,1
202411,PF,PF,SUL,NORDESTE,entre 40 e 49 anos,mais de 60 anos,QRDN,P2P,Pix,"126082,3",3239
202411,PJ,PJ,SUL,SUL,Nao se aplica,Nao se aplica,Nao disponivel,G2B,Nao disponivel,"8279,23",23
202411,PF,PF,NORTE,Nao informado,entre 40 e 49 anos,entre 30 e 39 anos,Nao disponivel,P2P,Nao disponivel,20445,13
202411,PF,PJ,Nao informado,SUL,entre 30 e 39 anos,Nao se aplica,MANU,P2G,Pix,50,1
202411,PF,PF,Nao informado,NORTE,entre 30 e 39 anos,entre 50 e 59 anos,QRDN,P2P,Pix,"15537,61",555
202411,PF,PJ,SUL,NORDESTE,entre 20 e 29 anos,Nao se aplica,QRDN,P2B,Pix,"363414381,33",7696648
202411,PF,PF,NORDESTE,SUDESTE,entre 50 e 59 anos,Nao informado,INIC,P2P,Pix,"320,63",1
202411,PF,PJ,NORDESTE,NORDESTE,mais de 60 anos,Nao se aplica,INIC,P2B,Pix,250,3
202411,PJ,PJ,NORDESTE,NORDESTE,Nao se aplica,Nao se aplica,MANU,G2G,Pix,"1206634717,8",7526
202411,PF,PF,SUDESTE,Nao informado,entre 20 e 29 anos,entre 30 e 39 anos,Nao disponivel,P2P,Nao disponivel,"12073,21",68
202411,PF,PF,SUL,NORTE,até 19 anos,mais de 60 anos,Nao disponivel,P2P,Nao disponivel,"712,55",33
202411,PF,PF,NORTE,CENTRO-OESTE,entre 20 e 29 anos,mais de 60 anos,QRDN,P2P,Pix,"464736,95",18422
202411,PF,PF,NORTE,NORTE,até 19 anos,mais de 60 anos,MANU,P2P,Pix,"5233846,24",98343
202411,PF,PJ,NORTE,CENTRO-OESTE,mais de 60 anos,Nao se aplica,QRDN,P2B,Pix Saque,"25190,11",114
202411,PJ,PF,CENTRO-OESTE,Nao informado,Nao se aplica,entre 20 e 29 anos,MANU,B2P,Pix,"162578,6",432
202411,PF,PJ,SUDESTE,NORDESTE,entre 30 e 39 anos,Nao se aplica,QRES,P2B,Pix,"45838986,21",703358
202411,PF,PF,CENTRO-OESTE,CENTRO-OESTE,entre 30 e 39 anos,entre 30 e 39 anos,QRDN,P2P,Pix,"29539696,79",758223
202411,PF,PF,SUDESTE,CENTRO-OESTE,entre 30 e 39 anos,entre 50 e 59 anos,DICT,P2P,Pix,"60641436,42",136389
202411,PF,PF,NORTE,NORTE,Nao informado,entre 50 e 59 anos,MANU,P2P,Pix,2122,60
202411,PJ,PF,NORDESTE,CENTRO-OESTE,Nao se aplica,mais de 60 anos,DICT,B2P,Pix,"63973215,69",147296
202411,PF,PF,NORDESTE,CENTRO-OESTE,mais de 60 anos,entre 50 e 59 anos,DICT,P2P,Pix,"18679224,49",33191
202411,PF,PF,CENTRO-OESTE,SUDESTE,entre 20 e 29 anos,entre 30 e 39 anos,Nao disponivel,P2P,Nao disponivel,"461287,88",1914
202411,PF,PF,SUL,SUL,mais de 60 anos,entre 40 e 49 anos,Nao disponivel,P2P,Nao disponivel,"1006254,28",2131
202411,PF,PF,NORDESTE,NORDESTE,até 19 anos,entre 40 e 49 anos,MANU,P2P,Pix,"103037630,81",1466915
202411,PJ,PJ,SUL,NORTE,Nao se aplica,Nao se aplica,DICT,B2B,Pix,"726713364,78",52059
202411,PJ,PJ,NORTE,CENTRO-OESTE,Nao se aplica,Nao se aplica,QRDN,B2B,Pix Saque,"7505,33",21
202411,PF,PJ,NORTE,NORTE,mais de 60 anos,Nao se aplica,INIC,P2B,Pix,2,1
202411,PF,PF,Nao informado,Nao informado,entre 30 e 39 anos,entre 20 e 29 anos,MANU,P2P,Pix,"346208,32",1878
202411,PF,PF,NORDESTE,NORDESTE,mais de 60 anos,entre 20 e 29 anos,QRES,P2P,Pix,"19117785,43",237906
202411,PF,PJ,CENTRO-OESTE,CENTRO-OESTE,entre 40 e 49 anos,Nao se aplica,MANU,P2B,Pix,"365721145,46",647571
202411,PF,PJ,SUDESTE,SUL,até 19 anos,Nao se aplica,QRES,P2B,Pix,"19922428,99",156294
202411,PF,PJ,SUL,NORTE,entre 20 e 29 anos,Nao se aplica,MANU,P2B,Pix,"784789,17",2972
202411,PF,PF,CENTRO-OESTE,Nao informado,entre 40 e 49 anos,entre 40 e 49 anos,QRES,P2P,Pix,"99377,16",344
202411,PF,PF,NORTE,SUDESTE,Nao informado,entre 40 e 49 anos,QRES,P2P,Pix,55,1
202411,PF,PF,SUDESTE,NORTE,até 19 anos,entre 30 e 39 anos,QRDN,P2P,Pix,"119835,76",4929
202411,PF,PF,Nao informado,SUL,até 19 anos,entre 30 e 39 anos,QRES,P2P,Pix,"2243,7",91
202411,PF,PJ,NORTE,NORTE,entre 50 e 59 anos,Nao se aplica,DICT,P2G,Pix,"295720,28",532
202411,PF,PF,NORTE,CENTRO-OESTE,entre 50 e 59 anos,entre 40 e 49 anos,Nao disponivel,P2P,Nao disponivel,"43599,29",83
202411,PJ,PF,NORTE,NORTE,Nao se aplica,até 19 anos,Nao disponivel,B2P,Nao disponivel,"268036,24",4140
202411,PF,PF,NORDESTE,SUDESTE,entre 30 e 39 anos,entre 20 e 29 anos,DICT,P2P,Pix,"234482794,55",1469929
202411,PF,PF,NORDESTE,SUL,entre 50 e 59 anos,mais de 60 anos,DICT,P2P,Pix,"7815203,65",12801
202411,PJ,PF,CENTRO-OESTE,NORTE,Nao se aplica,mais de 60 anos,MANU,G2P,Pix,"8773126,73",901
202411,PF,PF,SUDESTE,Nao informado,entre 40 e 49 anos,entre 30 e 39 anos,MANU,P2P,Pix,"1076768,61",3589
202411,PF,PJ,NORTE,NORDESTE,mais de 60 anos,Nao se aplica,QRES,P2B,Pix,"2954374,89",20330
202411,PF,PF,NORTE,NORTE,entre 20 e 29 anos,até 19 anos,Nao disponivel,P2P,Nao disponivel,"513146,45",9080
202411,PF,PF,NORTE,Nao informado,entre 30 e 39 anos,entre 30 e 39 anos,QRES,P2P,Pix,"140738,48",2362
202411,PF,PF,SUL,SUL,até 19 anos,entre 50 e 59 anos,DICT,P2P,Pix,"108521844,97",826123
202411,PJ,PF,Nao informado,CENTRO-OESTE,Nao se aplica,mais de 60 anos,MANU,B2P,Pix,"35809,98",8
202411,PF,PF,SUDESTE,Nao informado,até 19 anos,entre 50 e 59 anos,DICT,P2P,Pix,"168908,84",497
202411,PF,PF,Nao informado,NORDESTE,entre 50 e 59 anos,mais de 60 anos,MANU,P2P,Pix,"400111,91",501
202411,PJ,PJ,NORDESTE,SUDESTE,Nao se aplica,Nao se aplica,MANU,G2B,Pix,"46612662,59",1693
202411,PF,PF,NORTE,CENTRO-OESTE,mais de 60 anos,entre 20 e 29 anos,QRDN,P2P,Pix,"58755,9",1137
202411,PF,PF,CENTRO-OESTE,NORDESTE,mais de 60 anos,entre 50 e 59 anos,QRES,P2P,Pix,366762,5057
202411,PJ,PF,CENTRO-OESTE,NORTE,Nao se aplica,entre 20 e 29 anos,DICT,G2P,Pix,"603129,96",632
202411,PF,PF,CENTRO-OESTE,CENTRO-OESTE,até 19 anos,entre 50 e 59 anos,Nao disponivel,P2P,Nao disponivel,"534573,81",3530
202411,PF,PF,CENTRO-OESTE,SUL,entre 30 e 39 anos,entre 40 e 49 anos,Nao disponivel,P2P,Nao disponivel,"126474,4",294
202411,PJ,PF,SUL,CENTRO-OESTE,Nao se aplica,mais de 60 anos,DICT,B2P,Pix,"47643604,52",34045
202411,PF,PF,SUDESTE,NORTE,até 19 anos,mais de 60 anos,MANU,P2P,Pix,"88123,88",881
202411,PF,PF,NORDESTE,CENTRO-OESTE,entre 40 e 49 anos,entre 30 e 39 anos,DICT,P2P,Pix,"68856195,87",290911
202411,PF,PF,SUL,CENTRO-OESTE,entre 30 e 39 anos,até 19 anos,Nao disponivel,P2P,Nao disponivel,"7094,42",149
202411,PF,PJ,NORTE,SUL,entre 50 e 59 anos,Nao se aplica,QRDN,P2G,Pix,"392204,57",404
202411,PJ,PF,Nao informado,SUDESTE,Nao se aplica,até 19 anos,QRES,B2P,Pix,"45699,75",18
202411,PF,PF,SUDESTE,CENTRO-OESTE,mais de 60 anos,entre 50 e 59 anos,QRES,P2P,Pix,"304472,87",3374
202411,PF,PJ,NORTE,CENTRO-OESTE,entre 30 e 39 anos,Nao se aplica,QRES,P2B,Pix,"27046090,29",159905
202411,PF,PF,CENTRO-OESTE,NORTE,entre 50 e 59 anos,mais de 60 anos,QRDN,P2P,Pix,"64654,08",1582
202411,PF,PF,NORTE,NORDESTE,entre 30 e 39 anos,até 19 anos,QRES,P2P,Pix,"220173,58",5252
202411,PJ,PF,SUDESTE,SUDESTE,Nao se aplica,entre 30 e 39 anos,Nao disponivel,B2P,Nao disponivel,"163799820,57",1757866
202411,PF,PF,NORDESTE,NORTE,entre 40 e 49 anos,mais de 60 anos,DICT,P2P,Pix,"16337262,8",43774
202411,PF,PF,SUL,SUDESTE,entre 30 e 39 anos,até 19 anos,QRES,P2P,Pix,"444049,82",4549
202411,PF,PF,SUL,NORTE,entre 40 e 49 anos,entre 20 e 29 anos,Nao disponivel,P2P,Nao disponivel,"30690,42",326
202411,PF,PJ,Nao informado,NORTE,entre 50 e 59 anos,Nao se aplica,MANU,P2B,Pix,"60927,72",165
202411,PJ,PF,CENTRO-OESTE,CENTRO-OESTE,Nao se aplica,entre 30 e 39 anos,Nao disponivel,G2P,Nao disponivel,"860,51",3
202411,PF,PJ,NORDESTE,Nao informado,entre 20 e 29 anos,Nao se aplica,QRES,P2B,Pix,"19986,23",578
202411,PF,PF,CENTRO-OESTE,NORTE,entre 50 e 59 anos,até 19 anos,QRDN,P2P,Pix,"21562,78",385
202411,PF,PF,CENTRO-OESTE,NORDESTE,mais de 60 anos,mais de 60 anos,DICT,P2P,Pix,"13586471,83",28009
202411,PJ,PJ,SUDESTE,Nao informado,Nao se aplica,Nao se aplica,Nao disponivel,B2B,Nao disponivel,"200292,39",782
202411,PF,PF,NORTE,NORTE,entre 40 e 49 anos,entre 40 e 49 anos,INIC,P2P,Pix,"2043136,25",3650
202411,PF,PJ,SUDESTE,SUL,entre 40 e 49 anos,Nao se aplica,QRES,P2B,Pix,"298215490,47",1157844
202411,PF,PJ,SUDESTE,SUL,entre 20 e 29 anos,Nao se aplica,QRDN,P2B,Pix,"1149543653,31",13045896
202411,PJ,PF,SUL,SUDESTE,Nao se aplica,entre 20 e 29 anos,DICT,G2P,Pix,"89109,26",880
202411,PJ,PF,SUDESTE,NORTE,Nao se aplica,entre 30 e 39 anos,QRES,B2P,Pix,"1601273,05",6732
202411,PJ,PF,SUDESTE,NORDESTE,Nao se aplica,entre 30 e 39 anos,QRES,B2P,Pix,"6075233,44",29265
202411,PF,PF,CENTRO-OESTE,SUL,entre 20 e 29 anos,entre 50 e 59 anos,QRES,P2P,Pix,"312867,77",8357
202411,PJ,PJ,SUDESTE,NORTE,Nao se aplica,Nao se aplica,QRES,B2G,Pix,"40014,63",11
202411,PF,PF,NORDESTE,SUL,entre 50 e 59 anos,entre 30 e 39 anos,Nao disponivel,P2P,Nao disponivel,"16780,94",124
202411,PF,PF,NORDESTE,CENTRO-OESTE,entre 50 e 59 anos,até 19 anos,MANU,P2P,Pix,"345964,38",4625
202411,PJ,PF,CENTRO-OESTE,NORDESTE,Nao se aplica,até 19 anos,DICT,G2P,Pix,"119793,23",82
202411,PJ,PJ,SUDESTE,SUDESTE,Nao se aplica,Nao se aplica,QRES,G2B,Pix,"670056,76",862
202411,PF,PF,SUDESTE,CENTRO-OESTE,até 19 anos,até 19 anos,QRDN,P2P,Pix,"51555,71",1227
202411,PF,PF,CENTRO-OESTE,CENTRO-OESTE,entre 20 e 29 anos,entre 20 e 29 anos,QRDN,P2P,Pix,"21012192,25",556886
202411,PJ,PF,SUDESTE,SUL,Nao se aplica,entre 30 e 39 anos,Nao disponivel,G2P,Nao disponivel,"2090,68",14
202411,PF,PF,NORTE,CENTRO-OESTE,mais de 60 anos,entre 40 e 49 anos,Nao disponivel,P2P,Nao disponivel,"43362,36",33
202411,PF,PF,NORDESTE,SUDESTE,entre 50 e 59 anos,Nao informado,DICT,P2P,Pix,40,1
202411,PF,PJ,SUL,Nao informado,entre 50 e 59 anos,Nao se aplica,QRES,P2B,Pix,"8031,26",12
202411,PF,PF,CENTRO-OESTE,CENTRO-OESTE,mais de 60 anos,entre 50 e 59 anos,DICT,P2P,Pix,"754632411,68",1337360
202411,PF,PF,SUDESTE,SUL,entre 20 e 29 anos,entre 40 e 49 anos,INIC,P2P,Pix,"39,9",1
202411,PJ,PF,Nao informado,CENTRO-OESTE,Nao se aplica,até 19 anos,QRES,B2P,Pix,10,1
202411,PJ,PF,NORDESTE,SUL,Nao se aplica,entre 30 e 39 anos,Nao disponivel,G2P,Nao disponivel,"1710,31",1
202411,PF,PF,Nao informado,NORDESTE,mais de 60 anos,entre 50 e 59 anos,QRES,P2P,Pix,"17085,74",230
202411,PF,PF,SUL,CENTRO-OESTE,entre 40 e 49 anos,entre 50 e 59 anos,QRDN,P2P,Pix,"167790,84",4157
202411,PF,PF,SUL,NORTE,entre 30 e 39 anos,mais de 60 anos,Nao disponivel,P2P,Nao disponivel,"16936,63",65
202411,PF,PJ,NORDESTE,NORTE,entre 30 e 39 anos,Nao se aplica,QRDN,P2B,Pix,"95401558,93",2207648
202411,PF,PJ,NORTE,CENTRO-OESTE,mais de 60 anos,Nao se aplica,MANU,P2B,Pix,"4311565,68",2460
202411,PF,PF,NORTE,CENTRO-OESTE,entre 50 e 59 anos,entre 20 e 29 anos,QRDN,P2P,Pix,"202862,38",4421
202411,PF,PF,CENTRO-OESTE,CENTRO-OESTE,até 19 anos,entre 20 e 29 anos,QRDN,P2P,Pix,"5286570,85",174640
202411,PF,PF,NORDESTE,SUL,entre 40 e 49 anos,até 19 anos,QRDN,P2P,Pix,"67384,75",514
202411,PF,PF,NORTE,CENTRO-OESTE,entre 20 e 29 anos,entre 30 e 39 anos,QRES,P2P,Pix,"2660130,21",58455
202411,PF,PF,NORTE,SUL,até 19 anos,mais de 60 anos,QRDN,P2P,Pix,"33552,81",1712
202411,PF,PF,CENTRO-OESTE,Nao informado,entre 50 e 59 anos,entre 30 e 39 anos,QRDN,P2P,Pix,"12765,19",79
202411,PF,PF,NORDESTE,NORDESTE,entre 20 e 29 anos,entre 50 e 59 anos,Nao disponivel,P2P,Nao disponivel,"4606771,48",26134
202411,PJ,PF,SUL,CENTRO-OESTE,Nao se aplica,entre 30 e 39 anos,MANU,G2P,Pix,"5403,69",7
202411,PJ,PJ,SUDESTE,CENTRO-OESTE,Nao se aplica,Nao se aplica,QRDN,G2G,Pix,"3291906,16",172
202411,PJ,PJ,SUDESTE,SUL,Nao se aplica,Nao se aplica,DICT,G2B,Pix,"3141325,83",643
202411,PJ,PJ,NORTE,NORTE,Nao se aplica,Nao se aplica,QRDN,B2B,Pix,"543525768,41",1865670
202411,PF,PF,SUDESTE,NORTE,entre 40 e 49 anos,até 19 anos,QRDN,P2P,Pix,"36662,03",722
202411,PF,PF,NORDESTE,SUDESTE,entre 50 e 59 anos,entre 50 e 59 anos,DICT,P2P,Pix,"92906430,59",296132
202411,PF,PF,NORTE,SUDESTE,entre 20 e 29 anos,entre 40 e 49 anos,QRDN,P2P,Pix,"952571,97",35865
202411,PF,PF,SUL,SUDESTE,entre 40 e 49 anos,entre 40 e 49 anos,QRDN,P2P,Pix,"1130988,25",22138
202411,PF,PF,SUL,Nao informado,entre 20 e 29 anos,entre 20 e 29 anos,MANU,P2P,Pix,"481383,76",2221
202411,PJ,PF,CENTRO-OESTE,Nao informado,Nao se aplica,entre 20 e 29 anos,DICT,B2P,Pix,"1719973,71",2908
202411,PF,PF,NORTE,Nao informado,entre 30 e 39 anos,entre 50 e 59 anos,DICT,P2P,Pix,"955769,18",3044
202411,PF,PF,CENTRO-OESTE,SUL,mais de 60 anos,entre 30 e 39 anos,QRDN,P2P,Pix,"72305,19",685
202411,PF,PF,SUDESTE,SUL,entre 30 e 39 anos,entre 30 e 39 anos,MANU,P2P,Pix,"25903173,89",102723
202411,PF,PF,NORTE,SUDESTE,entre 20 e 29 anos,até 19 anos,Nao disponivel,P2P,Nao disponivel,"38137,21",1518
202411,PF,PF,NORDESTE,SUL,mais de 60 anos,entre 40 e 49 anos,QRES,P2P,Pix,"170462,71",1681
202411,PF,PF,SUL,NORTE,entre 30 e 39 anos,até 19 anos,QRDN,P2P,Pix,"14713,51",404
202411,PF,PF,SUL,NORTE,entre 30 e 39 anos,entre 40 e 49 anos,DICT,P2P,Pix,"23216335,42",99123
202411,PF,PF,Nao informado,SUDESTE,entre 30 e 39 anos,mais de 60 anos,QRES,P2P,Pix,"55165,7",733
202411,PJ,PF,SUDESTE,Nao informado,Nao se aplica,entre 40 e 49 anos,QRDN,B2P,Pix,"21552,65",217
202411,PF,PF,CENTRO-OESTE,SUDESTE,entre 40 e 49 anos,entre 20 e 29 anos,Nao disponivel,P2P,Nao disponivel,"206094,45",647
202411,PJ,PF,CENTRO-OESTE,CENTRO-OESTE,Nao se aplica,entre 50 e 59 anos,MANU,B2P,Pix,"726671268,18",193916
202411,PF,PJ,CENTRO-OESTE,SUDESTE,entre 30 e 39 anos,Nao se aplica,DICT,P2G,Pix,"64071,1",137
202411,PF,PF,SUDESTE,SUDESTE,entre 20 e 29 anos,entre 50 e 59 anos,Nao disponivel,P2P,Nao disponivel,"11527319,54",43358
202411,PF,PF,Nao informado,NORTE,entre 50 e 59 anos,entre 30 e 39 anos,DICT,P2P,Pix,"1150012,74",2837
202411,PJ,PF,NORTE,NORDESTE,Nao se aplica,entre 30 e 39 anos,QRDN,B2P,Pix,"393393,39",5015
202411,PJ,PF,NORTE,SUL,Nao se aplica,entre 30 e 39 anos,DICT,G2P,Pix,"21935,09",14
202411,PF,PF,Nao informado,NORDESTE,entre 20 e 29 anos,entre 50 e 59 anos,QRES,P2P,Pix,"51880,54",1946
202411,PF,PF,SUL,NORDESTE,entre 40 e 49 anos,entre 20 e 29 anos,QRDN,P2P,Pix,"390346,5",10117
202411,PF,PJ,SUL,SUDESTE,entre 40 e 49 anos,Nao se aplica,QRDN,P2B,Pix,"1975054395,93",26212192
202411,PF,PJ,SUDESTE,Nao informado,entre 50 e 59 anos,Nao se aplica,QRDN,P2B,Pix,"531090,14",1811
202411,PF,PJ,SUDESTE,SUL,mais de 60 anos,Nao se aplica,MANU,P2B,Pix Saque,190,1
202411,PF,PF,NORTE,CENTRO-OESTE,entre 50 e 59 anos,entre 30 e 39 anos,MANU,P2P,Pix,"2929410,01",15248
202411,PF,PJ,Nao informado,SUDESTE,até 19 anos,Nao se aplica,QRDN,P2B,Pix,"505397,69",10051
202411,PF,PF,NORDESTE,SUL,até 19 anos,entre 30 e 39 anos,MANU,P2P,Pix,"634569,33",6612
202411,PF,PF,CENTRO-OESTE,NORDESTE,até 19 anos,entre 40 e 49 anos,Nao disponivel,P2P,Nao disponivel,"46067,87",529
202411,PF,PF,CENTRO-OESTE,NORDESTE,entre 50 e 59 anos,até 19 anos,QRDN,P2P,Pix,"56862,95",745
202411,PF,PJ,NORTE,SUL,mais de 60 anos,Nao se aplica,QRES,P2B,Pix,"6216796,04",35623
202411,PF,PF,SUDESTE,SUDESTE,entre 20 e 29 anos,entre 30 e 39 anos,Nao disponivel,P2P,Nao disponivel,"19853652,83",106799
202411,PJ,PJ,SUL,SUL,Nao se aplica,Nao se aplica,INIC,B2B,Pix,"1248251,52",205
202411,PF,PF,SUL,Nao informado,entre 40 e 49 anos,entre 40 e 49 anos,QRES,P2P,Pix,"36469,76",452
202411,PF,PF,Nao informado,CENTRO-OESTE,até 19 anos,entre 40 e 49 anos,DICT,P2P,Pix,"53667,57",248
202411,PF,PJ,NORTE,SUL,entre 40 e 49 anos,Nao se aplica,MANU,P2B,Pix,"6476023,99",11569
202411,PF,PF,SUDESTE,NORDESTE,entre 30 e 39 anos,até 19 anos,QRES,P2P,Pix,"924314,73",19181
202411,PF,PJ,NORTE,Nao informado,entre 50 e 59 anos,Nao se aplica,QRES,P2B,Pix,"4325,19",9
202411,PF,PJ,SUDESTE,SUDESTE,até 19 anos,Nao se aplica,Nao disponivel,P2B,Nao disponivel,"5757584,3",11527
202411,PJ,PJ,SUL,NORDESTE,Nao se aplica,Nao se aplica,QRDN,B2B,Pix Saque,"2870,59",12
202411,PF,PJ,SUL,NORDESTE,entre 40 e 49 anos,Nao se aplica,QRES,P2B,Pix Saque,1765,4
202411,PJ,PF,Nao informado,Nao informado,Nao se aplica,entre 20 e 29 anos,MANU,B2P,Pix,"8137,97",46
202411,PF,PF,Nao informado,Nao informado,entre 50 e 59 anos,entre 30 e 39 anos,QRES,P2P,Pix,"12314,04",112
202411,PJ,PF,NORDESTE,CENTRO-OESTE,Nao se aplica,até 19 anos,DICT,G2P,Pix,"3171,25",7
202411,PF,PJ,CENTRO-OESTE,SUL,entre 50 e 59 anos,Nao se aplica,MANU,P2G,Pix,5000,1
202411,PF,PF,SUL,CENTRO-OESTE,entre 30 e 39 anos,entre 30 e 39 anos,QRDN,P2P,Pix,"444840,94",10498
202411,PF,PF,CENTRO-OESTE,Nao informado,mais de 60 anos,entre 20 e 29 anos,DICT,P2P,Pix,"390925,49",1226
202411,PF,PJ,SUL,SUL,mais de 60 anos,Nao se aplica,MANU,P2B,Pix,"204208754,14",205329
202411,PF,PJ,SUL,SUL,entre 20 e 29 anos,Nao se aplica,QRES,P2B,Pix Saque,"68559,53",603
202411,PF,PF,SUDESTE,NORTE,mais de 60 anos,até 19 anos,DICT,P2P,Pix,"1806412,06",10001
202411,PF,PJ,SUDESTE,NORDESTE,entre 30 e 39 anos,Nao se aplica,MANU,P2B,Pix,"34641937,72",83337
202411,PF,PJ,NORDESTE,SUL,mais de 60 anos,Nao se aplica,INIC,P2B,Pix,"6524,94",49
202411,PF,PJ,NORDESTE,SUDESTE,mais de 60 anos,Nao se aplica,QRDN,P2G,Pix,"463561,69",882
202411,PF,PJ,SUL,SUDESTE,entre 30 e 39 anos,Nao se aplica,MANU,P2G,Pix,"8619,04",41
202411,PF,PF,NORTE,CENTRO-OESTE,entre 30 e 39 anos,mais de 60 anos,QRES,P2P,Pix,"927650,05",16117
202411,PF,PF,SUL,NORTE,mais de 60 anos,entre 20 e 29 anos,Nao disponivel,P2P,Nao disponivel,"9190,41",49
202411,PJ,PJ,SUL,NORTE,Nao se aplica,Nao se aplica,QRES,B2G,Pix,"10027,01",9
202411,PF,PJ,SUDESTE,NORDESTE,entre 20 e 29 anos,Nao se aplica,INIC,P2B,Pix,9,4
202411,PF,PF,NORTE,NORDESTE,entre 50 e 59 anos,até 19 anos,MANU,P2P,Pix,"388541,28",4685
202411,PF,PF,SUDESTE,SUDESTE,entre 40 e 49 anos,entre 20 e 29 anos,Nao disponivel,P2P,Nao disponivel,"9668352,23",49428
202411,PF,PF,Nao informado,NORDESTE,entre 20 e 29 anos,entre 20 e 29 anos,QRDN,P2P,Pix,"43189,23",1441
202411,PJ,PF,Nao informado,NORDESTE,Nao se aplica,entre 40 e 49 anos,MANU,B2P,Pix,"61301,27",37
202411,PF,PF,NORDESTE,SUDESTE,até 19 anos,entre 50 e 59 anos,MANU,P2P,Pix,"2292588,86",36555
202411,PF,PF,SUL,CENTRO-OESTE,entre 50 e 59 anos,entre 40 e 49 anos,Nao disponivel,P2P,Nao disponivel,"14508,91",64
202411,PJ,PF,CENTRO-OESTE,SUDESTE,Nao se aplica,até 19 anos,Nao disponivel,B2P,Nao disponivel,"130156,39",2458
202411,PJ,PF,NORDESTE,Nao informado,Nao se aplica,entre 50 e 59 anos,DICT,G2P,Pix,485,1
202411,PF,PF,SUL,CENTRO-OESTE,mais de 60 anos,entre 50 e 59 anos,QRDN,P2P,Pix,"25438,95",512
202411,PF,PF,NORTE,SUL,mais de 60 anos,mais de 60 anos,DICT,P2P,Pix,"6031924,71",8171
202411,PF,PJ,SUL,SUDESTE,mais de 60 anos,Nao se aplica,INIC,P2B,Pix,"10866,05",790
202411,PF,PF,CENTRO-OESTE,NORDESTE,entre 40 e 49 anos,entre 40 e 49 anos,QRES,P2P,Pix,"2384875,03",49320
202411,PJ,PF,CENTRO-OESTE,SUL,Nao se aplica,entre 20 e 29 anos,DICT,G2P,Pix,"1532412,71",2240
202411,PJ,PF,SUL,SUDESTE,Nao se aplica,até 19 anos,QRES,B2P,Pix,"298012,17",1350
202411,PF,PJ,NORTE,NORDESTE,entre 20 e 29 anos,Nao se aplica,QRDN,P2G,Pix,"428211,53",1177
202411,PJ,PF,NORDESTE,SUL,Nao se aplica,mais de 60 anos,DICT,G2P,Pix,"21878,06",10
202411,PJ,PJ,CENTRO-OESTE,NORDESTE,Nao se aplica,Nao se aplica,QRES,B2G,Pix,"424,69",15
202411,PJ,PJ,NORDESTE,NORDESTE,Nao se aplica,Nao se aplica,DICT,G2G,Pix,"72591443,07",1110
202411,PF,PF,CENTRO-OESTE,SUDESTE,até 19 anos,mais de 60 anos,Nao disponivel,P2P,Nao disponivel,"84449,28",244
202411,PF,PF,CENTRO-OESTE,SUL,até 19 anos,entre 20 e 29 anos,Nao disponivel,P2P,Nao disponivel,"49219,61",344
202411,PJ,PF,CENTRO-OESTE,NORDESTE,Nao se aplica,entre 30 e 39 anos,Nao disponivel,B2P,Nao disponivel,"458980,51",3558
202411,PF,PF,Nao informado,SUL,mais de 60 anos,até 19 anos,QRDN,P2P,Pix,"193,98",2
202411,PF,PJ,SUL,CENTRO-OESTE,até 19 anos,Nao se aplica,QRDN,P2B,Pix Saque,"7104,58",22
202411,PF,PF,CENTRO-OESTE,SUDESTE,entre 40 e 49 anos,entre 50 e 59 anos,QRDN,P2P,Pix,"544596,31",15113
202411,PF,PF,SUL,SUL,até 19 anos,entre 50 e 59 anos,Nao disponivel,P2P,Nao disponivel,"653799,07",5142
202411,PF,PF,Nao informado,SUDESTE,entre 50 e 59 anos,até 19 anos,QRES,P2P,Pix,"2187,25",28
202411,PF,PF,NORDESTE,NORDESTE,mais de 60 anos,entre 20 e 29 anos,MANU,P2P,Pix,"102639958,95",666821
202411,PF,PJ,NORTE,NORDESTE,entre 30 e 39 anos,Nao se aplica,MANU,P2B,Pix,"7696757,14",24815
202411,PF,PJ,SUL,Nao informado,até 19 anos,Nao se aplica,QRES,P2B,Pix,"333,33",31
202411,PF,PF,Nao informado,SUDESTE,até 19 anos,entre 40 e 49 anos,Nao disponivel,P2P,Nao disponivel,200,2
202411,PF,PJ,SUL,CENTRO-OESTE,entre 20 e 29 anos,Nao se aplica,Nao disponivel,P2B,Nao disponivel,"166241,01",207
202411,PF,PJ,SUL,CENTRO-OESTE,até 19 anos,Nao se aplica,QRDN,P2B,Pix,"5800196,06",120680
202411,PF,PJ,NORTE,NORDESTE,entre 30 e 39 anos,Nao se aplica,QRDN,P2B,Pix Saque,"616181,45",2709
202411,PF,PF,NORTE,SUL,mais de 60 anos,entre 30 e 39 anos,QRDN,P2P,Pix,"42432,96",695
202411,PF,PF,NORDESTE,CENTRO-OESTE,entre 50 e 59 anos,entre 40 e 49 anos,Nao disponivel,P2P,Nao disponivel,"146278,63",156
202411,PF,PJ,Nao informado,SUDESTE,entre 30 e 39 anos,Nao se aplica,QRES,P2G,Pix,"58793,17",15
202411,PF,PF,CENTRO-OESTE,CENTRO-OESTE,entre 50 e 59 anos,entre 40 e 49 anos,DICT,P2P,Pix,"1190869276,56",2921483
202411,PJ,PF,NORDESTE,Nao informado,Nao se aplica,entre 50 e 59 anos,Nao disponivel,B2P,Nao disponivel,"10145,7",34
202411,PF,PF,NORDESTE,NORDESTE,até 19 anos,mais de 60 anos,DICT,P2P,Pix,"66549377,07",932318
202411,PF,PJ,SUDESTE,NORDESTE,entre 20 e 29 anos,Nao se aplica,MANU,P2B,Pix,"13217008,77",45114
202411,PF,PF,SUDESTE,CENTRO-OESTE,entre 30 e 39 anos,entre 40 e 49 anos,Nao disponivel,P2P,Nao disponivel,"307415,52",972
202411,PF,PF,SUDESTE,SUDESTE,entre 20 e 29 anos,até 19 anos,Nao disponivel,P2P,Nao disponivel,"3966621,78",47650
202411,PJ,PF,SUL,SUL,Nao se aplica,entre 40 e 49 anos,MANU,B2P,Pix,"1768306569,76",684852
202411,PF,PF,SUL,CENTRO-OESTE,entre 40 e 49 anos,entre 40 e 49 anos,QRES,P2P,Pix,"717368,39",9381
202411,PF,PJ,SUDESTE,SUDESTE,entre 50 e 59 anos,Nao se aplica,QRDN,P2B,Pix Saque,"14173227,11",78069
202411,PF,PF,SUDESTE,SUDESTE,mais de 60 anos,entre 40 e 49 anos,MANU,P2P,Pix,"720556631,1",1393689
202411,PF,PF,SUL,SUL,entre 40 e 49 anos,mais de 60 anos,Nao disponivel,P2P,Nao disponivel,"2393350,38",5059
202411,PF,PJ,SUL,NORTE,entre 30 e 39 anos,Nao se aplica,MANU,P2B,Pix,"1513234,75",4387
202411,PF,PF,CENTRO-OESTE,SUDESTE,até 19 anos,entre 20 e 29 anos,Nao disponivel,P2P,Nao disponivel,"139380,74",1290
202411,PJ,PF,SUDESTE,NORTE,Nao se aplica,entre 40 e 49 anos,QRDN,B2P,Pix,"183537,52",1830
202411,PJ,PF,NORDESTE,CENTRO-OESTE,Nao se aplica,até 19 anos,QRES,B2P,Pix,"48646,12",267
202411,PF,PF,SUL,NORTE,entre 20 e 29 anos,entre 50 e 59 anos,DICT,P2P,Pix,"6281758,1",34034
202411,PF,PF,NORDESTE,NORTE,entre 50 e 59 anos,mais de 60 anos,MANU,P2P,Pix,"1961080,71",5809
202411,PF,PF,SUL,NORTE,mais de 60 anos,entre 50 e 59 anos,Nao disponivel,P2P,Nao disponivel,"5807,04",19
202411,PF,PF,SUDESTE,SUDESTE,entre 40 e 49 anos,entre 20 e 29 anos,QRDN,P2P,Pix,"40742915,18",1243784
202411,PF,PF,Nao informado,SUDESTE,até 19 anos,entre 30 e 39 anos,MANU,P2P,Pix,"14531,99",79
202411,PF,PJ,NORTE,NORDESTE,entre 30 e 39 anos,Nao se aplica,QRDN,P2B,Pix Troco,"120,77",1
202411,PF,PJ,NORDESTE,CENTRO-OESTE,mais de 60 anos,Nao se aplica,INIC,P2B,Pix,12505,2
202411,PF,PF,NORDESTE,NORDESTE,Nao informado,entre 20 e 29 anos,QRDN,P2P,Pix,"32,5",3
202411,PF,PF,CENTRO-OESTE,Nao informado,entre 30 e 39 anos,até 19 anos,QRES,P2P,Pix,10,1
202411,PF,PJ,CENTRO-OESTE,Nao informado,entre 20 e 29 anos,Nao se aplica,QRES,P2B,Pix,"1607,43",13
202411,PJ,PF,NORTE,SUDESTE,Nao se aplica,mais de 60 anos,MANU,B2P,Pix,"41538530,57",2017
202411,PF,PF,CENTRO-OESTE,SUDESTE,entre 40 e 49 anos,entre 40 e 49 anos,QRES,P2P,Pix,"2577009,36",31857
202411,PF,PF,NORTE,Nao informado,entre 20 e 29 anos,Nao informado,QRES,P2P,Pix,265,4
202411,PF,PF,SUL,CENTRO-OESTE,até 19 anos,entre 30 e 39 anos,Nao disponivel,P2P,Nao disponivel,"21170,32",144
202411,PF,PF,Nao informado,NORTE,Nao informado,mais de 60 anos,QRDN,P2P,Pix,"54,8",6
202411,PF,PF,CENTRO-OESTE,NORDESTE,entre 30 e 39 anos,entre 40 e 49 anos,Nao disponivel,P2P,Nao disponivel,"144714,9",798
202411,PF,PF,Nao informado,SUL,até 19 anos,entre 40 e 49 anos,Nao disponivel,P2P,Nao disponivel,100,1
202411,PF,PJ,SUDESTE,SUL,entre 30 e 39 anos,Nao se aplica,QRDN,P2B,Pix Troco,690,7
202411,PF,PF,SUL,CENTRO-OESTE,entre 40 e 49 anos,entre 30 e 39 anos,QRES,P2P,Pix,"702624,04",9178
202411,PF,PJ,SUL,NORDESTE,entre 30 e 39 anos,Nao se aplica,QRES,P2G,Pix,"6056,4",105
202411,PF,PF,NORTE,CENTRO-OESTE,até 19 anos,mais de 60 anos,QRDN,P2P,Pix,"69745,7",3832
202411,PF,PF,Nao informado,NORDESTE,mais de 60 anos,entre 40 e 49 anos,QRES,P2P,Pix,"49377,02",342
202411,PF,PJ,SUDESTE,NORDESTE,até 19 anos,Nao se aplica,QRDN,P2B,Pix Saque,"44261,86",221
202411,PF,PF,SUDESTE,CENTRO-OESTE,entre 40 e 49 anos,entre 50 e 59 anos,DICT,P2P,Pix,"69141432,92",136253
202411,PF,PJ,NORTE,Nao informado,entre 20 e 29 anos,Nao se aplica,DICT,P2B,Pix,"10642,89",41
202411,PF,PF,SUL,CENTRO-OESTE,mais de 60 anos,até 19 anos,MANU,P2P,Pix,"82909,39",437
202411,PF,PJ,NORTE,SUDESTE,até 19 anos,Nao se aplica,QRDN,P2B,Pix Saque,"17767,03",95
202411,PF,PJ,CENTRO-OESTE,CENTRO-OESTE,entre 30 e 39 anos,Nao se aplica,DICT,P2G,Pix,"775686,56",1323
202411,PF,PF,CENTRO-OESTE,Nao informado,entre 20 e 29 anos,entre 20 e 29 anos,Nao disponivel,P2P,Nao disponivel,"2323,69",19
202411,PJ,PF,Nao informado,Nao informado,Nao se aplica,entre 30 e 39 anos,Nao disponivel,B2P,Nao disponivel,"171,93",5
202411,PF,PJ,CENTRO-OESTE,SUDESTE,entre 30 e 39 anos,Nao se aplica,QRDN,P2B,Pix Troco,564,5
202411,PF,PF,SUDESTE,NORDESTE,até 19 anos,entre 50 e 59 anos,MANU,P2P,Pix,"1402213,65",19836
202411,PF,PF,NORDESTE,NORTE,entre 20 e 29 anos,entre 30 e 39 anos,DICT,P2P,Pix,"62496674,96",361312
202411,PF,PF,NORTE,CENTRO-OESTE,entre 40 e 49 anos,entre 40 e 49 anos,Nao disponivel,P2P,Nao disponivel,"131807,39",274
202411,PF,PJ,NORTE,SUDESTE,entre 50 e 59 anos,Nao se aplica,QRDN,P2B,Pix Saque,"69434,82",393
202411,PF,PF,NORTE,SUL,entre 20 e 29 anos,entre 20 e 29 anos,Nao disponivel,P2P,Nao disponivel,"214250,58",1173
202411,PF,PF,CENTRO-OESTE,NORDESTE,entre 20 e 29 anos,entre 40 e 49 anos,DICT,P2P,Pix,"39056832,82",218172
202411,PF,PF,SUL,NORTE,mais de 60 anos,até 19 anos,QRES,P2P,Pix,"8919,77",173
202411,PF,PF,CENTRO-OESTE,CENTRO-OESTE,entre 20 e 29 anos,entre 30 e 39 anos,QRES,P2P,Pix,"39094538,36",811144
202411,PF,PF,SUDESTE,Nao informado,entre 50 e 59 anos,entre 30 e 39 anos,Nao disponivel,P2P,Nao disponivel,"17163,14",15
202411,PF,PJ,SUDESTE,NORTE,mais de 60 anos,Nao se aplica,MANU,P2G,Pix,"10734,83",5
202411,PF,PF,Nao informado,NORDESTE,entre 20 e 29 anos,até 19 anos,QRDN,P2P,Pix,"2202,36",93
202411,PF,PF,Nao informado,NORDESTE,Nao informado,entre 40 e 49 anos,QRES,P2P,Pix,"251,4",18
202411,PJ,PF,NORTE,SUL,Nao se aplica,entre 40 e 49 anos,MANU,B2P,Pix,"7518042,25",1492
202411,PF,PF,SUL,NORTE,entre 20 e 29 anos,entre 40 e 49 anos,QRDN,P2P,Pix,"205966,73",8057
202411,PF,PF,SUDESTE,NORTE,entre 20 e 29 anos,entre 20 e 29 anos,Nao disponivel,P2P,Nao disponivel,"296472,12",2236
202411,PF,PF,Nao informado,CENTRO-OESTE,até 19 anos,entre 50 e 59 anos,MANU,P2P,Pix,"2818,63",49
202411,PF,PJ,Nao informado,SUDESTE,entre 20 e 29 anos,Nao se aplica,QRDN,P2B,Pix,"12579202,66",116585
202411,PF,PF,SUL,NORTE,entre 40 e 49 anos,mais de 60 anos,DICT,P2P,Pix,"7745769,96",14334
202411,PJ,PF,CENTRO-OESTE,CENTRO-OESTE,Nao se aplica,entre 50 e 59 anos,Nao disponivel,G2P,Nao disponivel,"555,93",5
202411,PF,PF,SUDESTE,SUL,entre 20 e 29 anos,mais de 60 anos,Nao disponivel,P2P,Nao disponivel,"229906,89",605
202411,PF,PJ,Nao informado,SUDESTE,até 19 anos,Nao se aplica,MANU,P2B,Pix,"19638,42",77
202411,PF,PF,Nao informado,Nao informado,entre 50 e 59 anos,mais de 60 anos,QRES,P2P,Pix,2009,16
202411,PF,PF,SUL,Nao informado,até 19 anos,até 19 anos,QRES,P2P,Pix,"315,01",8
202411,PF,PJ,NORTE,NORDESTE,entre 50 e 59 anos,Nao se aplica,MANU,P2B,Pix,"4500117,45",13742
202411,PF,PF,Nao informado,NORDESTE,entre 30 e 39 anos,Nao informado,DICT,P2P,Pix,6,1
202411,PF,PJ,CENTRO-OESTE,SUL,mais de 60 anos,Nao se aplica,QRDN,P2B,Pix Saque,"72726,43",269
202411,PF,PJ,SUDESTE,CENTRO-OESTE,entre 30 e 39 anos,Nao se aplica,Nao disponivel,P2G,Nao disponivel,"4057,96",5
202411,PF,PJ,Nao informado,CENTRO-OESTE,mais de 60 anos,Nao se aplica,QRDN,P2G,Pix,"261938,67",475
202411,PF,PF,Nao informado,NORDESTE,entre 30 e 39 anos,entre 40 e 49 anos,DICT,P2P,Pix,"4129433,56",9917
202411,PF,PJ,Nao informado,SUL,entre 50 e 59 anos,Nao se aplica,MANU,P2G,Pix,"3245,59",1
202411,PF,PF,NORTE,SUDESTE,entre 30 e 39 anos,entre 30 e 39 anos,DICT,P2P,Pix,"79245745,91",322121
202411,PF,PJ,CENTRO-OESTE,SUL,entre 20 e 29 anos,Nao se aplica,QRES,P2G,Pix,"3214,96",51
202411,PF,PF,CENTRO-OESTE,SUL,até 19 anos,entre 40 e 49 anos,QRES,P2P,Pix,"116465,78",4872
202411,PF,PF,NORDESTE,Nao informado,entre 20 e 29 anos,entre 40 e 49 anos,Nao disponivel,P2P,Nao disponivel,"6959,45",20
202411,PF,PF,SUDESTE,CENTRO-OESTE,entre 30 e 39 anos,entre 50 e 59 anos,QRDN,P2P,Pix,"714059,96",22363
202411,PF,PF,SUDESTE,SUL,entre 40 e 49 anos,entre 50 e 59 anos,QRES,P2P,Pix,"1189796,79",17642
202411,PF,PF,SUL,SUDESTE,entre 20 e 29 anos,entre 30 e 39 anos,Nao disponivel,P2P,Nao disponivel,"472152,92",1922
202411,PF,PJ,SUDESTE,SUL,entre 20 e 29 anos,Nao se aplica,QRDN,P2B,Pix Saque,"2170915,8",8523
202411,PF,PF,CENTRO-OESTE,NORDESTE,entre 50 e 59 anos,até 19 anos,QRES,P2P,Pix,"72236,27",1388
202411,PF,PF,SUL,CENTRO-OESTE,até 19 anos,entre 20 e 29 anos,MANU,P2P,Pix,"348584,68",4110
202411,PF,PF,CENTRO-OESTE,CENTRO-OESTE,entre 50 e 59 anos,entre 30 e 39 anos,QRDN,P2P,Pix,"8048006,89",186213
202411,PJ,PJ,Nao informado,NORTE,Nao se aplica,Nao se aplica,DICT,B2B,Pix,"617332,56",257
202411,PF,PJ,NORDESTE,CENTRO-OESTE,entre 20 e 29 anos,Nao se aplica,QRES,P2B,Pix Saque,"1607,74",15
202411,PF,PF,CENTRO-OESTE,NORTE,entre 20 e 29 anos,até 19 anos,Nao disponivel,P2P,Nao disponivel,"30408,19",455
202411,PF,PJ,NORTE,Nao informado,entre 50 e 59 anos,Nao se aplica,DICT,P2B,Pix,"39972,94",11
202411,PF,PF,Nao informado,SUDESTE,entre 30 e 39 anos,entre 20 e 29 anos,DICT,P2P,Pix,"3990608,31",10876
202411,PJ,PJ,SUDESTE,SUDESTE,Nao se aplica,Nao se aplica,QRES,G2G,Pix,"4702,29",4
202411,PF,PF,Nao informado,NORTE,entre 40 e 49 anos,entre 40 e 49 anos,QRES,P2P,Pix,"33023,47",725
202411,PF,PJ,NORDESTE,Nao informado,mais de 60 anos,Nao se aplica,QRES,P2B,Pix,"36537,21",71
202411,PJ,PJ,Nao informado,SUDESTE,Nao se aplica,Nao se aplica,QRES,B2B,Pix,"563325,39",1732
202411,PF,PJ,Nao informado,SUDESTE,entre 20 e 29 anos,Nao se aplica,INIC,P2B,Pix,"29,98",3
202411,PF,PJ,NORDESTE,CENTRO-OESTE,até 19 anos,Nao se aplica,QRDN,P2B,Pix,"13618874,31",364936
202411,PF,PF,SUDESTE,CENTRO-OESTE,entre 20 e 29 anos,entre 30 e 39 anos,DICT,P2P,Pix,"67747460,26",285979
202411,PJ,PJ,Nao informado,NORTE,Nao se aplica,Nao se aplica,MANU,B2B,Pix,"35446,36",8
202411,PF,PF,CENTRO-OESTE,SUDESTE,entre 50 e 59 anos,entre 50 e 59 anos,QRDN,P2P,Pix,"242145,82",6089
202411,PF,PF,NORTE,NORTE,entre 40 e 49 anos,mais de 60 anos,QRES,P2P,Pix,"17161677,52",472016
202411,PF,PF,NORTE,NORDESTE,Nao informado,entre 50 e 59 anos,DICT,P2P,Pix,160,1
202411,PF,PJ,SUDESTE,Nao informado,entre 30 e 39 anos,Nao se aplica,QRDN,P2B,Pix,"1415781,69",5051
202411,PF,PF,NORDESTE,SUL,entre 40 e 49 anos,mais de 60 anos,Nao disponivel,P2P,Nao disponivel,"25631,3",107
202411,PF,PF,SUL,SUL,mais de 60 anos,entre 30 e 39 anos,QRES,P2P,Pix,"14989728,73",87129
202411,PJ,PF,SUDESTE,NORTE,Nao se aplica,mais de 60 anos,DICT,G2P,Pix,"2807,16",6
202411,PJ,PF,Nao informado,SUL,Nao se aplica,entre 30 e 39 anos,DICT,B2P,Pix,"1274086,58",1000
202411,PF,PJ,SUL,SUL,entre 20 e 29 anos,Nao se aplica,QRDN,P2B,Pix Troco,"35234,2",96
202411,PF,PJ,NORTE,SUL,entre 30 e 39 anos,Nao se aplica,QRES,P2G,Pix,"17966,32",172
202411,PF,PF,SUL,CENTRO-OESTE,entre 20 e 29 anos,entre 20 e 29 anos,QRES,P2P,Pix,"605982,8",12787
202411,PF,PJ,NORDESTE,NORDESTE,entre 50 e 59 anos,Nao se aplica,MANU,P2B,Pix,"323531400,41",824929
202411,PF,PJ,NORDESTE,SUDESTE,entre 50 e 59 anos,Nao se aplica,MANU,P2G,Pix,"19429,74",37
202411,PF,PF,SUL,SUL,entre 50 e 59 anos,entre 40 e 49 anos,Nao disponivel,P2P,Nao disponivel,"1666589,28",4886
202411,PJ,PF,Nao informado,SUL,Nao se aplica,entre 40 e 49 anos,MANU,B2P,Pix,"2958621,87",60
202411,PF,PF,NORTE,Nao informado,entre 40 e 49 anos,entre 30 e 39 anos,QRDN,P2P,Pix,"32029,92",522
202411,PF,PF,NORTE,NORTE,entre 20 e 29 anos,até 19 anos,QRES,P2P,Pix,"3228035,97",100166
202411,PJ,PF,NORDESTE,SUDESTE,Nao se aplica,entre 40 e 49 anos,QRDN,B2P,Pix,"904971,3",12483
202411,PJ,PF,SUDESTE,SUDESTE,Nao se aplica,entre 50 e 59 anos,MANU,B2P,Pix,"5698292490,4",3524482
202411,PF,PF,SUL,SUDESTE,até 19 anos,até 19 anos,MANU,P2P,Pix,"638398,01",17287
202411,PF,PF,NORDESTE,SUDESTE,entre 40 e 49 anos,entre 40 e 49 anos,DICT,P2P,Pix,"308505412,81",1166871
202411,PF,PF,NORTE,SUDESTE,entre 40 e 49 anos,mais de 60 anos,MANU,P2P,Pix,"4446394,22",8907
202411,PF,PF,Nao informado,Nao informado,entre 20 e 29 anos,entre 40 e 49 anos,MANU,P2P,Pix,"199103,46",1260
202411,PF,PJ,Nao informado,SUL,entre 50 e 59 anos,Nao se aplica,Nao disponivel,P2B,Nao disponivel,530,3
202411,PJ,PF,SUDESTE,NORTE,Nao se aplica,entre 20 e 29 anos,Nao disponivel,G2P,Nao disponivel,100,1
202411,PJ,PF,NORDESTE,SUDESTE,Nao se aplica,mais de 60 anos,MANU,B2P,Pix,"68409630,81",30085
202411,PF,PF,Nao informado,SUL,entre 40 e 49 anos,até 19 anos,QRES,P2P,Pix,"1390,37",37
202411,PF,PF,SUDESTE,NORTE,entre 30 e 39 anos,até 19 anos,MANU,P2P,Pix,"627916,58",7127
202411,PF,PJ,SUDESTE,SUDESTE,entre 30 e 39 anos,Nao se aplica,MANU,P2B,Pix,"1906466032,77",3714158
202411,PF,PF,Nao informado,Nao informado,entre 30 e 39 anos,mais de 60 anos,DICT,P2P,Pix,"250998,53",693
202411,PF,PF,CENTRO-OESTE,SUDESTE,entre 40 e 49 anos,entre 20 e 29 anos,QRDN,P2P,Pix,"730054,86",14357
202411,PF,PF,NORTE,SUDESTE,mais de 60 anos,até 19 anos,QRDN,P2P,Pix,"4176,02",110
202411,PF,PF,SUDESTE,CENTRO-OESTE,mais de 60 anos,entre 50 e 59 anos,Nao disponivel,P2P,Nao disponivel,"51059,05",58
202411,PF,PF,CENTRO-OESTE,Nao informado,entre 30 e 39 anos,entre 30 e 39 anos,DICT,P2P,Pix,"3340692,48",6074
202411,PJ,PF,SUDESTE,SUL,Nao se aplica,mais de 60 anos,MANU,B2P,Pix,"575774521,14",275882
202411,PJ,PF,SUL,SUL,Nao se aplica,até 19 anos,DICT,B2P,Pix,"492245505,2",1109262
202411,PJ,PF,SUDESTE,NORTE,Nao se aplica,entre 40 e 49 anos,DICT,B2P,Pix,"578005497,12",2936194
202411,PF,PJ,SUL,SUDESTE,mais de 60 anos,Nao se aplica,DICT,P2B,Pix,"181852854,63",122692
202411,PJ,PF,NORDESTE,CENTRO-OESTE,Nao se aplica,entre 30 e 39 anos,DICT,B2P,Pix,"401053490,15",1716869
202411,PF,PF,NORTE,SUDESTE,até 19 anos,entre 20 e 29 anos,QRES,P2P,Pix,"335511,01",16824
202411,PF,PF,SUDESTE,Nao informado,entre 30 e 39 anos,até 19 anos,MANU,P2P,Pix,"128033,02",66
202411,PF,PJ,SUL,SUL,entre 50 e 59 anos,Nao se aplica,MANU,P2B,Pix,"275670386,87",472437
202411,PF,PJ,NORTE,Nao informado,entre 50 e 59 anos,Nao se aplica,QRDN,P2B,Pix,"33879,34",312
202411,PF,PJ,SUL,CENTRO-OESTE,mais de 60 anos,Nao se aplica,Nao disponivel,P2G,Nao disponivel,"38949,84",26
202411,PF,PF,SUL,CENTRO-OESTE,entre 50 e 59 anos,entre 40 e 49 anos,QRES,P2P,Pix,"310208,55",4243
202411,PF,PF,SUL,CENTRO-OESTE,mais de 60 anos,entre 20 e 29 anos,DICT,P2P,Pix,"11497317,11",21105
202411,PF,PJ,CENTRO-OESTE,NORDESTE,entre 40 e 49 anos,Nao se aplica,QRDN,P2B,Pix Troco,"32,23",1
202411,PF,PF,Nao informado,SUL,mais de 60 anos,até 19 anos,MANU,P2P,Pix,"2340,55",23
202411,PF,PF,CENTRO-OESTE,Nao informado,entre 40 e 49 anos,entre 30 e 39 anos,QRDN,P2P,Pix,"15431,19",166
202411,PF,PF,CENTRO-OESTE,CENTRO-OESTE,Nao informado,entre 40 e 49 anos,MANU,P2P,Pix,124,2
202411,PF,PF,SUDESTE,SUDESTE,mais de 60 anos,entre 50 e 59 anos,MANU,P2P,Pix,"639783098,88",1138552
202411,PF,PF,NORDESTE,NORTE,Nao informado,entre 20 e 29 anos,QRDN,P2P,Pix,107,3
202411,PJ,PF,NORTE,SUDESTE,Nao se aplica,mais de 60 anos,MANU,G2P,Pix,"2882,24",3
202411,PF,PF,NORDESTE,SUL,entre 20 e 29 anos,entre 30 e 39 anos,MANU,P2P,Pix,"7850430,74",53260
202411,PF,PF,CENTRO-OESTE,CENTRO-OESTE,entre 40 e 49 anos,até 19 anos,Nao disponivel,P2P,Nao disponivel,"348033,33",3699
202411,PJ,PJ,SUDESTE,SUDESTE,Nao se aplica,Nao se aplica,Nao disponivel,B2B,Nao disponivel,"6961094945,66",464243
202411,PF,PJ,SUL,SUDESTE,entre 50 e 59 anos,Nao se aplica,QRES,P2G,Pix,"16553,36",108
202411,PJ,PF,NORDESTE,CENTRO-OESTE,Nao se aplica,entre 20 e 29 anos,MANU,B2P,Pix,"10358658,53",56542
202411,PF,PJ,CENTRO-OESTE,CENTRO-OESTE,entre 50 e 59 anos,Nao se aplica,INIC,P2B,Pix,"13,6",1
202411,PJ,PF,NORDESTE,NORDESTE,Nao se aplica,entre 50 e 59 anos,DICT,B2P,Pix,"3664801194,21",4365149
202411,PF,PJ,NORTE,NORTE,entre 30 e 39 anos,Nao se aplica,MANU,P2G,Pix,"338861,45",384
202411,PF,PJ,NORDESTE,NORDESTE,entre 30 e 39 anos,Nao se aplica,QRES,P2B,Pix,"953418282,01",9867824
202411,PF,PF,NORDESTE,CENTRO-OESTE,mais de 60 anos,entre 20 e 29 anos,QRES,P2P,Pix,"201097,74",2296
202411,PF,PF,NORDESTE,Nao informado,entre 40 e 49 anos,entre 50 e 59 anos,QRES,P2P,Pix,"53589,57",667
202411,PF,PJ,SUL,SUL,entre 20 e 29 anos,Nao se aplica,Nao disponivel,P2G,Nao disponivel,"1148,69",20
202411,PF,PF,SUL,SUL,entre 50 e 59 anos,entre 50 e 59 anos,MANU,P2P,Pix,"1062561234,45",1911592
202411,PJ,PF,NORTE,SUL,Nao se aplica,entre 30 e 39 anos,QRDN,B2P,Pix,"56859,86",701
202411,PJ,PF,CENTRO-OESTE,SUDESTE,Nao se aplica,entre 40 e 49 anos,Nao disponivel,B2P,Nao disponivel,"1335368,28",3942
202411,PF,PF,NORDESTE,CENTRO-OESTE,entre 50 e 59 anos,até 19 anos,QRES,P2P,Pix,"62033,21",1075
202411,PF,PJ,NORDESTE,Nao informado,entre 30 e 39 anos,Nao se aplica,QRDN,P2B,Pix Saque,"351,5",4
202411,PF,PF,CENTRO-OESTE,CENTRO-OESTE,entre 30 e 39 anos,entre 20 e 29 anos,Nao disponivel,P2P,Nao disponivel,"3675291,83",17223
202411,PF,PF,Nao informado,SUDESTE,Nao informado,entre 20 e 29 anos,MANU,P2P,Pix,"18272,72",61
202411,PF,PF,SUL,NORDESTE,entre 30 e 39 anos,entre 50 e 59 anos,QRES,P2P,Pix,"697596,91",17318
202411,PF,PF,CENTRO-OESTE,NORTE,até 19 anos,mais de 60 anos,DICT,P2P,Pix,"723339,35",5885
202411,PF,PF,Nao informado,SUL,mais de 60 anos,entre 20 e 29 anos,QRES,P2P,Pix,"7239,89",32
202411,PF,PF,Nao informado,SUDESTE,até 19 anos,entre 20 e 29 anos,QRES,P2P,Pix,"2332,23",95
202411,PF,PF,NORDESTE,SUDESTE,entre 30 e 39 anos,entre 40 e 49 anos,INIC,P2P,Pix,6,1
202411,PF,PJ,CENTRO-OESTE,NORTE,entre 50 e 59 anos,Nao se aplica,DICT,P2B,Pix,"42411620,75",28094
202411,PF,PF,NORTE,SUL,mais de 60 anos,entre 40 e 49 anos,DICT,P2P,Pix,"10296133,73",18983
202411,PF,PJ,SUDESTE,NORDESTE,entre 40 e 49 anos,Nao se aplica,QRES,P2G,Pix,"13893,27",469
202411,PF,PF,NORDESTE,NORDESTE,entre 30 e 39 anos,entre 40 e 49 anos,QRDN,P2P,Pix,"104236825,62",3619326
202411,PF,PJ,CENTRO-OESTE,CENTRO-OESTE,entre 40 e 49 anos,Nao se aplica,DICT,P2B,Pix,"2786635957,74",3711414
202411,PF,PF,SUL,SUL,até 19 anos,entre 30 e 39 anos,QRDN,P2P,Pix,"4463710,23",195199
202411,PF,PF,NORDESTE,SUL,entre 30 e 39 anos,mais de 60 anos,Nao disponivel,P2P,Nao disponivel,"55570,36",136
202411,PF,PF,CENTRO-OESTE,SUDESTE,até 19 anos,entre 30 e 39 anos,QRES,P2P,Pix,"423427,62",14319
202411,PJ,PF,SUDESTE,Nao informado,Nao se aplica,mais de 60 anos,MANU,B2P,Pix,"71495878,26",6295
202411,PF,PF,NORDESTE,NORDESTE,até 19 anos,Nao informado,MANU,P2P,Pix,8,2
202411,PF,PF,SUDESTE,SUL,entre 30 e 39 anos,entre 40 e 49 anos,QRES,P2P,Pix,"2635012,81",45145
202411,PF,PF,NORTE,NORTE,entre 30 e 39 anos,entre 30 e 39 anos,MANU,P2P,Pix,"1950872601,59",8769129
202411,PF,PF,NORTE,NORTE,entre 50 e 59 anos,mais de 60 anos,MANU,P2P,Pix,"61062989,91",270109
202411,PF,PF,SUDESTE,CENTRO-OESTE,entre 40 e 49 anos,entre 40 e 49 anos,QRES,P2P,Pix,"2088636,83",33199
202411,PF,PF,NORTE,NORTE,mais de 60 anos,entre 40 e 49 anos,MANU,P2P,Pix,"69372051,93",339529
202411,PF,PJ,Nao informado,SUL,entre 50 e 59 anos,Nao se aplica,QRDN,P2B,Pix Saque,"6196,79",28
202411,PF,PF,SUDESTE,NORTE,mais de 60 anos,até 19 anos,QRDN,P2P,Pix,"3450,39",99
202411,PF,PF,CENTRO-OESTE,NORTE,entre 50 e 59 anos,entre 40 e 49 anos,Nao disponivel,P2P,Nao disponivel,"23474,38",136
202411,PF,PJ,SUL,NORTE,mais de 60 anos,Nao se aplica,MANU,P2B,Pix,"2738219,66",610
202411,PF,PJ,CENTRO-OESTE,SUL,entre 50 e 59 anos,Nao se aplica,MANU,P2B,Pix,"14703058,52",5758
202411,PF,PF,Nao informado,SUDESTE,até 19 anos,entre 40 e 49 anos,DICT,P2P,Pix,"208277,84",447
202411,PF,PF,SUL,NORDESTE,entre 30 e 39 anos,até 19 anos,QRDN,P2P,Pix,"38815,11",1259
202411,PF,PF,CENTRO-OESTE,NORTE,entre 40 e 49 anos,entre 40 e 49 anos,DICT,P2P,Pix,"77154829,72",164012
202411,PF,PF,SUDESTE,CENTRO-OESTE,entre 50 e 59 anos,entre 20 e 29 anos,DICT,P2P,Pix,"36916948,94",116352
202411,PF,PJ,Nao informado,Nao informado,entre 20 e 29 anos,Nao se aplica,Nao disponivel,P2B,Nao disponivel,20,2
202411,PF,PF,NORDESTE,Nao informado,entre 20 e 29 anos,entre 40 e 49 anos,DICT,P2P,Pix,"1733376,87",5718
202411,PF,PF,SUL,SUL,entre 20 e 29 anos,entre 50 e 59 anos,QRES,P2P,Pix,"25467541,6",544400
202411,PF,PF,NORDESTE,CENTRO-OESTE,até 19 anos,entre 50 e 59 anos,Nao disponivel,P2P,Nao disponivel,"39383,41",198
202411,PF,PF,NORDESTE,SUDESTE,entre 50 e 59 anos,entre 50 e 59 anos,QRDN,P2P,Pix,"940850,8",25883
202411,PF,PF,SUL,SUL,entre 20 e 29 anos,entre 40 e 49 anos,QRDN,P2P,Pix,"15978297,48",521967
202411,PF,PF,NORDESTE,SUL,entre 40 e 49 anos,entre 20 e 29 anos,MANU,P2P,Pix,"2391804,25",21380
202411,PF,PF,NORDESTE,Nao informado,até 19 anos,entre 30 e 39 anos,Nao disponivel,P2P,Nao disponivel,"125,3",5
202411,PF,PF,SUL,SUL,mais de 60 anos,entre 30 e 39 anos,QRDN,P2P,Pix,2871580,38677
202411,PF,PF,SUL,NORTE,entre 20 e 29 anos,até 19 anos,QRDN,P2P,Pix,"14751,8",460
202411,PF,PF,NORDESTE,NORDESTE,entre 50 e 59 anos,até 19 anos,DICT,P2P,Pix,"236086304,39",2364065
202411,PF,PF,CENTRO-OESTE,NORTE,até 19 anos,entre 40 e 49 anos,DICT,P2P,Pix,"3764766,02",32867
202411,PF,PF,SUL,SUDESTE,entre 40 e 49 anos,entre 50 e 59 anos,MANU,P2P,Pix,"8755589,98",24181
202411,PF,PJ,CENTRO-OESTE,CENTRO-OESTE,até 19 anos,Nao se aplica,DICT,P2B,Pix,"112213365,97",613462
202411,PF,PF,Nao informado,NORTE,entre 50 e 59 anos,até 19 anos,MANU,P2P,Pix,"10892,11",180
202411,PF,PF,SUL,Nao informado,entre 40 e 49 anos,entre 30 e 39 anos,QRDN,P2P,Pix,"42417,03",194
202411,PF,PF,NORTE,NORDESTE,Nao informado,entre 20 e 29 anos,MANU,P2P,Pix,"24,5",3
202411,PF,PJ,NORTE,SUDESTE,entre 40 e 49 anos,Nao se aplica,QRDN,P2G,Pix,"243738,32",720
202411,PF,PJ,SUL,SUL,entre 50 e 59 anos,Nao se aplica,QRDN,P2B,Pix,"790111817,48",7509933
202411,PF,PF,SUDESTE,CENTRO-OESTE,entre 40 e 49 anos,mais de 60 anos,QRES,P2P,Pix,"682357,14",11554
202411,PF,PF,SUDESTE,CENTRO-OESTE,entre 40 e 49 anos,entre 30 e 39 anos,QRDN,P2P,Pix,"1012410,13",26397
202411,PJ,PJ,NORTE,NORTE,Nao se aplica,Nao se aplica,DICT,G2G,Pix,"9991623,54",156
202411,PF,PF,Nao informado,CENTRO-OESTE,entre 50 e 59 anos,entre 20 e 29 anos,QRDN,P2P,Pix,"13138,24",49
202411,PF,PF,CENTRO-OESTE,SUDESTE,entre 20 e 29 anos,mais de 60 anos,Nao disponivel,P2P,Nao disponivel,"293424,91",505
202411,PF,PF,CENTRO-OESTE,NORTE,entre 30 e 39 anos,entre 30 e 39 anos,Nao disponivel,P2P,Nao disponivel,"263347,95",1074
202411,PJ,PF,CENTRO-OESTE,SUDESTE,Nao se aplica,mais de 60 anos,MANU,B2P,Pix,"251541123,8",15534
202411,PF,PF,Nao informado,NORTE,entre 50 e 59 anos,até 19 anos,QRDN,P2P,Pix,162,6
202411,PJ,PF,SUDESTE,NORDESTE,Nao se aplica,entre 30 e 39 anos,MANU,B2P,Pix,"1047930654,65",2874428
202411,PF,PF,NORTE,CENTRO-OESTE,entre 40 e 49 anos,mais de 60 anos,QRES,P2P,Pix,"608028,19",9377
202411,PF,PF,SUDESTE,SUDESTE,entre 20 e 29 anos,Nao informado,QRES,P2P,Pix,"5919500,52",7300
202411,PF,PJ,SUL,SUDESTE,entre 50 e 59 anos,Nao se aplica,QRDN,P2B,Pix Troco,"100,51",3
202411,PF,PF,CENTRO-OESTE,SUDESTE,entre 20 e 29 anos,mais de 60 anos,DICT,P2P,Pix,"19819420,74",59272
202411,PF,PF,SUDESTE,NORTE,mais de 60 anos,entre 20 e 29 anos,DICT,P2P,Pix,"16765734,83",49935
202411,PF,PF,SUL,CENTRO-OESTE,mais de 60 anos,entre 20 e 29 anos,QRDN,P2P,Pix,"55230,68",486
202411,PF,PF,SUDESTE,NORDESTE,entre 50 e 59 anos,mais de 60 anos,Nao disponivel,P2P,Nao disponivel,"207414,39",272
202411,PJ,PJ,SUDESTE,SUDESTE,Nao se aplica,Nao se aplica,QRDN,G2G,Pix,"994874,08",294
202411,PF,PF,SUDESTE,NORDESTE,entre 30 e 39 anos,entre 30 e 39 anos,MANU,P2P,Pix,"91166317,98",497607
202411,PF,PF,Nao informado,NORDESTE,entre 50 e 59 anos,mais de 60 anos,DICT,P2P,Pix,"1013947,03",1366
202411,PF,PF,NORTE,SUDESTE,entre 50 e 59 anos,mais de 60 anos,MANU,P2P,Pix,"3061508,08",5419
202411,PJ,PF,CENTRO-OESTE,Nao informado,Nao se aplica,mais de 60 anos,QRDN,B2P,Pix,"313,1",10
202411,PJ,PJ,NORTE,Nao informado,Nao se aplica,Nao se aplica,MANU,B2B,Pix,"138218,45",3
202411,PJ,PF,CENTRO-OESTE,SUDESTE,Nao se aplica,entre 30 e 39 anos,QRES,G2P,Pix,500,1
202411,PF,PF,SUL,SUDESTE,mais de 60 anos,entre 50 e 59 anos,DICT,P2P,Pix,"44741964,19",75100
202411,PF,PF,Nao informado,Nao informado,entre 30 e 39 anos,entre 40 e 49 anos,QRES,P2P,Pix,"78700,9",546
202411,PF,PF,NORDESTE,NORDESTE,entre 30 e 39 anos,entre 40 e 49 anos,DICT,P2P,Pix,"4565488020,01",22037759
202411,PF,PF,Nao informado,SUDESTE,Nao informado,entre 30 e 39 anos,MANU,P2P,Pix,"38766,39",69
202411,PF,PF,NORTE,NORDESTE,entre 30 e 39 anos,entre 50 e 59 anos,MANU,P2P,Pix,"5694202,42",30858
202411,PJ,PJ,NORTE,SUDESTE,Nao se aplica,Nao se aplica,Nao disponivel,B2B,Nao disponivel,"3570312,82",433
202411,PF,PF,NORDESTE,CENTRO-OESTE,entre 30 e 39 anos,entre 40 e 49 anos,Nao disponivel,P2P,Nao disponivel,"209134,3",994
202411,PF,PJ,SUDESTE,Nao informado,entre 20 e 29 anos,Nao se aplica,DICT,P2B,Pix,"78490,97",204
202411,PF,PF,SUL,NORDESTE,até 19 anos,entre 20 e 29 anos,QRDN,P2P,Pix,"110218,09",5954
202411,PF,PF,SUL,CENTRO-OESTE,entre 30 e 39 anos,entre 30 e 39 anos,Nao disponivel,P2P,Nao disponivel,"204092,89",488
202411,PF,PF,Nao informado,SUL,mais de 60 anos,entre 30 e 39 anos,QRDN,P2P,Pix,"749,55",21
202411,PF,PF,NORDESTE,SUDESTE,entre 20 e 29 anos,entre 30 e 39 anos,INIC,P2P,Pix,"367,99",4
202411,PF,PF,NORTE,CENTRO-OESTE,entre 40 e 49 anos,entre 50 e 59 anos,QRES,P2P,Pix,"1054703,1",18988
202411,PF,PF,CENTRO-OESTE,NORTE,entre 30 e 39 anos,até 19 anos,Nao disponivel,P2P,Nao disponivel,"22025,38",213
202411,PJ,PF,NORTE,SUDESTE,Nao se aplica,até 19 anos,Nao disponivel,B2P,Nao disponivel,"14158,57",165
202411,PF,PF,NORTE,SUDESTE,entre 30 e 39 anos,até 19 anos,QRES,P2P,Pix,"183444,19",3635
202411,PF,PF,NORTE,Nao informado,entre 30 e 39 anos,entre 20 e 29 anos,QRDN,P2P,Pix,"8151,2",169
202411,PF,PF,CENTRO-OESTE,NORTE,entre 50 e 59 anos,até 19 anos,Nao disponivel,P2P,Nao disponivel,"1568,48",71
202411,PJ,PF,NORTE,SUDESTE,Nao se aplica,entre 40 e 49 anos,Nao disponivel,B2P,Nao disponivel,"165351,12",499
202411,PF,PJ,SUDESTE,SUDESTE,entre 20 e 29 anos,Nao se aplica,QRDN,P2G,Pix,"55733215,07",242854
202411,PF,PF,SUL,Nao informado,entre 20 e 29 anos,mais de 60 anos,QRDN,P2P,Pix,"1520,5",31
202411,PF,PF,NORTE,NORTE,mais de 60 anos,até 19 anos,QRES,P2P,Pix,"476188,95",7691
202411,PF,PF,NORTE,NORTE,entre 30 e 39 anos,mais de 60 anos,QRDN,P2P,Pix,"9918179,87",394181
202411,PJ,PF,NORDESTE,SUL,Nao se aplica,mais de 60 anos,QRES,B2P,Pix,"231275,02",682
202411,PF,PF,CENTRO-OESTE,NORTE,entre 20 e 29 anos,entre 30 e 39 anos,QRDN,P2P,Pix,"871953,2",29713
202411,PF,PF,CENTRO-OESTE,SUDESTE,entre 50 e 59 anos,entre 20 e 29 anos,DICT,P2P,Pix,"38006969,82",120833
202411,PF,PF,Nao informado,NORDESTE,entre 30 e 39 anos,entre 50 e 59 anos,QRES,P2P,Pix,"71019,62",1553
202411,PF,PF,Nao informado,Nao informado,mais de 60 anos,entre 40 e 49 anos,QRDN,P2P,Pix,82,1
202411,PJ,PF,SUL,CENTRO-OESTE,Nao se aplica,entre 30 e 39 anos,MANU,B2P,Pix,"103231395,68",69417
202411,PJ,PJ,SUDESTE,CENTRO-OESTE,Nao se aplica,Nao se aplica,DICT,B2G,Pix,"199205,4",96
202411,PF,PF,Nao informado,NORTE,Nao informado,até 19 anos,DICT,P2P,Pix,"2284,54",38
202411,PF,PF,NORTE,SUDESTE,entre 40 e 49 anos,entre 50 e 59 anos,Nao disponivel,P2P,Nao disponivel,"72898,81",170
202411,PJ,PF,CENTRO-OESTE,CENTRO-OESTE,Nao se aplica,até 19 anos,DICT,G2P,Pix,"871231,12",747
202411,PF,PF,NORTE,NORTE,entre 30 e 39 anos,mais de 60 anos,QRES,P2P,Pix,"20642834,41",621229
202411,PJ,PJ,CENTRO-OESTE,NORTE,Nao se aplica,Nao se aplica,DICT,B2B,Pix,"585241372,83",55561
202411,PF,PF,NORTE,CENTRO-OESTE,mais de 60 anos,entre 50 e 59 anos,MANU,P2P,Pix,"1886680,64",2738
202411,PF,PJ,NORTE,NORDESTE,até 19 anos,Nao se aplica,QRDN,P2G,Pix,"14366,87",66
202411,PF,PF,CENTRO-OESTE,SUL,até 19 anos,entre 50 e 59 anos,MANU,P2P,Pix,"118033,43",1274
202411,PF,PF,SUDESTE,SUDESTE,entre 40 e 49 anos,até 19 anos,QRDN,P2P,Pix,"3796018,41",109586
202411,PF,PF,SUDESTE,CENTRO-OESTE,entre 20 e 29 anos,mais de 60 anos,QRES,P2P,Pix,"464498,67",12671
202411,PF,PJ,NORTE,CENTRO-OESTE,entre 20 e 29 anos,Nao se aplica,QRDN,P2B,Pix,"62355341,96",1044789
202411,PF,PF,NORTE,SUL,mais de 60 anos,entre 50 e 59 anos,QRES,P2P,Pix,"72579,72",904
202411,PJ,PF,NORTE,SUL,Nao se aplica,entre 20 e 29 anos,DICT,B2P,Pix,41748591,201338
202411,PF,PF,SUL,Nao informado,entre 50 e 59 anos,entre 50 e 59 anos,MANU,P2P,Pix,"632300,37",284
202411,PF,PJ,SUL,NORDESTE,mais de 60 anos,Nao se aplica,QRDN,P2B,Pix,"38266501,28",943654
202411,PF,PF,CENTRO-OESTE,Nao informado,entre 30 e 39 anos,entre 50 e 59 anos,QRDN,P2P,Pix,"5500,13",185
202411,PF,PF,SUDESTE,CENTRO-OESTE,até 19 anos,entre 30 e 39 anos,QRES,P2P,Pix,"388058,51",11660
202411,PJ,PJ,SUDESTE,SUDESTE,Nao se aplica,Nao se aplica,QRDN,B2B,Pix,"6453860338,12",18941000
202411,PF,PF,CENTRO-OESTE,SUDESTE,entre 30 e 39 anos,mais de 60 anos,MANU,P2P,Pix,"16061613,96",18581
202411,PF,PF,SUDESTE,SUL,entre 20 e 29 anos,entre 40 e 49 anos,Nao disponivel,P2P,Nao disponivel,"199204,18",1233
202411,PF,PF,CENTRO-OESTE,SUDESTE,entre 40 e 49 anos,entre 30 e 39 anos,QRES,P2P,Pix,"2873032,24",33063
202411,PF,PF,SUDESTE,NORTE,entre 50 e 59 anos,entre 30 e 39 anos,DICT,P2P,Pix,"34116804,3",107782
202411,PJ,PF,CENTRO-OESTE,NORTE,Nao se aplica,entre 20 e 29 anos,QRDN,B2P,Pix,"112463,88",1709
202411,PF,PF,SUDESTE,SUDESTE,entre 40 e 49 anos,entre 20 e 29 anos,INIC,P2P,Pix,10,1
202411,PF,PF,NORTE,NORDESTE,entre 40 e 49 anos,entre 30 e 39 anos,QRES,P2P,Pix,"3311784,4",56892
202411,PJ,PF,NORTE,CENTRO-OESTE,Nao se aplica,entre 30 e 39 anos,DICT,B2P,Pix,"150015831,69",219561
202411,PF,PJ,NORTE,Nao informado,mais de 60 anos,Nao se aplica,DICT,P2B,Pix,"6588,82",8
202411,PJ,PF,NORDESTE,SUDESTE,Nao se aplica,entre 40 e 49 anos,DICT,B2P,Pix,"939499667,24",4461506
202411,PJ,PF,NORDESTE,SUL,Nao se aplica,mais de 60 anos,MANU,G2P,Pix,"104804,78",3
202411,PF,PF,CENTRO-OESTE,CENTRO-OESTE,entre 20 e 29 anos,Nao informado,DICT,P2P,Pix,2601,10
202411,PF,PJ,SUDESTE,SUL,até 19 anos,Nao se aplica,Nao disponivel,P2B,Nao disponivel,"173105,5",298
202411,PF,PF,NORDESTE,Nao informado,até 19 anos,entre 20 e 29 anos,Nao disponivel,P2P,Nao disponivel,"958,56",17
202411,PF,PF,SUDESTE,Nao informado,entre 20 e 29 anos,até 19 anos,QRDN,P2P,Pix,"775,95",24
202411,PF,PJ,SUDESTE,SUDESTE,mais de 60 anos,Nao se aplica,QRDN,P2B,Pix Saque,"9913982,88",49406
202411,PJ,PF,SUL,NORTE,Nao se aplica,entre 40 e 49 anos,QRDN,B2P,Pix,"51127,44",1005
202411,PF,PF,NORTE,Nao informado,até 19 anos,mais de 60 anos,Nao disponivel,P2P,Nao disponivel,20,1
202411,PF,PF,NORDESTE,NORDESTE,mais de 60 anos,mais de 60 anos,DICT,P2P,Pix,"3046648564,37",5110129
202411,PF,PF,CENTRO-OESTE,NORTE,entre 30 e 39 anos,entre 40 e 49 anos,QRES,P2P,Pix,"1182925,08",29050
202411,PJ,PF,Nao informado,NORDESTE,Nao se aplica,entre 20 e 29 anos,MANU,G2P,Pix,600,1
202411,PF,PF,Nao informado,SUDESTE,entre 40 e 49 anos,mais de 60 anos,QRES,P2P,Pix,"45662,71",444
202411,PF,PF,SUL,NORDESTE,mais de 60 anos,entre 50 e 59 anos,QRES,P2P,Pix,"173604,96",2531
202411,PJ,PF,CENTRO-OESTE,NORTE,Nao se aplica,até 19 anos,DICT,B2P,Pix,"14478679,96",38688
202411,PF,PF,SUDESTE,SUL,entre 30 e 39 anos,entre 40 e 49 anos,INIC,P2P,Pix,"153,9",1
202411,PF,PF,CENTRO-OESTE,SUL,mais de 60 anos,entre 30 e 39 anos,QRES,P2P,Pix,"251825,39",1452
202411,PF,PF,NORDESTE,SUDESTE,entre 30 e 39 anos,até 19 anos,Nao disponivel,P2P,Nao disponivel,"72547,86",2519
202411,PF,PF,NORTE,NORTE,mais de 60 anos,entre 40 e 49 anos,Nao disponivel,P2P,Nao disponivel,"360810,73",1305
202411,PF,PF,NORDESTE,Nao informado,mais de 60 anos,até 19 anos,MANU,P2P,Pix,"1018,8",22
202411,PF,PF,SUDESTE,NORTE,até 19 anos,até 19 anos,QRES,P2P,Pix,"76851,08",6759
202411,PF,PF,NORDESTE,SUL,até 19 anos,até 19 anos,MANU,P2P,Pix,"288968,62",7734
202411,PF,PJ,NORDESTE,SUL,entre 20 e 29 anos,Nao se aplica,QRES,P2B,Pix,"72959729,14",548098
202411,PF,PJ,SUL,CENTRO-OESTE,mais de 60 anos,Nao se aplica,QRDN,P2B,Pix Troco,"109,7",1
202411,PF,PF,SUL,Nao informado,entre 20 e 29 anos,mais de 60 anos,DICT,P2P,Pix,"293501,21",627
202411,PF,PF,SUDESTE,CENTRO-OESTE,mais de 60 anos,entre 50 e 59 anos,QRDN,P2P,Pix,"117971,04",2065
202411,PF,PF,CENTRO-OESTE,SUL,entre 40 e 49 anos,entre 20 e 29 anos,MANU,P2P,Pix,"2058179,1",10494
202411,PF,PF,SUL,NORTE,entre 20 e 29 anos,entre 30 e 39 anos,QRDN,P2P,Pix,"299176,98",9718
202411,PF,PF,SUL,NORTE,entre 30 e 39 anos,entre 30 e 39 anos,Nao disponivel,P2P,Nao disponivel,"106667,89",641
202411,PF,PJ,SUL,NORTE,mais de 60 anos,Nao se aplica,MANU,P2G,Pix,"2323,86",1
202411,PJ,PF,SUL,SUL,Nao se aplica,entre 30 e 39 anos,MANU,G2P,Pix,"1257934,04",1057
202411,PF,PF,NORTE,NORDESTE,entre 40 e 49 anos,entre 50 e 59 anos,Nao disponivel,P2P,Nao disponivel,"28539,45",135
202411,PF,PF,SUDESTE,Nao informado,mais de 60 anos,até 19 anos,DICT,P2P,Pix,"67211,02",214
202411,PF,PF,SUL,SUL,entre 20 e 29 anos,entre 20 e 29 anos,INIC,P2P,Pix,"6271863,22",10394
202411,PF,PJ,SUDESTE,NORTE,entre 20 e 29 anos,Nao se aplica,QRES,P2B,Pix,"2917755,28",29266
202411,PF,PF,SUDESTE,NORTE,entre 40 e 49 anos,entre 50 e 59 anos,DICT,P2P,Pix,"26981022,47",65933
202411,PF,PF,NORDESTE,SUL,entre 30 e 39 anos,entre 50 e 59 anos,MANU,P2P,Pix,"3522098,69",15697
202411,PF,PF,SUL,SUL,entre 30 e 39 anos,entre 40 e 49 anos,MANU,P2P,Pix,"347866836,1",1375416
202411,PF,PF,NORDESTE,SUL,mais de 60 anos,entre 50 e 59 anos,MANU,P2P,Pix,"606741,08",1605
202411,PF,PF,CENTRO-OESTE,SUDESTE,entre 40 e 49 anos,até 19 anos,DICT,P2P,Pix,"8797289,59",58444
202411,PJ,PJ,NORTE,SUDESTE,Nao se aplica,Nao se aplica,MANU,G2B,Pix,"16147739,19",108
202411,PJ,PF,SUDESTE,SUDESTE,Nao se aplica,entre 50 e 59 anos,INIC,B2P,Pix,"494,6",2
202411,PJ,PF,CENTRO-OESTE,SUL,Nao se aplica,até 19 anos,QRDN,B2P,Pix,"25591,68",84
202411,PF,PJ,Nao informado,Nao informado,até 19 anos,Nao se aplica,QRDN,P2B,Pix Saque,"155,72",1
202411,PF,PJ,SUL,SUL,mais de 60 anos,Nao se aplica,MANU,P2B,Pix Saque,5030,29
202411,PF,PF,CENTRO-OESTE,NORDESTE,até 19 anos,entre 40 e 49 anos,MANU,P2P,Pix,"1400260,16",14374
202411,PF,PJ,NORDESTE,NORDESTE,entre 40 e 49 anos,Nao se aplica,QRDN,P2B,Pix Saque,"15252953,22",61133
202411,PJ,PJ,NORDESTE,CENTRO-OESTE,Nao se aplica,Nao se aplica,DICT,G2G,Pix,"31960,78",1
202411,PF,PJ,Nao informado,SUL,mais de 60 anos,Nao se aplica,QRDN,P2B,Pix Saque,"4737,81",9
202411,PF,PF,Nao informado,NORTE,mais de 60 anos,entre 20 e 29 anos,QRDN,P2P,Pix,812,19
202411,PF,PJ,NORDESTE,NORTE,entre 40 e 49 anos,Nao se aplica,QRDN,P2B,Pix Saque,"39951,38",227
202411,PF,PF,SUL,SUL,mais de 60 anos,mais de 60 anos,Nao disponivel,P2P,Nao disponivel,"3265998,18",2761
202411,PF,PF,NORDESTE,Nao informado,entre 20 e 29 anos,entre 40 e 49 anos,MANU,P2P,Pix,"368385,78",1962
202411,PF,PF,Nao informado,NORTE,entre 50 e 59 anos,entre 20 e 29 anos,MANU,P2P,Pix,"113123,24",1012
202411,PF,PF,NORTE,NORTE,até 19 anos,entre 40 e 49 anos,MANU,P2P,Pix,"33307363,84",452375
202411,PF,PF,SUDESTE,NORTE,entre 30 e 39 anos,entre 40 e 49 anos,DICT,P2P,Pix,"46764307,15",142175
202411,PF,PJ,CENTRO-OESTE,SUDESTE,mais de 60 anos,Nao se aplica,DICT,P2B,Pix,"184314077,87",87708
202411,PF,PJ,SUL,NORTE,entre 50 e 59 anos,Nao se aplica,Nao disponivel,P2B,Nao disponivel,"18896,66",14
202411,PF,PJ,CENTRO-OESTE,CENTRO-OESTE,mais de 60 anos,Nao se aplica,QRES,P2B,Pix,"129103162,32",585137
202411,PJ,PF,NORTE,CENTRO-OESTE,Nao se aplica,entre 20 e 29 anos,MANU,G2P,Pix,3400,2
202411,PF,PJ,SUL,NORTE,mais de 60 anos,Nao se aplica,QRDN,P2B,Pix Saque,"3188,21",19
202411,PF,PJ,SUDESTE,SUDESTE,entre 20 e 29 anos,Nao se aplica,QRDN,P2B,Pix Troco,"67043,09",301
202411,PF,PF,NORDESTE,SUL,até 19 anos,entre 40 e 49 anos,MANU,P2P,Pix,"494637,63",4660
202411,PF,PF,SUL,SUDESTE,mais de 60 anos,entre 40 e 49 anos,DICT,P2P,Pix,"65508824,61",111170
202411,PJ,PF,SUDESTE,SUL,Nao se aplica,entre 50 e 59 anos,Nao disponivel,G2P,Nao disponivel,"1869,77",12
202411,PF,PF,NORTE,CENTRO-OESTE,até 19 anos,entre 50 e 59 anos,MANU,P2P,Pix,"310306,36",3530
202411,PF,PJ,NORTE,CENTRO-OESTE,entre 20 e 29 anos,Nao se aplica,QRES,P2B,Pix,"26587951,23",178885
202411,PF,PF,SUDESTE,NORTE,mais de 60 anos,entre 30 e 39 anos,MANU,P2P,Pix,"5251217,81",9494
202411,PF,PF,SUDESTE,SUDESTE,entre 20 e 29 anos,até 19 anos,QRES,P2P,Pix,"13942477,16",292078
202411,PF,PJ,SUL,SUL,até 19 anos,Nao se aplica,QRES,P2G,Pix,"114329,42",1380
202411,PF,PF,NORTE,Nao informado,até 19 anos,até 19 anos,DICT,P2P,Pix,"81576,88",607
202411,PF,PF,Nao informado,Nao informado,entre 20 e 29 anos,até 19 anos,DICT,P2P,Pix,"123479,34",1305
202411,PF,PF,SUL,SUL,até 19 anos,até 19 anos,QRDN,P2P,Pix,"362532,95",12265
202411,PF,PJ,CENTRO-OESTE,CENTRO-OESTE,mais de 60 anos,Nao se aplica,Nao disponivel,P2B,Nao disponivel,"6253122,11",733
202411,PF,PF,CENTRO-OESTE,Nao informado,entre 40 e 49 anos,entre 30 e 39 anos,DICT,P2P,Pix,"1979746,28",4807
202411,PF,PF,NORDESTE,CENTRO-OESTE,entre 40 e 49 anos,até 19 anos,Nao disponivel,P2P,Nao disponivel,"8120,97",385
202411,PF,PF,SUDESTE,CENTRO-OESTE,entre 40 e 49 anos,entre 30 e 39 anos,QRES,P2P,Pix,"2047891,57",34151
202411,PF,PF,NORDESTE,Nao informado,entre 30 e 39 anos,Nao informado,MANU,P2P,Pix,699,17
202411,PF,PF,Nao informado,NORTE,entre 30 e 39 anos,até 19 anos,QRES,P2P,Pix,"1719,1",53
202411,PJ,PF,SUL,Nao informado,Nao se aplica,entre 20 e 29 anos,MANU,B2P,Pix,"1002027,92",1164
202411,PF,PF,NORDESTE,SUL,entre 50 e 59 anos,até 19 anos,QRES,P2P,Pix,"35186,46",702
202411,PF,PJ,SUL,SUL,até 19 anos,Nao se aplica,MANU,P2B,Pix Saque,2190,15
202411,PF,PF,CENTRO-OESTE,CENTRO-OESTE,entre 40 e 49 anos,até 19 anos,DICT,P2P,Pix,"229056721,2",1784039
202411,PF,PF,Nao informado,Nao informado,mais de 60 anos,entre 20 e 29 anos,DICT,P2P,Pix,"211432,54",671
202411,PJ,PF,Nao informado,CENTRO-OESTE,Nao se aplica,entre 30 e 39 anos,Nao disponivel,B2P,Nao disponivel,"11224,41",7
202411,PF,PF,Nao informado,SUL,entre 20 e 29 anos,entre 30 e 39 anos,QRES,P2P,Pix,"55674,34",1199
202411,PF,PF,SUL,SUDESTE,entre 50 e 59 anos,entre 40 e 49 anos,DICT,P2P,Pix,"69036885,87",164539
202411,PF,PF,SUDESTE,SUDESTE,mais de 60 anos,entre 50 e 59 anos,Nao disponivel,P2P,Nao disponivel,"3477411,79",7667
202411,PF,PF,NORDESTE,NORDESTE,entre 40 e 49 anos,entre 50 e 59 anos,DICT,P2P,Pix,"2314587765,46",10098175
202411,PF,PF,SUDESTE,SUDESTE,até 19 anos,até 19 anos,QRDN,P2P,Pix,"1559562,16",64151
202411,PF,PF,NORTE,SUL,até 19 anos,entre 20 e 29 anos,QRDN,P2P,Pix,"85518,75",3760
202411,PF,PJ,SUDESTE,CENTRO-OESTE,mais de 60 anos,Nao se aplica,QRDN,P2G,Pix,"120670468,77",235179
202411,PF,PF,SUL,NORDESTE,entre 50 e 59 anos,entre 30 e 39 anos,QRDN,P2P,Pix,"220271,74",5260
202411,PF,PF,NORDESTE,NORTE,entre 20 e 29 anos,até 19 anos,DICT,P2P,Pix,"5891983,22",80699
202411,PF,PF,SUDESTE,CENTRO-OESTE,entre 40 e 49 anos,até 19 anos,QRDN,P2P,Pix,"74201,55",2239
202411,PF,PJ,SUDESTE,NORDESTE,entre 30 e 39 anos,Nao se aplica,QRDN,P2B,Pix Troco,"1171,39",9
202411,PF,PF,CENTRO-OESTE,Nao informado,entre 20 e 29 anos,entre 20 e 29 anos,MANU,P2P,Pix,"190413,07",1215
202411,PF,PF,SUL,Nao informado,entre 30 e 39 anos,entre 30 e 39 anos,QRES,P2P,Pix,"86823,47",1422
202411,PJ,PF,SUDESTE,NORDESTE,Nao se aplica,entre 40 e 49 anos,MANU,B2P,Pix,"791504774,47",1736928
202411,PF,PF,SUL,CENTRO-OESTE,mais de 60 anos,entre 20 e 29 anos,Nao disponivel,P2P,Nao disponivel,"36178,55",40
202411,PF,PF,SUL,Nao informado,entre 30 e 39 anos,entre 20 e 29 anos,MANU,P2P,Pix,"383729,92",1765
202411,PF,PF,NORDESTE,SUDESTE,entre 30 e 39 anos,até 19 anos,DICT,P2P,Pix,"30300804,09",327663
202411,PF,PF,NORDESTE,CENTRO-OESTE,mais de 60 anos,entre 40 e 49 anos,QRDN,P2P,Pix,"172148,93",3346
202411,PF,PF,Nao informado,SUL,entre 20 e 29 anos,até 19 anos,Nao disponivel,P2P,Nao disponivel,153,3
202411,PF,PJ,NORDESTE,NORDESTE,mais de 60 anos,Nao se aplica,MANU,P2G,Pix,"258490,53",94
202411,PF,PF,CENTRO-OESTE,NORTE,entre 20 e 29 anos,mais de 60 anos,MANU,P2P,Pix,"3742012,62",5964
202411,PF,PJ,NORDESTE,NORDESTE,entre 50 e 59 anos,Nao se aplica,QRDN,P2G,Pix,"39249171,16",103154
202411,PF,PF,NORTE,NORTE,entre 30 e 39 anos,entre 30 e 39 anos,INIC,P2P,Pix,"3046018,01",6370
202411,PF,PJ,SUL,SUDESTE,entre 50 e 59 anos,Nao se aplica,QRES,P2B,Pix,"247211198,98",1292419
202411,PJ,PJ,CENTRO-OESTE,SUL,Nao se aplica,Nao se aplica,DICT,G2B,Pix,"61802704,74",6595
202411,PF,PF,SUDESTE,NORDESTE,entre 20 e 29 anos,entre 30 e 39 anos,QRDN,P2P,Pix,"5921830,73",229524
202411,PF,PF,NORTE,Nao informado,entre 30 e 39 anos,até 19 anos,MANU,P2P,Pix,"57870,68",250
202411,PF,PF,SUL,Nao informado,entre 50 e 59 anos,entre 50 e 59 anos,QRDN,P2P,Pix,"1456,95",18
202411,PF,PF,NORTE,SUL,entre 20 e 29 anos,mais de 60 anos,QRES,P2P,Pix,"368734,28",11665
202411,PF,PF,NORTE,CENTRO-OESTE,mais de 60 anos,entre 40 e 49 anos,INIC,P2P,Pix,"21,9",1
202411,PF,PF,SUL,NORTE,entre 30 e 39 anos,até 19 anos,DICT,P2P,Pix,"2891342,21",26204
202411,PF,PF,SUDESTE,SUDESTE,entre 40 e 49 anos,Nao informado,INIC,P2P,Pix,"7566,11",7
202411,PF,PF,NORDESTE,NORDESTE,mais de 60 anos,entre 40 e 49 anos,MANU,P2P,Pix,"193505446,03",865158
202411,PJ,PF,NORTE,Nao informado,Nao se aplica,até 19 anos,Nao disponivel,B2P,Nao disponivel,"119,95",4
202411,PF,PJ,SUL,CENTRO-OESTE,entre 20 e 29 anos,Nao se aplica,INIC,P2B,Pix,"9882,47",58
202411,PF,PF,NORDESTE,NORDESTE,entre 20 e 29 anos,mais de 60 anos,DICT,P2P,Pix,"665831697,27",3731438
202411,PF,PJ,NORDESTE,CENTRO-OESTE,mais de 60 anos,Nao se aplica,QRDN,P2B,Pix Troco,120,1
202411,PJ,PJ,NORTE,NORDESTE,Nao se aplica,Nao se aplica,MANU,B2G,Pix,"4363,66",3
202411,PF,PF,NORTE,Nao informado,até 19 anos,entre 50 e 59 anos,QRES,P2P,Pix,"3200,19",225
202411,PF,PF,SUDESTE,SUDESTE,entre 40 e 49 anos,entre 30 e 39 anos,Nao disponivel,P2P,Nao disponivel,"15175152,87",59540
202411,PF,PF,NORDESTE,SUDESTE,entre 20 e 29 anos,entre 40 e 49 anos,DICT,P2P,Pix,"244696714,83",1527504
202411,PF,PF,CENTRO-OESTE,SUL,entre 40 e 49 anos,entre 50 e 59 anos,Nao disponivel,P2P,Nao disponivel,"51265,75",126
202411,PJ,PJ,SUDESTE,SUDESTE,Nao se aplica,Nao se aplica,DICT,B2G,Pix,"17301331,58",6845
202411,PF,PF,SUDESTE,SUL,até 19 anos,entre 20 e 29 anos,INIC,P2P,Pix,"4,99",1
202411,PF,PF,SUL,SUL,entre 20 e 29 anos,entre 20 e 29 anos,DICT,P2P,Pix,"6903052170,11",22377672
202411,PJ,PF,CENTRO-OESTE,SUL,Nao se aplica,mais de 60 anos,DICT,B2P,Pix,"69225964,98",27166
202411,PF,PJ,SUL,NORDESTE,até 19 anos,Nao se aplica,DICT,P2B,Pix,"1573827,64",6308
202411,PF,PF,SUDESTE,Nao informado,até 19 anos,entre 40 e 49 anos,DICT,P2P,Pix,"304730,83",1458
202411,PF,PF,NORDESTE,Nao informado,entre 40 e 49 anos,entre 50 e 59 anos,DICT,P2P,Pix,"1370988,59",2930
202411,PF,PF,SUDESTE,Nao informado,entre 50 e 59 anos,entre 20 e 29 anos,MANU,P2P,Pix,"358113,67",1200
202411,PJ,PF,NORTE,SUDESTE,Nao se aplica,Nao informado,DICT,B2P,Pix,700,1
202411,PF,PF,NORTE,SUDESTE,entre 20 e 29 anos,entre 20 e 29 anos,DICT,P2P,Pix,"47908812,89",336314
202411,PF,PF,SUDESTE,SUDESTE,até 19 anos,entre 40 e 49 anos,QRES,P2P,Pix,"29670211,42",1128064
202411,PF,PJ,CENTRO-OESTE,SUL,entre 40 e 49 anos,Nao se aplica,QRDN,P2G,Pix,"814259,88",1316
202411,PF,PF,SUL,Nao informado,entre 30 e 39 anos,entre 30 e 39 anos,DICT,P2P,Pix,"4998060,75",10320
202411,PJ,PJ,CENTRO-OESTE,SUDESTE,Nao se aplica,Nao se aplica,QRDN,B2B,Pix Troco,"451,6",1
202411,PF,PF,NORDESTE,SUDESTE,até 19 anos,mais de 60 anos,Nao disponivel,P2P,Nao disponivel,"78716,84",458
202411,PF,PJ,Nao informado,NORTE,entre 20 e 29 anos,Nao se aplica,Nao disponivel,P2B,Nao disponivel,"1024,09",3
202411,PF,PF,NORDESTE,NORDESTE,mais de 60 anos,entre 30 e 39 anos,DICT,P2P,Pix,"1963907684,71",5841623
202411,PJ,PJ,NORTE,NORDESTE,Nao se aplica,Nao se aplica,QRES,B2G,Pix,"18372,65",21
202411,PF,PF,NORTE,CENTRO-OESTE,entre 40 e 49 anos,entre 20 e 29 anos,QRDN,P2P,Pix,"557133,88",13609
202411,PF,PJ,CENTRO-OESTE,SUL,entre 40 e 49 anos,Nao se aplica,QRES,P2G,Pix,"7633,96",70
202411,PJ,PF,NORDESTE,SUL,Nao se aplica,entre 40 e 49 anos,MANU,G2P,Pix,"84970,22",17
202411,PF,PF,SUL,SUDESTE,entre 20 e 29 anos,até 19 anos,QRES,P2P,Pix,"363126,15",7241
202411,PF,PF,CENTRO-OESTE,Nao informado,entre 20 e 29 anos,entre 40 e 49 anos,QRDN,P2P,Pix,"17244,89",562
202411,PJ,PF,NORTE,NORDESTE,Nao se aplica,até 19 anos,MANU,B2P,Pix,"614891,33",841
202411,PF,PF,SUDESTE,SUL,até 19 anos,entre 20 e 29 anos,Nao disponivel,P2P,Nao disponivel,"93562,13",1452
202411,PF,PF,SUL,Nao informado,entre 50 e 59 anos,entre 40 e 49 anos,DICT,P2P,Pix,"1940265,12",2832
202411,PF,PF,SUL,SUL,até 19 anos,mais de 60 anos,DICT,P2P,Pix,"49809575,58",387799
202411,PF,PF,Nao informado,NORDESTE,entre 40 e 49 anos,mais de 60 anos,Nao disponivel,P2P,Nao disponivel,95,3
202411,PF,PF,NORDESTE,NORDESTE,entre 50 e 59 anos,entre 40 e 49 anos,Nao disponivel,P2P,Nao disponivel,"2504984,67",11503
202411,PF,PJ,CENTRO-OESTE,SUDESTE,entre 50 e 59 anos,Nao se aplica,Nao disponivel,P2B,Nao disponivel,"626856,54",254
202411,PF,PF,SUL,SUL,entre 40 e 49 anos,entre 50 e 59 anos,DICT,P2P,Pix,"1408832820,99",4067411
202411,PF,PJ,NORTE,NORTE,entre 50 e 59 anos,Nao se aplica,DICT,P2B,Pix,"855001382,89",1288162
202411,PF,PF,SUL,CENTRO-OESTE,entre 30 e 39 anos,entre 20 e 29 anos,Nao disponivel,P2P,Nao disponivel,"105399,67",424
202411,PF,PF,NORTE,SUL,mais de 60 anos,entre 50 e 59 anos,QRDN,P2P,Pix,"21184,52",455
202411,PF,PF,NORTE,NORDESTE,entre 40 e 49 anos,mais de 60 anos,MANU,P2P,Pix,"3326920,45",12707
202411,PF,PF,CENTRO-OESTE,NORDESTE,entre 50 e 59 anos,entre 30 e 39 anos,QRDN,P2P,Pix,"558323,94",14342
202411,PF,PF,NORDESTE,CENTRO-OESTE,entre 50 e 59 anos,entre 40 e 49 anos,QRES,P2P,Pix,"729927,9",13342
202411,PF,PF,CENTRO-OESTE,NORDESTE,entre 20 e 29 anos,entre 30 e 39 anos,QRES,P2P,Pix,"2665661,16",67361
202411,PF,PF,Nao informado,SUDESTE,entre 20 e 29 anos,entre 50 e 59 anos,QRES,P2P,Pix,"38966,17",928
202411,PF,PF,CENTRO-OESTE,SUDESTE,até 19 anos,Nao informado,INIC,P2P,Pix,"22,32",1
202411,PF,PF,NORDESTE,NORDESTE,mais de 60 anos,entre 50 e 59 anos,QRES,P2P,Pix,"24956786,36",392354
202411,PJ,PF,CENTRO-OESTE,SUDESTE,Nao se aplica,entre 20 e 29 anos,DICT,G2P,Pix,"3170037,38",4591
202411,PF,PF,CENTRO-OESTE,NORDESTE,entre 20 e 29 anos,mais de 60 anos,QRDN,P2P,Pix,"268997,81",9106
202411,PF,PF,NORTE,SUL,mais de 60 anos,até 19 anos,QRDN,P2P,Pix,"6384,79",35
202411,PF,PJ,NORTE,NORDESTE,entre 40 e 49 anos,Nao se aplica,QRDN,P2B,Pix,"238579334,42",5732409
202411,PJ,PF,SUDESTE,SUDESTE,Nao se aplica,mais de 60 anos,DICT,B2P,Pix,"7546673338,26",6372699
202411,PJ,PF,Nao informado,SUL,Nao se aplica,mais de 60 anos,QRES,B2P,Pix,"3953,37",20
202411,PJ,PF,NORDESTE,SUL,Nao se aplica,até 19 anos,Nao disponivel,B2P,Nao disponivel,"287473,99",11245
202411,PF,PF,NORTE,SUL,entre 50 e 59 anos,entre 50 e 59 anos,MANU,P2P,Pix,"1667892,05",4483
202411,PF,PF,SUDESTE,CENTRO-OESTE,Nao informado,entre 20 e 29 anos,Nao disponivel,P2P,Nao disponivel,"3671,87",2
202411,PF,PF,NORDESTE,Nao informado,mais de 60 anos,entre 40 e 49 anos,QRDN,P2P,Pix,"1319,04",41
202411,PJ,PF,Nao informado,SUDESTE,Nao se aplica,entre 50 e 59 anos,QRDN,B2P,Pix,"4451,35",33
202411,PF,PF,Nao informado,NORTE,entre 30 e 39 anos,entre 50 e 59 anos,DICT,P2P,Pix,"1003977,34",3630
202411,PF,PJ,NORTE,NORTE,até 19 anos,Nao se aplica,QRES,P2B,Pix Saque,783,9
202411,PF,PF,SUDESTE,Nao informado,entre 40 e 49 anos,entre 20 e 29 anos,MANU,P2P,Pix,"313428,59",1864
202411,PF,PF,CENTRO-OESTE,CENTRO-OESTE,mais de 60 anos,entre 40 e 49 anos,MANU,P2P,Pix,"132468651,79",199819
202411,PF,PJ,CENTRO-OESTE,SUDESTE,entre 30 e 39 anos,Nao se aplica,MANU,P2G,Pix,"8662,89",31
202411,PJ,PF,CENTRO-OESTE,NORTE,Nao se aplica,entre 30 e 39 anos,DICT,G2P,Pix,"1345311,41",1240
202411,PF,PF,NORDESTE,SUL,entre 40 e 49 anos,entre 30 e 39 anos,DICT,P2P,Pix,"35207054,35",144633
202411,PF,PF,SUL,NORTE,entre 20 e 29 anos,entre 30 e 39 anos,MANU,P2P,Pix,"3744109,31",26668
202411,PF,PF,SUDESTE,SUDESTE,entre 40 e 49 anos,Nao informado,QRES,P2P,Pix,"5308632,51",4575
202411,PF,PF,Nao informado,Nao informado,entre 40 e 49 anos,entre 20 e 29 anos,MANU,P2P,Pix,"278214,88",1045
202411,PF,PF,NORDESTE,CENTRO-OESTE,mais de 60 anos,até 19 anos,Nao disponivel,P2P,Nao disponivel,"996,57",151
202411,PF,PF,SUL,NORDESTE,entre 40 e 49 anos,entre 30 e 39 anos,MANU,P2P,Pix,"5020334,67",30835
202411,PF,PF,NORDESTE,NORTE,mais de 60 anos,entre 20 e 29 anos,MANU,P2P,Pix,"962236,17",8091
202411,PF,PF,Nao informado,NORDESTE,entre 40 e 49 anos,entre 30 e 39 anos,QRDN,P2P,Pix,"43545,73",960
202411,PJ,PF,NORTE,Nao informado,Nao se aplica,entre 40 e 49 anos,MANU,G2P,Pix,"2200,5",1
202411,PF,PJ,Nao informado,SUDESTE,entre 40 e 49 anos,Nao se aplica,QRDN,P2B,Pix Troco,259,1
202411,PF,PF,NORTE,CENTRO-OESTE,entre 40 e 49 anos,entre 30 e 39 anos,Nao disponivel,P2P,Nao disponivel,"82004,06",292
202411,PF,PJ,SUDESTE,SUDESTE,entre 20 e 29 anos,Nao se aplica,QRDN,P2B,Pix,"8948047624,32",147772973
202411,PF,PF,Nao informado,SUDESTE,entre 30 e 39 anos,entre 30 e 39 anos,DICT,P2P,Pix,"11218441,03",18239
202411,PF,PF,NORDESTE,CENTRO-OESTE,mais de 60 anos,entre 50 e 59 anos,QRES,P2P,Pix,"211222,37",2833
202411,PF,PF,NORDESTE,Nao informado,entre 20 e 29 anos,entre 50 e 59 anos,QRDN,P2P,Pix,"6242,97",356
202411,PF,PF,SUL,Nao informado,entre 20 e 29 anos,entre 50 e 59 anos,QRES,P2P,Pix,"26795,41",310
202411,PF,PF,SUDESTE,NORDESTE,entre 50 e 59 anos,mais de 60 anos,MANU,P2P,Pix,"14513140,62",33404
202411,PF,PJ,SUL,SUDESTE,até 19 anos,Nao se aplica,QRES,P2B,Pix,"43063604,22",432041
202411,PF,PF,NORDESTE,NORTE,até 19 anos,mais de 60 anos,QRES,P2P,Pix,"100132,74",6887
202411,PF,PF,SUDESTE,CENTRO-OESTE,entre 20 e 29 anos,entre 30 e 39 anos,Nao disponivel,P2P,Nao disponivel,"317334,34",1513
202411,PF,PF,SUDESTE,CENTRO-OESTE,até 19 anos,entre 40 e 49 anos,DICT,P2P,Pix,"4839534,51",42332
202411,PF,PF,Nao informado,NORDESTE,entre 20 e 29 anos,entre 20 e 29 anos,DICT,P2P,Pix,"2261198,74",11618
202411,PF,PF,SUDESTE,SUDESTE,entre 30 e 39 anos,entre 30 e 39 anos,INIC,P2P,Pix,"26008445,94",35132
202411,PJ,PJ,NORDESTE,NORDESTE,Nao se aplica,Nao se aplica,QRES,G2B,Pix,"701997,14",615
202411,PF,PF,NORDESTE,CENTRO-OESTE,até 19 anos,até 19 anos,MANU,P2P,Pix,"687523,53",19184
202411,PF,PF,SUL,SUDESTE,mais de 60 anos,até 19 anos,Nao disponivel,P2P,Nao disponivel,"4753,5",134
202411,PJ,PF,Nao informado,SUDESTE,Nao se aplica,entre 50 e 59 anos,QRES,B2P,Pix,"19780,12",59
202411,PF,PF,SUDESTE,NORTE,entre 50 e 59 anos,entre 40 e 49 anos,QRES,P2P,Pix,"453293,69",9653
202411,PF,PF,SUDESTE,NORTE,mais de 60 anos,mais de 60 anos,QRDN,P2P,Pix,"34629,37",697
202411,PJ,PF,CENTRO-OESTE,NORDESTE,Nao se aplica,mais de 60 anos,DICT,B2P,Pix,"31796552,06",33809
202411,PF,PF,SUDESTE,NORDESTE,mais de 60 anos,entre 40 e 49 anos,QRDN,P2P,Pix,"790496,08",17518
202411,PF,PF,CENTRO-OESTE,NORDESTE,entre 40 e 49 anos,mais de 60 anos,QRES,P2P,Pix,"742107,66",16264
202411,PF,PF,NORTE,NORDESTE,entre 50 e 59 anos,entre 20 e 29 anos,MANU,P2P,Pix,"3264555,95",26593
202411,PF,PF,NORTE,Nao informado,entre 30 e 39 anos,entre 30 e 39 anos,MANU,P2P,Pix,"1294997,37",7073
202411,PF,PF,SUL,Nao informado,entre 40 e 49 anos,até 19 anos,MANU,P2P,Pix,"11690,31",122
202411,PF,PJ,Nao informado,CENTRO-OESTE,entre 20 e 29 anos,Nao se aplica,Nao disponivel,P2B,Nao disponivel,"20,05",2
202411,PF,PF,NORTE,CENTRO-OESTE,entre 20 e 29 anos,até 19 anos,DICT,P2P,Pix,"6020027,22",64572
202411,PF,PJ,NORDESTE,SUDESTE,entre 40 e 49 anos,Nao se aplica,MANU,P2B,Pix Saque,210,5
202411,PF,PJ,Nao informado,NORDESTE,entre 30 e 39 anos,Nao se aplica,DICT,P2B,Pix,"4758856,56",4423
202411,PJ,PF,NORDESTE,NORDESTE,Nao se aplica,entre 30 e 39 anos,QRES,G2P,Pix,"353,75",9
202411,PF,PF,NORTE,SUL,entre 50 e 59 anos,entre 40 e 49 anos,QRES,P2P,Pix,"245265,13",4313
202411,PJ,PF,SUDESTE,SUDESTE,Nao se aplica,entre 20 e 29 anos,MANU,B2P,Pix,"3294084202,46",6385698
202411,PJ,PJ,NORDESTE,SUDESTE,Nao se aplica,Nao se aplica,Nao disponivel,G2B,Nao disponivel,"956,04",1
202411,PF,PF,NORDESTE,NORDESTE,até 19 anos,entre 40 e 49 anos,QRDN,P2P,Pix,"17959471,17",1150958
202411,PF,PF,NORDESTE,CENTRO-OESTE,até 19 anos,entre 40 e 49 anos,MANU,P2P,Pix,"1308370,3",16993
202411,PF,PF,SUDESTE,Nao informado,entre 40 e 49 anos,Nao informado,QRDN,P2P,Pix,"454,48",3
202411,PF,PF,CENTRO-OESTE,SUDESTE,entre 50 e 59 anos,entre 30 e 39 anos,DICT,P2P,Pix,"65154162,41",162995
202411,PF,PF,Nao informado,CENTRO-OESTE,mais de 60 anos,entre 40 e 49 anos,MANU,P2P,Pix,"132028,84",152
202411,PF,PF,CENTRO-OESTE,SUDESTE,até 19 anos,entre 30 e 39 anos,MANU,P2P,Pix,"980444,8",9986
202411,PJ,PJ,SUL,SUDESTE,Nao se aplica,Nao se aplica,DICT,B2G,Pix,"126620,8",118
202411,PF,PF,SUDESTE,Nao informado,entre 20 e 29 anos,entre 40 e 49 anos,QRDN,P2P,Pix,"42201,38",1751
202411,PF,PF,SUDESTE,Nao informado,até 19 anos,entre 30 e 39 anos,Nao disponivel,P2P,Nao disponivel,"4546,5",8
202411,PF,PF,SUL,Nao informado,entre 20 e 29 anos,entre 20 e 29 anos,QRDN,P2P,Pix,"8025,98",185
202411,PF,PF,NORTE,CENTRO-OESTE,mais de 60 anos,entre 20 e 29 anos,DICT,P2P,Pix,"10803734,5",25427
202411,PF,PF,Nao informado,SUL,até 19 anos,entre 30 e 39 anos,QRDN,P2P,Pix,"1474,84",82
202411,PF,PJ,SUDESTE,SUDESTE,mais de 60 anos,Nao se aplica,DICT,P2G,Pix,"6300439,37",7849
202411,PF,PF,NORTE,CENTRO-OESTE,entre 20 e 29 anos,entre 40 e 49 anos,QRDN,P2P,Pix,"1823197,23",61602
202411,PF,PF,Nao informado,SUDESTE,entre 20 e 29 anos,entre 40 e 49 anos,QRDN,P2P,Pix,"30278,65",1083
202411,PJ,PF,NORTE,NORTE,Nao se aplica,entre 50 e 59 anos,DICT,G2P,Pix,"2126975,48",1928
202411,PF,PF,Nao informado,NORTE,entre 20 e 29 anos,entre 50 e 59 anos,QRDN,P2P,Pix,"6823,17",303
202411,PJ,PF,NORTE,SUL,Nao se aplica,entre 20 e 29 anos,QRES,B2P,Pix,"100984,28",692
202411,PF,PF,NORTE,Nao informado,entre 30 e 39 anos,entre 40 e 49 anos,QRDN,P2P,Pix,"22790,61",708
202411,PF,PF,SUDESTE,CENTRO-OESTE,entre 50 e 59 anos,entre 40 e 49 anos,MANU,P2P,Pix,21603817,21808
202411,PJ,PF,CENTRO-OESTE,SUDESTE,Nao se aplica,até 19 anos,MANU,B2P,Pix,"1222460,74",2854
202411,PF,PF,SUL,CENTRO-OESTE,entre 40 e 49 anos,entre 50 e 59 anos,QRES,P2P,Pix,"254073,45",5237
202411,PF,PF,NORTE,Nao informado,entre 50 e 59 anos,entre 30 e 39 anos,MANU,P2P,Pix,"244668,71",2869
202411,PF,PJ,SUL,Nao informado,mais de 60 anos,Nao se aplica,QRES,P2B,Pix,"2909,83",14
202411,PF,PF,NORDESTE,Nao informado,entre 40 e 49 anos,entre 20 e 29 anos,MANU,P2P,Pix,"604603,5",7271
202411,PF,PF,SUDESTE,Nao informado,até 19 anos,entre 20 e 29 anos,QRDN,P2P,Pix,"163,65",11
202411,PF,PF,SUL,CENTRO-OESTE,entre 20 e 29 anos,entre 50 e 59 anos,QRES,P2P,Pix,"281816,5",6976
202411,PF,PJ,Nao informado,NORDESTE,mais de 60 anos,Nao se aplica,QRDN,P2G,Pix,"49598,06",55
202411,PF,PJ,CENTRO-OESTE,NORTE,mais de 60 anos,Nao se aplica,QRES,P2B,Pix,"2248144,79",8033
202411,PF,PF,NORTE,NORDESTE,entre 50 e 59 anos,até 19 anos,QRDN,P2P,Pix,"46206,74",1115
202411,PJ,PF,NORDESTE,NORDESTE,Nao se aplica,até 19 anos,MANU,G2P,Pix,"208221,48",224
202411,PF,PJ,SUDESTE,SUL,mais de 60 anos,Nao se aplica,DICT,P2B,Pix,"180953377,58",136160
202411,PF,PF,Nao informado,SUDESTE,mais de 60 anos,entre 50 e 59 anos,Nao disponivel,P2P,Nao disponivel,"853,9",6
202411,PF,PF,NORTE,NORTE,entre 20 e 29 anos,mais de 60 anos,DICT,P2P,Pix,"211259736,39",1218169
202411,PF,PJ,SUDESTE,SUL,entre 50 e 59 anos,Nao se aplica,QRES,P2G,Pix,"14135,07",171
202411,PF,PF,SUL,CENTRO-OESTE,até 19 anos,entre 50 e 59 anos,Nao disponivel,P2P,Nao disponivel,"1725,4",52
202411,PF,PF,NORTE,Nao informado,mais de 60 anos,até 19 anos,MANU,P2P,Pix,2759,51
202411,PF,PF,SUL,SUL,entre 40 e 49 anos,entre 50 e 59 anos,Nao disponivel,P2P,Nao disponivel,"1896797,35",6732
202411,PJ,PF,Nao informado,CENTRO-OESTE,Nao se aplica,até 19 anos,QRDN,B2P,Pix,95,1
202411,PJ,PJ,CENTRO-OESTE,NORDESTE,Nao se aplica,Nao se aplica,MANU,G2G,Pix,"116088,88",4
202411,PF,PJ,NORTE,CENTRO-OESTE,entre 20 e 29 anos,Nao se aplica,QRES,P2G,Pix,"39506,54",532
202411,PF,PF,Nao informado,SUDESTE,Nao informado,entre 50 e 59 anos,QRES,P2P,Pix,106,13
202411,PF,PF,NORDESTE,CENTRO-OESTE,mais de 60 anos,mais de 60 anos,QRES,P2P,Pix,"103136,2",1490
202411,PF,PF,SUL,NORDESTE,entre 20 e 29 anos,entre 50 e 59 anos,QRDN,P2P,Pix,"190812,14",6849
202411,PF,PF,SUL,NORDESTE,até 19 anos,entre 20 e 29 anos,Nao disponivel,P2P,Nao disponivel,"36634,57",692
202411,PF,PF,SUDESTE,NORDESTE,entre 40 e 49 anos,mais de 60 anos,QRDN,P2P,Pix,"1281755,02",36893
202411,PF,PF,SUL,NORDESTE,mais de 60 anos,até 19 anos,QRES,P2P,Pix,"55049,12",371
202411,PJ,PF,SUL,SUL,Nao se aplica,mais de 60 anos,QRDN,G2P,Pix,195,1
202411,PF,PF,Nao informado,SUDESTE,entre 50 e 59 anos,entre 50 e 59 anos,DICT,P2P,Pix,"5732421,09",6360
202411,PJ,PF,SUL,NORDESTE,Nao se aplica,entre 40 e 49 anos,QRES,B2P,Pix,"1031230,12",7237
202411,PF,PJ,SUDESTE,NORDESTE,mais de 60 anos,Nao se aplica,QRES,P2G,Pix,"3420,34",86
202411,PF,PF,Nao informado,CENTRO-OESTE,entre 50 e 59 anos,até 19 anos,DICT,P2P,Pix,"82170,45",273
202411,PF,PJ,CENTRO-OESTE,NORDESTE,entre 50 e 59 anos,Nao se aplica,Nao disponivel,P2B,Nao disponivel,"38150,87",73
202411,PF,PJ,NORTE,SUL,até 19 anos,Nao se aplica,DICT,P2B,Pix,"3057702,07",16160
202411,PF,PF,SUDESTE,NORTE,entre 20 e 29 anos,mais de 60 anos,QRES,P2P,Pix,"193611,53",6481
202411,PF,PF,NORDESTE,SUL,entre 20 e 29 anos,mais de 60 anos,DICT,P2P,Pix,"8989523,82",41425
202411,PJ,PJ,NORDESTE,CENTRO-OESTE,Nao se aplica,Nao se aplica,MANU,G2B,Pix,"5197067,18",150
202411,PF,PF,SUDESTE,NORTE,entre 20 e 29 anos,entre 30 e 39 anos,Nao disponivel,P2P,Nao disponivel,"205436,92",1074
202411,PF,PJ,SUDESTE,SUL,entre 30 e 39 anos,Nao se aplica,MANU,P2G,Pix,"8216,5",35
202411,PF,PF,SUDESTE,Nao informado,entre 30 e 39 anos,entre 20 e 29 anos,Nao disponivel,P2P,Nao disponivel,"9768,84",40
202411,PF,PF,SUL,NORTE,mais de 60 anos,entre 50 e 59 anos,DICT,P2P,Pix,"7883775,93",13686
202411,PF,PF,SUL,NORTE,entre 50 e 59 anos,até 19 anos,MANU,P2P,Pix,"133770,28",1398
202411,PF,PF,NORTE,Nao informado,mais de 60 anos,Nao informado,DICT,P2P,Pix,434,4
202411,PF,PF,CENTRO-OESTE,SUDESTE,até 19 anos,entre 40 e 49 anos,QRES,P2P,Pix,"360101,3",15785
202411,PF,PF,Nao informado,SUDESTE,Nao informado,mais de 60 anos,MANU,P2P,Pix,4159,6
202411,PJ,PF,NORDESTE,NORDESTE,Nao se aplica,entre 20 e 29 anos,DICT,B2P,Pix,"4990476313,67",12015790
202411,PF,PF,NORDESTE,SUDESTE,entre 50 e 59 anos,mais de 60 anos,Nao disponivel,P2P,Nao disponivel,"155905,95",297
202411,PF,PF,SUL,CENTRO-OESTE,entre 50 e 59 anos,mais de 60 anos,Nao disponivel,P2P,Nao disponivel,"28493,9",37
202411,PF,PF,CENTRO-OESTE,Nao informado,entre 20 e 29 anos,entre 50 e 59 anos,QRDN,P2P,Pix,"3842,71",123
202411,PJ,PF,CENTRO-OESTE,CENTRO-OESTE,Nao se aplica,entre 30 e 39 anos,DICT,B2P,Pix,"4766059963,61",3987026
202411,PF,PJ,NORDESTE,SUL,entre 50 e 59 anos,Nao se aplica,QRDN,P2G,Pix,"303752,02",359
202411,PF,PJ,Nao informado,NORDESTE,Nao informado,Nao se aplica,QRES,P2B,Pix,"566,69",18
202411,PF,PF,SUL,Nao informado,até 19 anos,entre 40 e 49 anos,QRES,P2P,Pix,"6965,06",287
202411,PF,PF,NORTE,SUDESTE,mais de 60 anos,mais de 60 anos,QRDN,P2P,Pix,"35327,3",710
202411,PF,PF,SUDESTE,NORDESTE,entre 20 e 29 anos,mais de 60 anos,MANU,P2P,Pix,"11347262,01",37886
202411,PF,PJ,CENTRO-OESTE,SUL,entre 40 e 49 anos,Nao se aplica,MANU,P2G,Pix,432,3
202411,PF,PF,SUL,NORDESTE,entre 30 e 39 anos,mais de 60 anos,MANU,P2P,Pix,2041044,5946
202411,PF,PF,NORTE,SUL,mais de 60 anos,entre 50 e 59 anos,MANU,P2P,Pix,"677413,12",1291
202411,PF,PF,SUDESTE,NORTE,até 19 anos,mais de 60 anos,DICT,P2P,Pix,"369478,28",4833
202411,PJ,PF,CENTRO-OESTE,SUDESTE,Nao se aplica,entre 40 e 49 anos,QRES,B2P,Pix,"3275712,27",8556
202411,PF,PJ,CENTRO-OESTE,CENTRO-OESTE,até 19 anos,Nao se aplica,INIC,P2B,Pix,"1701,63",15
202411,PF,PJ,Nao informado,SUL,até 19 anos,Nao se aplica,QRDN,P2B,Pix Saque,"10620,34",17
202411,PJ,PJ,CENTRO-OESTE,NORTE,Nao se aplica,Nao se aplica,QRES,B2G,Pix,"3011,04",6
202411,PJ,PF,NORTE,SUL,Nao se aplica,entre 30 e 39 anos,QRES,B2P,Pix,"341145,32",1281
202411,PF,PF,Nao informado,SUL,entre 20 e 29 anos,mais de 60 anos,DICT,P2P,Pix,"758790,53",2053
202411,PJ,PF,NORDESTE,Nao informado,Nao se aplica,até 19 anos,DICT,B2P,Pix,"150994,33",776
202411,PF,PF,NORDESTE,CENTRO-OESTE,mais de 60 anos,até 19 anos,QRES,P2P,Pix,"33743,26",441
202411,PF,PF,Nao informado,SUL,entre 20 e 29 anos,entre 50 e 59 anos,QRDN,P2P,Pix,"13425,93",488
202411,PJ,PF,NORTE,NORTE,Nao se aplica,entre 30 e 39 anos,MANU,G2P,Pix,"2680576,28",1082
202411,PF,PF,SUDESTE,CENTRO-OESTE,entre 50 e 59 anos,até 19 anos,MANU,P2P,Pix,"536155,94",4442
202411,PJ,PF,NORDESTE,CENTRO-OESTE,Nao se aplica,entre 20 e 29 anos,MANU,G2P,Pix,"56482,28",18
202411,PF,PF,Nao informado,NORTE,mais de 60 anos,entre 50 e 59 anos,MANU,P2P,Pix,"22157,13",143
202411,PF,PF,CENTRO-OESTE,SUDESTE,entre 30 e 39 anos,até 19 anos,MANU,P2P,Pix,"1122812,52",10927
202411,PF,PF,Nao informado,Nao informado,entre 20 e 29 anos,entre 20 e 29 anos,QRES,P2P,Pix,"614342,42",2075
202411,PF,PF,CENTRO-OESTE,Nao informado,entre 30 e 39 anos,entre 40 e 49 anos,QRES,P2P,Pix,"60006,53",569
202411,PF,PF,SUDESTE,CENTRO-OESTE,entre 50 e 59 anos,entre 30 e 39 anos,DICT,P2P,Pix,"68169543,56",154617
202411,PF,PF,NORTE,SUL,entre 40 e 49 anos,mais de 60 anos,MANU,P2P,Pix,"2447002,17",5400
202411,PF,PJ,NORDESTE,Nao informado,mais de 60 anos,Nao se aplica,QRDN,P2B,Pix,"19480,71",238
202411,PF,PF,SUDESTE,SUL,entre 50 e 59 anos,mais de 60 anos,QRES,P2P,Pix,"351196,39",4652
202411,PF,PF,Nao informado,NORDESTE,mais de 60 anos,até 19 anos,DICT,P2P,Pix,"86913,73",456
202411,PJ,PF,SUDESTE,CENTRO-OESTE,Nao se aplica,entre 50 e 59 anos,DICT,B2P,Pix,"376498978,39",1222606
202411,PJ,PJ,CENTRO-OESTE,SUL,Nao se aplica,Nao se aplica,MANU,G2G,Pix,"51887,22",13
202411,PF,PF,CENTRO-OESTE,NORTE,entre 40 e 49 anos,entre 30 e 39 anos,MANU,P2P,Pix,"8787315,61",37369
202411,PJ,PF,SUL,SUL,Nao se aplica,até 19 anos,DICT,G2P,Pix,994336,11147
202411,PF,PF,CENTRO-OESTE,SUL,entre 30 e 39 anos,entre 20 e 29 anos,MANU,P2P,Pix,"2973581,27",16708
202411,PF,PJ,CENTRO-OESTE,NORTE,mais de 60 anos,Nao se aplica,QRDN,P2B,Pix,"5476801,01",70879
202411,PF,PF,SUL,SUL,entre 50 e 59 anos,até 19 anos,QRDN,P2P,Pix,"265435,27",5424
202411,PF,PF,CENTRO-OESTE,CENTRO-OESTE,entre 20 e 29 anos,entre 30 e 39 anos,QRDN,P2P,Pix,"25419827,47",820501
202411,PF,PJ,SUL,SUDESTE,entre 50 e 59 anos,Nao se aplica,QRES,P2B,Pix Saque,"393,6",3
202411,PF,PF,NORDESTE,NORDESTE,Nao informado,entre 20 e 29 anos,DICT,P2P,Pix,"15578,88",113
202411,PJ,PF,SUDESTE,SUDESTE,Nao se aplica,entre 40 e 49 anos,DICT,B2P,Pix,"21665399028,13",26937459
202411,PF,PF,SUL,SUDESTE,entre 40 e 49 anos,entre 50 e 59 anos,Nao disponivel,P2P,Nao disponivel,"388124,49",424
202411,PJ,PF,Nao informado,SUL,Nao se aplica,mais de 60 anos,MANU,B2P,Pix,"51128,6",11
202411,PF,PJ,NORTE,Nao informado,entre 30 e 39 anos,Nao se aplica,QRDN,P2B,Pix,"120866,98",740
202411,PF,PF,NORTE,NORDESTE,até 19 anos,entre 20 e 29 anos,QRDN,P2P,Pix,"348344,5",17292
202411,PF,PF,NORTE,Nao informado,entre 40 e 49 anos,mais de 60 anos,QRDN,P2P,Pix,"3091,5",79
202411,PJ,PF,CENTRO-OESTE,NORTE,Nao se aplica,entre 50 e 59 anos,MANU,G2P,Pix,"3353947,67",1257
202411,PJ,PF,NORTE,SUL,Nao se aplica,entre 50 e 59 anos,QRDN,B2P,Pix,"21071,3",412
202411,PF,PJ,CENTRO-OESTE,CENTRO-OESTE,entre 50 e 59 anos,Nao se aplica,QRDN,P2G,Pix,"51022693,01",123784
202411,PF,PF,Nao informado,NORTE,entre 20 e 29 anos,até 19 anos,QRDN,P2P,Pix,"447,35",34
202411,PF,PF,NORTE,CENTRO-OESTE,entre 30 e 39 anos,entre 20 e 29 anos,QRDN,P2P,Pix,"1050354,06",27900
202411,PF,PJ,SUDESTE,SUDESTE,mais de 60 anos,Nao se aplica,MANU,P2G,Pix,"1942354,74",1364
202411,PF,PJ,CENTRO-OESTE,SUL,entre 30 e 39 anos,Nao se aplica,QRES,P2B,Pix,"63664263,82",227629
202411,PF,PF,Nao informado,SUL,mais de 60 anos,entre 30 e 39 anos,QRES,P2P,Pix,"7175,82",81
202411,PF,PJ,CENTRO-OESTE,NORDESTE,entre 30 e 39 anos,Nao se aplica,DICT,P2G,Pix,"3027,32",21
202411,PF,PJ,SUL,SUDESTE,mais de 60 anos,Nao se aplica,QRES,P2G,Pix,"9585,62",71
202411,PJ,PF,CENTRO-OESTE,Nao informado,Nao se aplica,entre 50 e 59 anos,DICT,G2P,Pix,"10138,49",6
202411,PJ,PJ,CENTRO-OESTE,Nao informado,Nao se aplica,Nao se aplica,MANU,B2B,Pix,"591624,04",6
202411,PJ,PF,CENTRO-OESTE,Nao informado,Nao se aplica,Nao informado,DICT,B2P,Pix,"1022,46",21
202411,PF,PF,SUL,NORDESTE,entre 40 e 49 anos,entre 30 e 39 anos,QRDN,P2P,Pix,"461808,35",13305
202411,PF,PF,SUL,NORTE,até 19 anos,até 19 anos,DICT,P2P,Pix,"1048193,26",31654
202411,PF,PJ,NORDESTE,SUL,até 19 anos,Nao se aplica,QRES,P2G,Pix,"2103,4",23
202411,PF,PF,NORTE,NORTE,Nao informado,entre 30 e 39 anos,QRDN,P2P,Pix,"127,6",6
202411,PJ,PF,NORTE,SUL,Nao se aplica,mais de 60 anos,MANU,G2P,Pix,"5854,25",4
202411,PF,PF,NORDESTE,CENTRO-OESTE,entre 40 e 49 anos,entre 40 e 49 anos,QRDN,P2P,Pix,"1336468,52",38520
202411,PJ,PF,CENTRO-OESTE,CENTRO-OESTE,Nao se aplica,mais de 60 anos,QRES,B2P,Pix,"9726001,72",61784
202411,PF,PF,SUL,SUL,entre 50 e 59 anos,entre 40 e 49 anos,MANU,P2P,Pix,"178126148,21",535625
202411,PJ,PJ,NORTE,NORTE,Nao se aplica,Nao se aplica,QRDN,B2G,Pix,"141000873,35",104853
202411,PF,PF,NORDESTE,NORDESTE,Nao informado,entre 40 e 49 anos,DICT,P2P,Pix,17512,100
202411,PF,PF,CENTRO-OESTE,NORTE,entre 30 e 39 anos,entre 20 e 29 anos,Nao disponivel,P2P,Nao disponivel,"141498,69",962
202411,PF,PJ,CENTRO-OESTE,CENTRO-OESTE,mais de 60 anos,Nao se aplica,INIC,P2B,Pix,"342,38",2
202411,PJ,PJ,SUL,NORDESTE,Nao se aplica,Nao se aplica,MANU,G2B,Pix,"2487087,24",22
202411,PF,PJ,CENTRO-OESTE,SUL,entre 40 e 49 anos,Nao se aplica,DICT,P2G,Pix,"20045,13",38
202411,PF,PF,SUL,CENTRO-OESTE,entre 40 e 49 anos,mais de 60 anos,DICT,P2P,Pix,"17775113,48",21320
202411,PF,PF,CENTRO-OESTE,NORTE,mais de 60 anos,até 19 anos,MANU,P2P,Pix,"157944,72",961
202411,PF,PF,NORTE,NORDESTE,até 19 anos,entre 50 e 59 anos,MANU,P2P,Pix,"242185,07",4729
202411,PF,PF,CENTRO-OESTE,CENTRO-OESTE,entre 50 e 59 anos,entre 20 e 29 anos,QRES,P2P,Pix,"10653300,21",116117
202411,PF,PF,Nao informado,CENTRO-OESTE,até 19 anos,mais de 60 anos,QRDN,P2P,Pix,"248,17",15
202411,PF,PF,SUDESTE,SUDESTE,entre 30 e 39 anos,entre 20 e 29 anos,QRDN,P2P,Pix,"58872605,23",1950901
202411,PF,PJ,NORDESTE,CENTRO-OESTE,até 19 anos,Nao se aplica,QRES,P2B,Pix Saque,"868,4",6
202411,PF,PF,Nao informado,Nao informado,entre 20 e 29 anos,entre 40 e 49 anos,QRDN,P2P,Pix,"4004,6",76
202411,PF,PF,SUL,NORTE,entre 30 e 39 anos,entre 40 e 49 anos,MANU,P2P,Pix,"3819907,97",16385
202411,PJ,PJ,NORDESTE,Nao informado,Nao se aplica,Nao se aplica,QRES,B2B,Pix,"47088,24",40
202411,PJ,PF,CENTRO-OESTE,SUL,Nao se aplica,entre 20 e 29 anos,QRDN,B2P,Pix,"71967,54",816
202411,PF,PF,CENTRO-OESTE,SUDESTE,até 19 anos,entre 50 e 59 anos,DICT,P2P,Pix,"2765163,87",25199
202411,PF,PF,SUL,SUL,até 19 anos,entre 40 e 49 anos,Nao disponivel,P2P,Nao disponivel,"1383891,02",12099
202411,PF,PF,SUDESTE,CENTRO-OESTE,até 19 anos,mais de 60 anos,QRDN,P2P,Pix,"56837,03",2709
202411,PF,PF,SUL,SUL,entre 50 e 59 anos,entre 30 e 39 anos,Nao disponivel,P2P,Nao disponivel,"1156397,27",5270
202411,PJ,PJ,CENTRO-OESTE,SUDESTE,Nao se aplica,Nao se aplica,MANU,B2B,Pix,"4530402172,12",101056
202411,PF,PF,SUDESTE,Nao informado,entre 30 e 39 anos,até 19 anos,QRES,P2P,Pix,2995,62
202411,PF,PF,SUDESTE,SUDESTE,entre 20 e 29 anos,entre 40 e 49 anos,QRES,P2P,Pix,"143519052,45",3592739
202411,PF,PF,NORTE,SUL,entre 30 e 39 anos,entre 30 e 39 anos,QRES,P2P,Pix,"1343116,68",27056
202411,PF,PF,NORDESTE,Nao informado,entre 30 e 39 anos,entre 50 e 59 anos,Nao disponivel,P2P,Nao disponivel,2648,11
202411,PF,PJ,CENTRO-OESTE,SUL,entre 50 e 59 anos,Nao se aplica,DICT,P2B,Pix,"82308934,87",46036
202411,PF,PJ,CENTRO-OESTE,CENTRO-OESTE,até 19 anos,Nao se aplica,QRES,P2B,Pix,"39682342,96",746651
202411,PF,PF,NORTE,NORTE,entre 20 e 29 anos,mais de 60 anos,QRDN,P2P,Pix,"8120100,84",396598
202411,PF,PJ,Nao informado,SUL,entre 40 e 49 anos,Nao se aplica,QRDN,P2G,Pix,"104222,58",146
202411,PF,PF,NORDESTE,NORDESTE,entre 40 e 49 anos,entre 40 e 49 anos,MANU,P2P,Pix,"3799672411,81",13820519
202411,PF,PF,SUL,Nao informado,entre 30 e 39 anos,mais de 60 anos,QRES,P2P,Pix,"19050,79",470
202411,PF,PJ,SUL,NORDESTE,mais de 60 anos,Nao se aplica,QRES,P2B,Pix,"3231322,83",19175
202411,PF,PF,NORDESTE,SUL,entre 40 e 49 anos,entre 30 e 39 anos,MANU,P2P,Pix,"3838712,57",29483
202411,PF,PF,Nao informado,NORTE,entre 30 e 39 anos,mais de 60 anos,Nao disponivel,P2P,Nao disponivel,2617,4
202411,PF,PF,Nao informado,NORTE,mais de 60 anos,entre 50 e 59 anos,QRDN,P2P,Pix,"827,55",26
202411,PF,PJ,SUDESTE,NORTE,entre 30 e 39 anos,Nao se aplica,QRDN,P2B,Pix,"110341918,16",2850568
202411,PF,PJ,NORTE,SUDESTE,até 19 anos,Nao se aplica,DICT,P2G,Pix,80,1
202411,PF,PF,NORTE,NORDESTE,até 19 anos,até 19 anos,DICT,P2P,Pix,"1885192,62",72769
202411,PF,PF,CENTRO-OESTE,NORTE,até 19 anos,entre 20 e 29 anos,MANU,P2P,Pix,"824510,46",11839
202411,PF,PF,SUL,NORTE,entre 20 e 29 anos,mais de 60 anos,QRDN,P2P,Pix,"39348,05",1748
202411,PF,PF,SUL,SUDESTE,entre 50 e 59 anos,entre 50 e 59 anos,QRDN,P2P,Pix,"247427,66",5443
202411,PF,PF,SUDESTE,SUDESTE,até 19 anos,entre 20 e 29 anos,DICT,P2P,Pix,"582343510,63",7513311
202411,PF,PJ,Nao informado,CENTRO-OESTE,entre 20 e 29 anos,Nao se aplica,MANU,P2B,Pix,"188311,93",322
202411,PJ,PJ,CENTRO-OESTE,SUDESTE,Nao se aplica,Nao se aplica,Nao disponivel,G2B,Nao disponivel,2781,1
202411,PF,PF,NORDESTE,Nao informado,mais de 60 anos,entre 20 e 29 anos,QRDN,P2P,Pix,"1771,46",94
202411,PF,PF,Nao informado,CENTRO-OESTE,até 19 anos,entre 50 e 59 anos,Nao disponivel,P2P,Nao disponivel,"5,01",2
202411,PF,PJ,NORDESTE,SUDESTE,entre 20 e 29 anos,Nao se aplica,Nao disponivel,P2B,Nao disponivel,"3856639,99",4920
202411,PF,PF,SUDESTE,NORDESTE,entre 30 e 39 anos,mais de 60 anos,QRDN,P2P,Pix,"1392364,79",46332
202411,PJ,PJ,SUDESTE,SUL,Nao se aplica,Nao se aplica,QRES,G2B,Pix,"11780,25",6
202411,PF,PF,Nao informado,SUDESTE,mais de 60 anos,entre 50 e 59 anos,QRES,P2P,Pix,"129020,55",165
202411,PF,PF,Nao informado,CENTRO-OESTE,mais de 60 anos,mais de 60 anos,MANU,P2P,Pix,"124746,96",136
202411,PF,PF,NORTE,Nao informado,entre 20 e 29 anos,mais de 60 anos,MANU,P2P,Pix,"25589,71",230
202411,PF,PJ,CENTRO-OESTE,SUL,até 19 anos,Nao se aplica,QRES,P2G,Pix,"226,48",6
202411,PF,PF,SUL,SUL,mais de 60 anos,mais de 60 anos,INIC,P2P,Pix,"1426067,55",1642
202411,PF,PF,CENTRO-OESTE,SUL,entre 50 e 59 anos,entre 50 e 59 anos,DICT,P2P,Pix,"19351142,16",31037
202411,PF,PF,Nao informado,NORDESTE,entre 30 e 39 anos,até 19 anos,QRDN,P2P,Pix,"5147,91",135
202411,PF,PF,CENTRO-OESTE,Nao informado,até 19 anos,entre 50 e 59 anos,MANU,P2P,Pix,"7256,23",49
202411,PF,PJ,SUDESTE,NORDESTE,entre 50 e 59 anos,Nao se aplica,QRDN,P2G,Pix,"1845253,96",3863
202411,PF,PF,SUDESTE,Nao informado,entre 50 e 59 anos,mais de 60 anos,DICT,P2P,Pix,"8746154,59",2144
202411,PF,PF,CENTRO-OESTE,Nao informado,entre 20 e 29 anos,até 19 anos,DICT,P2P,Pix,"25682,95",242
202411,PF,PF,Nao informado,Nao informado,entre 50 e 59 anos,entre 30 e 39 anos,Nao disponivel,P2P,Nao disponivel,"122,32",3
202411,PF,PF,SUDESTE,CENTRO-OESTE,até 19 anos,entre 40 e 49 anos,QRES,P2P,Pix,"277573,63",14716
202411,PF,PF,NORTE,CENTRO-OESTE,até 19 anos,mais de 60 anos,QRES,P2P,Pix,"87888,36",4184
202411,PF,PF,NORDESTE,CENTRO-OESTE,entre 20 e 29 anos,entre 30 e 39 anos,DICT,P2P,Pix,"88100204,24",567731
202411,PF,PF,Nao informado,SUL,entre 30 e 39 anos,entre 40 e 49 anos,MANU,P2P,Pix,"994457,12",1531
202411,PF,PF,SUDESTE,NORTE,entre 40 e 49 anos,entre 20 e 29 anos,QRDN,P2P,Pix,"316221,77",9124
202411,PF,PF,SUL,SUL,entre 50 e 59 anos,entre 20 e 29 anos,MANU,P2P,Pix,"117814269,66",568238
202411,PF,PF,CENTRO-OESTE,NORDESTE,mais de 60 anos,entre 30 e 39 anos,DICT,P2P,Pix,"39210148,5",104601
202411,PF,PJ,SUL,CENTRO-OESTE,entre 30 e 39 anos,Nao se aplica,Nao disponivel,P2G,Nao disponivel,"2,48",1
202411,PF,PF,SUL,Nao informado,até 19 anos,entre 40 e 49 anos,Nao disponivel,P2P,Nao disponivel,"186,5",2
202411,PF,PF,SUDESTE,SUDESTE,entre 30 e 39 anos,entre 30 e 39 anos,QRES,P2P,Pix,"1078450041,44",4966660
202411,PF,PF,NORDESTE,SUL,mais de 60 anos,entre 20 e 29 anos,QRDN,P2P,Pix,"51915,22",876
202411,PF,PF,Nao informado,Nao informado,entre 30 e 39 anos,entre 30 e 39 anos,DICT,P2P,Pix,"44278391,73",60128
202411,PF,PF,Nao informado,Nao informado,até 19 anos,até 19 anos,INIC,P2P,Pix,"1640,5",12
202411,PF,PF,SUDESTE,SUDESTE,mais de 60 anos,entre 50 e 59 anos,QRDN,P2P,Pix,"9850646,62",223997
202411,PF,PJ,NORDESTE,CENTRO-OESTE,entre 30 e 39 anos,Nao se aplica,MANU,P2B,Pix Saque,50,1
202411,PJ,PJ,NORDESTE,SUL,Nao se aplica,Nao se aplica,QRES,B2B,Pix,"16536994,86",56142
202411,PJ,PF,Nao informado,SUDESTE,Nao se aplica,entre 30 e 39 anos,Nao disponivel,B2P,Nao disponivel,"26758,23",41
202411,PF,PF,CENTRO-OESTE,SUDESTE,entre 20 e 29 anos,entre 30 e 39 anos,QRDN,P2P,Pix,"1378168,02",37618
202411,PF,PF,SUL,CENTRO-OESTE,mais de 60 anos,mais de 60 anos,QRDN,P2P,Pix,"16448,37",327
202411,PF,PF,CENTRO-OESTE,CENTRO-OESTE,mais de 60 anos,entre 30 e 39 anos,MANU,P2P,Pix,"100274560,4",207912
202411,PJ,PF,SUL,CENTRO-OESTE,Nao se aplica,entre 40 e 49 anos,QRDN,B2P,Pix,"124475,45",1474
202411,PF,PF,SUL,SUDESTE,entre 30 e 39 anos,entre 40 e 49 anos,Nao disponivel,P2P,Nao disponivel,"444753,34",1280
202411,PF,PF,NORTE,SUL,entre 40 e 49 anos,mais de 60 anos,QRES,P2P,Pix,"152985,93",4352
202411,PF,PF,NORDESTE,CENTRO-OESTE,até 19 anos,entre 20 e 29 anos,QRES,P2P,Pix,"448734,68",18144
202411,PF,PF,CENTRO-OESTE,Nao informado,entre 40 e 49 anos,mais de 60 anos,MANU,P2P,Pix,"154691,74",121
202411,PF,PF,NORDESTE,NORDESTE,entre 30 e 39 anos,entre 20 e 29 anos,Nao disponivel,P2P,Nao disponivel,"9789815,98",66323
202411,PF,PF,CENTRO-OESTE,NORTE,entre 40 e 49 anos,mais de 60 anos,QRDN,P2P,Pix,"150048,63",4125
202411,PJ,PF,NORDESTE,NORDESTE,Nao se aplica,entre 20 e 29 anos,QRDN,G2P,Pix,2050,5
202411,PF,PJ,SUL,NORTE,mais de 60 anos,Nao se aplica,QRDN,P2B,Pix,"4827034,08",103919
202411,PJ,PJ,NORDESTE,SUL,Nao se aplica,Nao se aplica,MANU,B2G,Pix,"16418,3",7
202411,PJ,PF,CENTRO-OESTE,SUL,Nao se aplica,mais de 60 anos,QRDN,B2P,Pix,"55335,05",468
202411,PF,PF,NORDESTE,NORTE,Nao informado,entre 50 e 59 anos,DICT,P2P,Pix,5,1
202411,PF,PF,SUL,Nao informado,entre 50 e 59 anos,mais de 60 anos,QRES,P2P,Pix,"5518,89",120
202411,PF,PJ,SUDESTE,NORDESTE,entre 20 e 29 anos,Nao se aplica,MANU,P2G,Pix,"2236,24",10
202411,PF,PJ,Nao informado,SUDESTE,entre 50 e 59 anos,Nao se aplica,DICT,P2B,Pix,"16418145,91",6299
202411,PJ,PF,Nao informado,SUL,Nao se aplica,entre 30 e 39 anos,QRDN,B2P,Pix,"1472,5",15
202411,PJ,PF,SUDESTE,CENTRO-OESTE,Nao se aplica,entre 30 e 39 anos,Nao disponivel,G2P,Nao disponivel,3570,9
202411,PF,PF,NORDESTE,SUDESTE,entre 40 e 49 anos,Nao informado,QRDN,P2P,Pix,"11028,44",37
202411,PF,PF,CENTRO-OESTE,NORDESTE,até 19 anos,até 19 anos,Nao disponivel,P2P,Nao disponivel,"39000,71",1908
202411,PF,PJ,NORDESTE,Nao informado,mais de 60 anos,Nao se aplica,QRDN,P2B,Pix Saque,"482,49",5
202411,PF,PJ,SUDESTE,SUL,entre 30 e 39 anos,Nao se aplica,QRDN,P2G,Pix,"2990630,88",4860
202411,PJ,PF,SUL,NORTE,Nao se aplica,até 19 anos,MANU,G2P,Pix,"1035,8",2
202411,PF,PF,NORDESTE,SUL,entre 20 e 29 anos,entre 20 e 29 anos,DICT,P2P,Pix,"45851569,78",320475
202411,PF,PF,SUL,SUDESTE,entre 50 e 59 anos,entre 40 e 49 anos,QRDN,P2P,Pix,"425052,99",8218
202411,PF,PF,SUL,SUDESTE,até 19 anos,entre 30 e 39 anos,Nao disponivel,P2P,Nao disponivel,"76537,37",695
202411,PJ,PJ,Nao informado,SUL,Nao se aplica,Nao se aplica,QRDN,B2B,Pix Saque,6040,8
202411,PF,PJ,SUL,NORDESTE,até 19 anos,Nao se aplica,QRDN,P2G,Pix,"24850,12",29
202411,PF,PF,SUDESTE,NORDESTE,entre 30 e 39 anos,entre 30 e 39 anos,Nao disponivel,P2P,Nao disponivel,"1524762,91",6999
202411,PF,PF,SUL,SUL,entre 30 e 39 anos,entre 40 e 49 anos,QRES,P2P,Pix,"49141926,47",740909
202411,PF,PJ,CENTRO-OESTE,SUDESTE,entre 50 e 59 anos,Nao se aplica,QRES,P2B,Pix Saque,30,1
202411,PF,PF,SUDESTE,NORTE,entre 40 e 49 anos,entre 50 e 59 anos,QRES,P2P,Pix,"563333,88",14907
202411,PF,PF,CENTRO-OESTE,SUL,entre 40 e 49 anos,entre 30 e 39 anos,QRES,P2P,Pix,"786220,22",8487
202411,PJ,PJ,CENTRO-OESTE,SUL,Nao se aplica,Nao se aplica,DICT,G2G,Pix,"7911,61",5
202411,PF,PJ,CENTRO-OESTE,SUDESTE,entre 40 e 49 anos,Nao se aplica,QRDN,P2B,Pix Saque,"127458,7",741
202411,PF,PF,SUDESTE,NORDESTE,entre 20 e 29 anos,entre 30 e 39 anos,MANU,P2P,Pix,"42110836,98",297135
202411,PF,PF,NORDESTE,CENTRO-OESTE,entre 40 e 49 anos,entre 40 e 49 anos,Nao disponivel,P2P,Nao disponivel,"97494,03",551
202411,PF,PF,SUDESTE,NORDESTE,até 19 anos,entre 40 e 49 anos,MANU,P2P,Pix,"4023338,19",47543
202411,PF,PF,NORTE,NORTE,Nao informado,mais de 60 anos,DICT,P2P,Pix,399,7
202411,PF,PF,NORDESTE,CENTRO-OESTE,entre 20 e 29 anos,entre 30 e 39 anos,QRES,P2P,Pix,"4038409,07",106425
202411,PF,PF,NORDESTE,NORTE,entre 50 e 59 anos,até 19 anos,MANU,P2P,Pix,"328132,63",4489
202411,PF,PF,Nao informado,SUDESTE,entre 50 e 59 anos,entre 40 e 49 anos,QRES,P2P,Pix,"49277,49",503
202411,PJ,PJ,SUL,SUDESTE,Nao se aplica,Nao se aplica,QRES,B2B,Pix,"726342575,08",1043307
202411,PF,PF,SUDESTE,SUDESTE,entre 40 e 49 anos,Nao informado,QRDN,P2P,Pix,"18287,85",146
202411,PF,PF,SUDESTE,Nao informado,entre 30 e 39 anos,entre 50 e 59 anos,DICT,P2P,Pix,"3292068,96",4330
202411,PF,PF,SUDESTE,SUDESTE,até 19 anos,entre 30 e 39 anos,MANU,P2P,Pix,"122497101,17",1385686
202411,PF,PJ,NORDESTE,Nao informado,entre 50 e 59 anos,Nao se aplica,DICT,P2B,Pix,"59177,55",160
202411,PF,PF,Nao informado,NORDESTE,entre 20 e 29 anos,entre 50 e 59 anos,Nao disponivel,P2P,Nao disponivel,4174,14
202411,PF,PF,NORTE,Nao informado,mais de 60 anos,entre 30 e 39 anos,MANU,P2P,Pix,"129202,58",1017
202411,PJ,PF,NORTE,Nao informado,Nao se aplica,mais de 60 anos,MANU,B2P,Pix,"56763,71",19
202411,PF,PF,Nao informado,CENTRO-OESTE,até 19 anos,entre 50 e 59 anos,QRDN,P2P,Pix,"681,33",41
202411,PF,PF,SUL,CENTRO-OESTE,entre 30 e 39 anos,até 19 anos,QRDN,P2P,Pix,"33179,12",752
202411,PF,PF,Nao informado,Nao informado,entre 30 e 39 anos,até 19 anos,DICT,P2P,Pix,"102444,05",1237
202411,PF,PF,SUDESTE,SUDESTE,até 19 anos,Nao informado,INIC,P2P,Pix,"492,91",3
202411,PF,PF,NORDESTE,SUDESTE,mais de 60 anos,entre 40 e 49 anos,MANU,P2P,Pix,"9216284,35",34712
202411,PF,PF,SUDESTE,SUL,entre 40 e 49 anos,mais de 60 anos,DICT,P2P,Pix,"49130750,44",88812
202411,PF,PF,CENTRO-OESTE,CENTRO-OESTE,mais de 60 anos,entre 40 e 49 anos,DICT,P2P,Pix,"1084517051,26",1843670
202411,PF,PF,NORTE,Nao informado,mais de 60 anos,mais de 60 anos,QRES,P2P,Pix,"887,67",44
202411,PF,PF,SUDESTE,CENTRO-OESTE,entre 20 e 29 anos,entre 40 e 49 anos,MANU,P2P,Pix,"8354497,85",34816
202411,PF,PF,NORDESTE,Nao informado,entre 30 e 39 anos,até 19 anos,MANU,P2P,Pix,"11999,5",148
202411,PF,PF,CENTRO-OESTE,NORTE,entre 30 e 39 anos,mais de 60 anos,DICT,P2P,Pix,"20771244,64",36714
202411,PF,PF,CENTRO-OESTE,SUDESTE,entre 50 e 59 anos,mais de 60 anos,Nao disponivel,P2P,Nao disponivel,"54108,37",125
202411,PF,PF,SUDESTE,NORTE,entre 20 e 29 anos,entre 30 e 39 anos,QRDN,P2P,Pix,"556537,35",20325
202411,PF,PJ,NORTE,NORTE,entre 30 e 39 anos,Nao se aplica,Nao disponivel,P2G,Nao disponivel,1500,1
202411,PF,PF,SUDESTE,NORDESTE,até 19 anos,entre 30 e 39 anos,Nao disponivel,P2P,Nao disponivel,"212730,91",2780
202411,PF,PF,SUDESTE,NORTE,até 19 anos,mais de 60 anos,QRDN,P2P,Pix,"13174,17",1015
202411,PF,PJ,SUDESTE,SUDESTE,mais de 60 anos,Nao se aplica,INIC,P2B,Pix,"34219,03",2202
202411,PF,PJ,NORTE,SUL,entre 20 e 29 anos,Nao se aplica,INIC,P2B,Pix,"7373,23",57
202411,PF,PF,CENTRO-OESTE,CENTRO-OESTE,até 19 anos,entre 20 e 29 anos,DICT,P2P,Pix,"137531554,68",1516509
202411,PF,PF,NORTE,NORTE,entre 20 e 29 anos,entre 40 e 49 anos,MANU,P2P,Pix,"227833726,47",1833391
202411,PF,PF,NORDESTE,CENTRO-OESTE,até 19 anos,entre 30 e 39 anos,Nao disponivel,P2P,Nao disponivel,"53020,01",650
202411,PF,PJ,SUDESTE,NORTE,entre 30 e 39 anos,Nao se aplica,QRDN,P2B,Pix Saque,"10707,74",78
202411,PJ,PJ,NORDESTE,NORDESTE,Nao se aplica,Nao se aplica,QRDN,B2B,Pix Saque,"3444343,87",6823
202411,PJ,PF,SUDESTE,CENTRO-OESTE,Nao se aplica,entre 40 e 49 anos,MANU,G2P,Pix,"112492,71",87
202411,PF,PJ,CENTRO-OESTE,SUDESTE,até 19 anos,Nao se aplica,QRDN,P2B,Pix Saque,"16914,66",74
202411,PF,PF,SUL,CENTRO-OESTE,mais de 60 anos,entre 40 e 49 anos,QRDN,P2P,Pix,"87353,9",931
202411,PF,PJ,SUL,CENTRO-OESTE,entre 40 e 49 anos,Nao se aplica,QRES,P2G,Pix,"12407,7",158
202411,PJ,PJ,Nao informado,SUL,Nao se aplica,Nao se aplica,QRDN,B2G,Pix,"45160,53",72
202411,PF,PF,CENTRO-OESTE,CENTRO-OESTE,entre 50 e 59 anos,mais de 60 anos,Nao disponivel,P2P,Nao disponivel,"887221,39",1517
202411,PF,PF,NORDESTE,SUDESTE,até 19 anos,entre 40 e 49 anos,MANU,P2P,Pix,"5047072,75",74770
202411,PF,PF,NORTE,NORDESTE,entre 20 e 29 anos,entre 20 e 29 anos,QRES,P2P,Pix,"2601741,98",68769
202411,PF,PF,NORDESTE,CENTRO-OESTE,entre 30 e 39 anos,entre 20 e 29 anos,Nao disponivel,P2P,Nao disponivel,"149734,23",1085
202411,PF,PF,NORDESTE,NORDESTE,Nao informado,entre 30 e 39 anos,MANU,P2P,Pix,"2847,5",23
202411,PF,PF,SUL,NORDESTE,entre 50 e 59 anos,entre 50 e 59 anos,QRES,P2P,Pix,"292993,01",5722
202411,PF,PF,SUDESTE,Nao informado,entre 20 e 29 anos,até 19 anos,Nao disponivel,P2P,Nao disponivel,"197,8",9
202411,PF,PF,SUL,NORDESTE,entre 40 e 49 anos,entre 40 e 49 anos,QRDN,P2P,Pix,"456528,71",10916
202411,PF,PF,CENTRO-OESTE,SUDESTE,entre 40 e 49 anos,entre 50 e 59 anos,DICT,P2P,Pix,"68288001,59",149590
202411,PJ,PF,SUDESTE,NORDESTE,Nao se aplica,entre 50 e 59 anos,QRES,B2P,Pix,"1810782,59",12301
202411,PJ,PJ,SUDESTE,CENTRO-OESTE,Nao se aplica,Nao se aplica,QRDN,B2B,Pix Saque,"51049,68",93
202411,PF,PF,NORTE,CENTRO-OESTE,entre 50 e 59 anos,entre 50 e 59 anos,MANU,P2P,Pix,"2950446,95",9052
202411,PF,PF,SUDESTE,NORDESTE,até 19 anos,até 19 anos,MANU,P2P,Pix,"1780720,83",55019
202411,PF,PF,CENTRO-OESTE,NORTE,entre 20 e 29 anos,até 19 anos,MANU,P2P,Pix,"1053850,98",12430
202411,PF,PF,SUL,Nao informado,até 19 anos,entre 50 e 59 anos,Nao disponivel,P2P,Nao disponivel,30,1
202411,PF,PF,CENTRO-OESTE,NORDESTE,até 19 anos,até 19 anos,QRES,P2P,Pix,"106835,27",6659
202411,PJ,PJ,CENTRO-OESTE,CENTRO-OESTE,Nao se aplica,Nao se aplica,INIC,B2B,Pix,"536225,72",123
202411,PF,PF,SUL,NORTE,até 19 anos,entre 20 e 29 anos,DICT,P2P,Pix,"3367738,85",45300
202411,PF,PF,NORDESTE,NORTE,entre 40 e 49 anos,entre 40 e 49 anos,DICT,P2P,Pix,"67630258,64",218767
202411,PF,PJ,Nao informado,CENTRO-OESTE,Nao informado,Nao se aplica,QRES,P2B,Pix,5319,36
202411,PF,PJ,CENTRO-OESTE,SUDESTE,entre 50 e 59 anos,Nao se aplica,QRDN,P2G,Pix,"1251849,94",1220
202411,PJ,PF,SUL,NORTE,Nao se aplica,entre 50 e 59 anos,MANU,G2P,Pix,"30342,16",17
202411,PF,PF,NORTE,NORTE,até 19 anos,entre 30 e 39 anos,DICT,P2P,Pix,"140390707,77",1966040
202411,PF,PF,NORTE,Nao informado,entre 50 e 59 anos,Nao informado,MANU,P2P,Pix,2270,7
202411,PF,PF,SUDESTE,NORDESTE,entre 30 e 39 anos,Nao informado,DICT,P2P,Pix,1080,16
202411,PF,PJ,NORDESTE,NORDESTE,entre 20 e 29 anos,Nao se aplica,QRDN,P2B,Pix Saque,"16365578,98",58482
202411,PF,PF,NORDESTE,SUL,entre 40 e 49 anos,entre 20 e 29 anos,DICT,P2P,Pix,"18969989,24",108139
202411,PJ,PJ,Nao informado,NORDESTE,Nao se aplica,Nao se aplica,QRDN,B2B,Pix,"271930,67",1400
202411,PF,PF,SUDESTE,SUDESTE,entre 40 e 49 anos,entre 30 e 39 anos,DICT,P2P,Pix,"7301878102,87",27730338
202411,PJ,PF,CENTRO-OESTE,Nao informado,Nao se aplica,entre 20 e 29 anos,QRES,B2P,Pix,"23053,22",65
202411,PJ,PF,NORDESTE,Nao informado,Nao se aplica,entre 30 e 39 anos,MANU,G2P,Pix,2100,1
202411,PF,PF,SUDESTE,SUL,entre 40 e 49 anos,entre 40 e 49 anos,DICT,P2P,Pix,"133135213,4",315418
202411,PF,PF,SUDESTE,SUDESTE,entre 20 e 29 anos,até 19 anos,QRDN,P2P,Pix,"5265471,21",193344
202411,PF,PF,SUL,CENTRO-OESTE,entre 30 e 39 anos,entre 30 e 39 anos,QRES,P2P,Pix,"859039,92",14227
202411,PF,PF,Nao informado,NORDESTE,entre 30 e 39 anos,entre 40 e 49 anos,QRDN,P2P,Pix,"56941,68",2026
202411,PF,PF,SUDESTE,NORDESTE,até 19 anos,entre 30 e 39 anos,QRES,P2P,Pix,"1594821,75",69023
202411,PF,PF,NORDESTE,NORDESTE,entre 40 e 49 anos,Nao informado,MANU,P2P,Pix,13422,83
202411,PF,PJ,SUDESTE,SUL,entre 20 e 29 anos,Nao se aplica,MANU,P2G,Pix,"4619,95",18
202411,PF,PF,SUDESTE,CENTRO-OESTE,mais de 60 anos,até 19 anos,QRDN,P2P,Pix,"9920,79",215
202411,PF,PJ,SUL,NORDESTE,mais de 60 anos,Nao se aplica,DICT,P2B,Pix,"30108205,38",23790
202411,PF,PF,Nao informado,SUL,até 19 anos,entre 40 e 49 anos,QRDN,P2P,Pix,"1325,42",66
202411,PF,PF,Nao informado,Nao informado,entre 30 e 39 anos,até 19 anos,MANU,P2P,Pix,"27891,1",539
202411,PF,PF,NORDESTE,CENTRO-OESTE,entre 40 e 49 anos,mais de 60 anos,QRDN,P2P,Pix,"441442,21",10396
202411,PJ,PF,NORTE,SUDESTE,Nao se aplica,entre 50 e 59 anos,DICT,G2P,Pix,"14174,97",13
202411,PJ,PF,SUDESTE,CENTRO-OESTE,Nao se aplica,entre 30 e 39 anos,MANU,G2P,Pix,"79551,02",96
202411,PF,PF,NORTE,SUDESTE,entre 20 e 29 anos,Nao informado,QRES,P2P,Pix,"908706,5",994
202411,PF,PF,CENTRO-OESTE,Nao informado,até 19 anos,entre 50 e 59 anos,DICT,P2P,Pix,"27776,29",264
202411,PJ,PJ,CENTRO-OESTE,CENTRO-OESTE,Nao se aplica,Nao se aplica,MANU,G2G,Pix,"203916954,32",1235
202411,PF,PF,CENTRO-OESTE,NORDESTE,entre 40 e 49 anos,entre 50 e 59 anos,QRES,P2P,Pix,"1360885,32",31288
202411,PF,PF,NORDESTE,SUDESTE,até 19 anos,entre 50 e 59 anos,QRES,P2P,Pix,"1162417,25",69781
202411,PF,PF,NORDESTE,SUL,entre 40 e 49 anos,entre 40 e 49 anos,QRES,P2P,Pix,"1021192,78",16092
202411,PF,PF,SUDESTE,CENTRO-OESTE,entre 20 e 29 anos,entre 20 e 29 anos,MANU,P2P,Pix,"13074196,1",90514
202411,PF,PF,SUDESTE,CENTRO-OESTE,entre 20 e 29 anos,entre 50 e 59 anos,QRES,P2P,Pix,"958600,55",23320
202411,PJ,PF,SUL,NORTE,Nao se aplica,entre 20 e 29 anos,QRDN,B2P,Pix,"49528,67",674
202411,PJ,PF,SUDESTE,NORDESTE,Nao se aplica,entre 30 e 39 anos,DICT,B2P,Pix,"2705555048,94",12294331
202411,PF,PJ,NORDESTE,NORDESTE,Nao informado,Nao se aplica,DICT,P2B,Pix,"5715,5",23
202411,PJ,PF,SUL,SUDESTE,Nao se aplica,entre 40 e 49 anos,QRES,B2P,Pix,"7063072,33",22146
202411,PF,PF,SUDESTE,CENTRO-OESTE,até 19 anos,até 19 anos,QRES,P2P,Pix,"163708,56",10566
202411,PF,PF,SUL,NORDESTE,até 19 anos,mais de 60 anos,Nao disponivel,P2P,Nao disponivel,"2663,25",51
202411,PF,PF,Nao informado,SUDESTE,mais de 60 anos,entre 20 e 29 anos,Nao disponivel,P2P,Nao disponivel,"1701,98",10
202411,PF,PJ,CENTRO-OESTE,CENTRO-OESTE,entre 40 e 49 anos,Nao se aplica,QRES,P2B,Pix Saque,"6593,68",48
202411,PJ,PF,NORDESTE,Nao informado,Nao se aplica,mais de 60 anos,DICT,B2P,Pix,"1092900,68",844
202411,PF,PF,NORDESTE,NORDESTE,até 19 anos,entre 30 e 39 anos,QRES,P2P,Pix,"37117150,08",1717646
202411,PF,PF,SUDESTE,CENTRO-OESTE,até 19 anos,entre 50 e 59 anos,DICT,P2P,Pix,"2532882,75",19665
202411,PF,PF,NORTE,SUL,entre 40 e 49 anos,entre 50 e 59 anos,QRDN,P2P,Pix,"183175,81",5709
202411,PF,PJ,SUL,Nao informado,até 19 anos,Nao se aplica,QRDN,P2B,Pix,"34354,57",763
202411,PF,PF,SUL,NORDESTE,mais de 60 anos,entre 30 e 39 anos,DICT,P2P,Pix,"19297247,39",49798
202411,PF,PF,NORDESTE,NORTE,mais de 60 anos,até 19 anos,Nao disponivel,P2P,Nao disponivel,"1688,62",164
202411,PF,PJ,SUDESTE,SUDESTE,entre 40 e 49 anos,Nao se aplica,QRDN,P2G,Pix,"140318560,4",405092
202411,PF,PJ,NORDESTE,NORTE,entre 50 e 59 anos,Nao se aplica,QRDN,P2B,Pix Saque,"21117,44",170
202411,PJ,PJ,SUL,NORTE,Nao se aplica,Nao se aplica,QRDN,B2G,Pix,"6549336,34",2336
202411,PF,PF,Nao informado,SUL,até 19 anos,entre 30 e 39 anos,MANU,P2P,Pix,"6549,36",84
202411,PF,PF,SUL,CENTRO-OESTE,mais de 60 anos,entre 40 e 49 anos,MANU,P2P,Pix,"5414285,57",2535
202411,PF,PJ,SUL,NORDESTE,entre 30 e 39 anos,Nao se aplica,QRDN,P2G,Pix,"417812,83",975
202411,PF,PJ,SUL,CENTRO-OESTE,entre 50 e 59 anos,Nao se aplica,DICT,P2G,Pix,"6007,58",6
202411,PF,PF,SUL,SUDESTE,entre 40 e 49 anos,entre 30 e 39 anos,QRES,P2P,Pix,"3636784,68",39468
202411,PF,PF,NORDESTE,Nao informado,até 19 anos,mais de 60 anos,MANU,P2P,Pix,"3626,17",60
202411,PF,PF,NORTE,SUDESTE,até 19 anos,mais de 60 anos,Nao disponivel,P2P,Nao disponivel,"14126,63",115
202411,PF,PF,SUDESTE,SUL,entre 30 e 39 anos,até 19 anos,DICT,P2P,Pix,"8927433,19",68932
202411,PF,PF,SUL,SUDESTE,entre 20 e 29 anos,entre 30 e 39 anos,MANU,P2P,Pix,"12396908,55",67891
202411,PF,PF,NORDESTE,NORTE,mais de 60 anos,entre 40 e 49 anos,MANU,P2P,Pix,"2276573,52",8212
202411,PF,PF,SUDESTE,SUDESTE,até 19 anos,entre 20 e 29 anos,QRES,P2P,Pix,"27131182,97",870655
202411,PJ,PF,SUDESTE,NORTE,Nao se aplica,entre 20 e 29 anos,DICT,G2P,Pix,"26807,23",21
202411,PJ,PF,SUDESTE,CENTRO-OESTE,Nao se aplica,mais de 60 anos,QRDN,B2P,Pix,"128401,71",1289
202411,PJ,PJ,NORDESTE,NORDESTE,Nao se aplica,Nao se aplica,MANU,B2G,Pix,"80726448,88",2373
202411,PF,PF,SUL,NORTE,entre 40 e 49 anos,entre 50 e 59 anos,QRES,P2P,Pix,"220686,61",5384
202411,PF,PF,NORDESTE,Nao informado,entre 30 e 39 anos,entre 20 e 29 anos,MANU,P2P,Pix,"644957,58",7148
202411,PF,PF,CENTRO-OESTE,Nao informado,entre 50 e 59 anos,até 19 anos,QRES,P2P,Pix,"64,01",3
202411,PF,PJ,NORDESTE,SUL,entre 40 e 49 anos,Nao se aplica,MANU,P2B,Pix,"9721623,24",16310
202411,PF,PJ,SUL,SUDESTE,entre 50 e 59 anos,Nao se aplica,Nao disponivel,P2B,Nao disponivel,"323687,37",363
202411,PF,PF,NORTE,NORTE,entre 20 e 29 anos,entre 40 e 49 anos,QRES,P2P,Pix,"53653901,23",1924286
202411,PF,PF,CENTRO-OESTE,SUDESTE,entre 40 e 49 anos,entre 50 e 59 anos,QRES,P2P,Pix,"1544173,81",20761
202411,PF,PF,SUDESTE,NORDESTE,entre 50 e 59 anos,até 19 anos,DICT,P2P,Pix,"15654049,59",129044
202411,PF,PF,Nao informado,SUDESTE,entre 30 e 39 anos,entre 30 e 39 anos,QRES,P2P,Pix,"244130,63",1758
202411,PF,PJ,SUDESTE,CENTRO-OESTE,até 19 anos,Nao se aplica,INIC,P2B,Pix,"3255,55",37
202411,PF,PF,Nao informado,SUDESTE,entre 30 e 39 anos,até 19 anos,Nao disponivel,P2P,Nao disponivel,1904,7
202411,PF,PF,NORTE,CENTRO-OESTE,entre 20 e 29 anos,mais de 60 anos,MANU,P2P,Pix,"3167768,45",12561
202411,PJ,PJ,SUDESTE,NORDESTE,Nao se aplica,Nao se aplica,MANU,B2G,Pix,"5295003,12",658
202411,PF,PF,NORTE,Nao informado,mais de 60 anos,entre 30 e 39 anos,DICT,P2P,Pix,827188,2714
202411,PF,PF,Nao informado,CENTRO-OESTE,entre 40 e 49 anos,mais de 60 anos,MANU,P2P,Pix,"807196,61",456
202411,PF,PJ,NORTE,SUDESTE,entre 30 e 39 anos,Nao se aplica,QRES,P2G,Pix,"15736,21",200
202411,PF,PF,NORTE,NORTE,Nao informado,mais de 60 anos,QRDN,P2P,Pix,55,1
202411,PF,PJ,SUL,NORTE,entre 40 e 49 anos,Nao se aplica,QRDN,P2B,Pix,"29458272,87",740387
202411,PJ,PF,SUDESTE,NORTE,Nao se aplica,entre 30 e 39 anos,Nao disponivel,G2P,Nao disponivel,"131,19",1
202411,PJ,PF,NORTE,NORDESTE,Nao se aplica,até 19 anos,DICT,G2P,Pix,7862,23
202411,PF,PF,CENTRO-OESTE,NORTE,até 19 anos,entre 50 e 59 anos,QRES,P2P,Pix,"99718,67",5081
202411,PF,PF,SUDESTE,Nao informado,entre 40 e 49 anos,entre 50 e 59 anos,DICT,P2P,Pix,"4457516,45",4810
202411,PF,PF,SUL,SUDESTE,até 19 anos,entre 40 e 49 anos,QRDN,P2P,Pix,"178848,85",8146
202411,PJ,PF,SUDESTE,CENTRO-OESTE,Nao se aplica,mais de 60 anos,DICT,B2P,Pix,"206972652,99",351930
202411,PF,PF,CENTRO-OESTE,SUL,entre 20 e 29 anos,entre 40 e 49 anos,MANU,P2P,Pix,"2950526,63",11268
202411,PJ,PF,SUDESTE,SUL,Nao se aplica,entre 40 e 49 anos,DICT,B2P,Pix,"1125819266,1",3937866
202411,PJ,PF,SUDESTE,Nao informado,Nao se aplica,entre 20 e 29 anos,MANU,G2P,Pix,"2324,28",1
202411,PF,PF,CENTRO-OESTE,CENTRO-OESTE,entre 40 e 49 anos,entre 30 e 39 anos,QRDN,P2P,Pix,"19030233,91",490680
202411,PF,PJ,NORDESTE,NORTE,entre 50 e 59 anos,Nao se aplica,QRDN,P2B,Pix,"21402164,98",499024
202411,PF,PF,CENTRO-OESTE,CENTRO-OESTE,entre 30 e 39 anos,entre 20 e 29 anos,QRDN,P2P,Pix,"16229752,69",453661
202411,PJ,PF,SUL,NORTE,Nao se aplica,entre 40 e 49 anos,QRES,B2P,Pix,"258585,4",1945
202411,PF,PF,SUDESTE,CENTRO-OESTE,entre 20 e 29 anos,mais de 60 anos,QRDN,P2P,Pix,"337548,87",11820
202411,PF,PJ,NORDESTE,CENTRO-OESTE,entre 20 e 29 anos,Nao se aplica,MANU,P2B,Pix Saque,200,1
202411,PF,PJ,SUDESTE,SUDESTE,entre 20 e 29 anos,Nao se aplica,MANU,P2B,Pix,"833678627,58",2913052
202411,PF,PF,SUDESTE,CENTRO-OESTE,até 19 anos,entre 50 e 59 anos,QRDN,P2P,Pix,"99027,04",5279
202411,PF,PF,SUDESTE,CENTRO-OESTE,até 19 anos,entre 40 e 49 anos,QRDN,P2P,Pix,"179591,22",8302
202411,PF,PF,Nao informado,NORTE,entre 20 e 29 anos,entre 40 e 49 anos,QRDN,P2P,Pix,"18842,12",748
202411,PF,PF,SUL,NORDESTE,entre 40 e 49 anos,mais de 60 anos,MANU,P2P,Pix,"2251518,06",4448
202411,PF,PF,CENTRO-OESTE,SUDESTE,entre 40 e 49 anos,mais de 60 anos,QRES,P2P,Pix,"1321894,69",11640
202411,PF,PF,CENTRO-OESTE,NORDESTE,entre 40 e 49 anos,mais de 60 anos,Nao disponivel,P2P,Nao disponivel,"74095,16",154
202411,PF,PJ,CENTRO-OESTE,NORDESTE,entre 50 e 59 anos,Nao se aplica,QRDN,P2B,Pix Troco,"3595,99",7
202411,PF,PF,NORDESTE,SUDESTE,até 19 anos,entre 20 e 29 anos,QRDN,P2P,Pix,"855089,8",43086
202411,PF,PF,Nao informado,Nao informado,entre 40 e 49 anos,até 19 anos,MANU,P2P,Pix,"41772,88",496
202411,PJ,PF,SUL,Nao informado,Nao se aplica,entre 40 e 49 anos,DICT,B2P,Pix,"13200840,36",6755
202411,PF,PJ,NORTE,NORTE,entre 40 e 49 anos,Nao se aplica,QRES,P2B,Pix,"369699423,95",2491911
202411,PF,PF,CENTRO-OESTE,CENTRO-OESTE,entre 40 e 49 anos,entre 50 e 59 anos,DICT,P2P,Pix,1184730321,3024994
202411,PF,PF,NORDESTE,NORDESTE,entre 20 e 29 anos,entre 30 e 39 anos,QRDN,P2P,Pix,"107226787,99",4086591
202411,PF,PJ,NORTE,SUL,entre 50 e 59 anos,Nao se aplica,DICT,P2B,Pix,"28224361,65",30974
202411,PF,PJ,CENTRO-OESTE,CENTRO-OESTE,até 19 anos,Nao se aplica,DICT,P2G,Pix,"37808,63",129
202411,PF,PF,Nao informado,NORTE,mais de 60 anos,entre 40 e 49 anos,QRES,P2P,Pix,"5134,06",65
202411,PF,PF,SUL,NORDESTE,entre 50 e 59 anos,mais de 60 anos,QRES,P2P,Pix,"148332,39",2879
202411,PF,PJ,CENTRO-OESTE,SUDESTE,mais de 60 anos,Nao se aplica,QRES,P2B,Pix,"76457931,18",342659
202411,PF,PJ,CENTRO-OESTE,NORDESTE,entre 20 e 29 anos,Nao se aplica,QRDN,P2G,Pix,"277830,46",951
202411,PF,PF,SUL,Nao informado,entre 40 e 49 anos,Nao informado,DICT,P2P,Pix,"2194,24",15
202411,PF,PF,SUDESTE,NORDESTE,até 19 anos,entre 40 e 49 anos,QRES,P2P,Pix,"1265947,11",63875
202411,PF,PF,NORTE,Nao informado,entre 20 e 29 anos,entre 20 e 29 anos,Nao disponivel,P2P,Nao disponivel,"5678,8",36
202411,PF,PF,NORDESTE,SUL,entre 50 e 59 anos,entre 50 e 59 anos,DICT,P2P,Pix,"10417967,84",26445
202411,PF,PF,SUDESTE,SUDESTE,entre 30 e 39 anos,entre 40 e 49 anos,QRES,P2P,Pix,"186567625,37",3560927
202411,PF,PJ,SUL,CENTRO-OESTE,mais de 60 anos,Nao se aplica,MANU,P2B,Pix,"4049977,13",1644
202411,PF,PF,Nao informado,CENTRO-OESTE,entre 50 e 59 anos,mais de 60 anos,QRES,P2P,Pix,"5442,28",68
202411,PF,PF,SUDESTE,Nao informado,até 19 anos,entre 30 e 39 anos,MANU,P2P,Pix,"44593,8",233
202411,PJ,PF,NORDESTE,NORTE,Nao se aplica,até 19 anos,MANU,B2P,Pix,"1342341,67",14740
202411,PF,PJ,SUDESTE,NORTE,entre 20 e 29 anos,Nao se aplica,DICT,P2B,Pix,"38628921,97",35993
202411,PJ,PF,SUL,SUDESTE,Nao se aplica,entre 20 e 29 anos,MANU,B2P,Pix,"213317692,88",316503
202411,PF,PJ,Nao informado,SUL,entre 20 e 29 anos,Nao se aplica,QRDN,P2B,Pix,"3231222,3",43343
202411,PF,PF,Nao informado,Nao informado,entre 30 e 39 anos,entre 30 e 39 anos,Nao disponivel,P2P,Nao disponivel,"40862,83",112
202411,PF,PF,SUDESTE,CENTRO-OESTE,mais de 60 anos,mais de 60 anos,DICT,P2P,Pix,"56758885,72",50336
202411,PF,PF,SUL,SUDESTE,mais de 60 anos,até 19 anos,QRES,P2P,Pix,"211965,44",706
202411,PF,PF,NORDESTE,SUL,até 19 anos,entre 30 e 39 anos,QRDN,P2P,Pix,"143797,57",6507
202411,PF,PF,CENTRO-OESTE,CENTRO-OESTE,entre 20 e 29 anos,até 19 anos,INIC,P2P,Pix,40,1
202411,PF,PF,SUL,SUDESTE,entre 30 e 39 anos,entre 50 e 59 anos,DICT,P2P,Pix,"62616224,43",170535
202411,PF,PF,SUDESTE,CENTRO-OESTE,entre 40 e 49 anos,mais de 60 anos,Nao disponivel,P2P,Nao disponivel,"117072,11",239
202411,PF,PJ,SUL,SUDESTE,até 19 anos,Nao se aplica,QRDN,P2G,Pix,"61429,1",85
202411,PF,PF,NORDESTE,NORDESTE,até 19 anos,entre 50 e 59 anos,DICT,P2P,Pix,"159143764,5",2117162
202411,PF,PF,SUL,CENTRO-OESTE,entre 30 e 39 anos,entre 50 e 59 anos,Nao disponivel,P2P,Nao disponivel,"32360,76",149
202411,PF,PJ,Nao informado,NORDESTE,entre 30 e 39 anos,Nao se aplica,MANU,P2B,Pix,"567125,09",1002
202411,PF,PF,Nao informado,Nao informado,mais de 60 anos,entre 30 e 39 anos,QRES,P2P,Pix,"2909,68",35
202411,PF,PF,CENTRO-OESTE,SUL,entre 30 e 39 anos,entre 30 e 39 anos,QRDN,P2P,Pix,"460493,15",12362
202411,PJ,PF,SUL,NORDESTE,Nao se aplica,mais de 60 anos,DICT,B2P,Pix,"34438570,33",63916
202411,PF,PJ,NORDESTE,NORTE,mais de 60 anos,Nao se aplica,MANU,P2B,Pix,"2108480,26",3132
202411,PF,PF,Nao informado,NORTE,Nao informado,entre 30 e 39 anos,QRES,P2P,Pix,"83,1",8
202411,PF,PF,Nao informado,Nao informado,entre 20 e 29 anos,entre 50 e 59 anos,QRES,P2P,Pix,"48253,91",465
202411,PF,PF,SUDESTE,NORDESTE,Nao informado,entre 20 e 29 anos,Nao disponivel,P2P,Nao disponivel,"421,91",5
202411,PF,PJ,SUDESTE,SUDESTE,entre 30 e 39 anos,Nao se aplica,QRDN,P2B,Pix Troco,"146678,2",596
202411,PF,PF,CENTRO-OESTE,SUDESTE,entre 40 e 49 anos,mais de 60 anos,MANU,P2P,Pix,"17255010,96",17881
202411,PF,PF,NORDESTE,SUDESTE,mais de 60 anos,mais de 60 anos,MANU,P2P,Pix,"10293482,08",14802
202411,PF,PF,NORTE,SUDESTE,entre 30 e 39 anos,Nao informado,DICT,P2P,Pix,60,4
202411,PF,PF,CENTRO-OESTE,NORTE,entre 50 e 59 anos,entre 40 e 49 anos,DICT,P2P,Pix,"45170964,15",83991
202411,PF,PJ,SUL,SUDESTE,entre 20 e 29 anos,Nao se aplica,QRDN,P2G,Pix,"534224,88",1720
202411,PF,PF,Nao informado,SUDESTE,mais de 60 anos,entre 30 e 39 anos,QRDN,P2P,Pix,"9485,35",111
202411,PF,PF,Nao informado,Nao informado,entre 50 e 59 anos,entre 50 e 59 anos,QRES,P2P,Pix,"418680,09",538
202411,PJ,PF,NORDESTE,Nao informado,Nao se aplica,mais de 60 anos,DICT,G2P,Pix,65,1
202411,PF,PF,SUL,SUL,até 19 anos,mais de 60 anos,QRES,P2P,Pix,"3058894,94",132520
202411,PJ,PF,CENTRO-OESTE,Nao informado,Nao se aplica,entre 50 e 59 anos,QRES,B2P,Pix,"83409,31",48
202411,PF,PF,CENTRO-OESTE,CENTRO-OESTE,entre 40 e 49 anos,mais de 60 anos,QRDN,P2P,Pix,"6679413,7",180128
202411,PF,PF,NORTE,SUDESTE,até 19 anos,entre 50 e 59 anos,MANU,P2P,Pix,263524,2739
202411,PF,PJ,CENTRO-OESTE,CENTRO-OESTE,entre 30 e 39 anos,Nao se aplica,Nao disponivel,P2G,Nao disponivel,"52529,44",9
202411,PF,PJ,SUL,NORTE,entre 30 e 39 anos,Nao se aplica,DICT,P2G,Pix,"2406,26",13
202411,PF,PF,SUDESTE,SUL,entre 20 e 29 anos,até 19 anos,QRES,P2P,Pix,"257194,98",6078
202411,PF,PF,NORTE,NORTE,entre 40 e 49 anos,entre 30 e 39 anos,Nao disponivel,P2P,Nao disponivel,"2274208,94",10516
202411,PF,PJ,NORDESTE,SUL,entre 20 e 29 anos,Nao se aplica,QRES,P2G,Pix,"13022,33",163
202411,PF,PJ,SUDESTE,NORTE,entre 40 e 49 anos,Nao se aplica,DICT,P2B,Pix,"66651599,66",50972
202411,PF,PF,Nao informado,Nao informado,entre 40 e 49 anos,entre 30 e 39 anos,QRES,P2P,Pix,"53624,69",304
202411,PF,PF,SUDESTE,NORTE,entre 50 e 59 anos,até 19 anos,QRES,P2P,Pix,"71004,03",1252
202411,PF,PJ,NORTE,NORTE,entre 30 e 39 anos,Nao se aplica,QRDN,P2B,Pix Troco,"1478,5",12
202411,PF,PF,SUDESTE,CENTRO-OESTE,até 19 anos,entre 30 e 39 anos,MANU,P2P,Pix,"898938,61",8315
202411,PF,PF,Nao informado,SUDESTE,entre 40 e 49 anos,entre 20 e 29 anos,QRES,P2P,Pix,"55769,04",575
202411,PF,PF,CENTRO-OESTE,CENTRO-OESTE,entre 30 e 39 anos,entre 30 e 39 anos,DICT,P2P,Pix,"8102059639,8",16432311
202411,PF,PJ,NORDESTE,SUDESTE,Nao informado,Nao se aplica,QRDN,P2B,Pix,"1585,49",41
202411,PF,PJ,CENTRO-OESTE,NORTE,entre 20 e 29 anos,Nao se aplica,Nao disponivel,P2B,Nao disponivel,"182811,67",157
202411,PF,PF,CENTRO-OESTE,NORTE,até 19 anos,entre 30 e 39 anos,MANU,P2P,Pix,"876912,89",9772
202411,PF,PF,CENTRO-OESTE,SUDESTE,entre 30 e 39 anos,Nao informado,INIC,P2P,Pix,"134,83",1
202411,PF,PF,NORTE,NORTE,Nao informado,Nao informado,DICT,P2P,Pix,110,2
202411,PF,PF,CENTRO-OESTE,NORTE,entre 20 e 29 anos,entre 40 e 49 anos,Nao disponivel,P2P,Nao disponivel,"125588,14",559
202411,PF,PF,NORTE,SUL,até 19 anos,entre 20 e 29 anos,Nao disponivel,P2P,Nao disponivel,"17823,11",330
202411,PF,PF,Nao informado,CENTRO-OESTE,até 19 anos,entre 40 e 49 anos,QRES,P2P,Pix,"2019,2",59
202411,PF,PF,NORTE,CENTRO-OESTE,entre 50 e 59 anos,entre 40 e 49 anos,MANU,P2P,Pix,"3187908,41",12104
202411,PF,PJ,CENTRO-OESTE,SUDESTE,Nao informado,Nao se aplica,QRDN,P2B,Pix,"329,18",11
202411,PF,PF,CENTRO-OESTE,NORTE,entre 40 e 49 anos,entre 20 e 29 anos,QRES,P2P,Pix,"754377,35",13071
202411,PF,PF,CENTRO-OESTE,NORTE,entre 40 e 49 anos,entre 30 e 39 anos,Nao disponivel,P2P,Nao disponivel,"68286,7",421
202411,PJ,PF,SUL,SUL,Nao se aplica,entre 50 e 59 anos,QRDN,B2P,Pix,"3902565,9",51020
202411,PJ,PF,Nao informado,SUDESTE,Nao se aplica,entre 50 e 59 anos,MANU,B2P,Pix,"355553,88",92
202411,PF,PF,SUDESTE,Nao informado,entre 20 e 29 anos,entre 30 e 39 anos,DICT,P2P,Pix,"3772147,46",8933
202411,PF,PF,NORTE,NORTE,entre 30 e 39 anos,entre 40 e 49 anos,QRDN,P2P,Pix,"41206728,47",1520567
202411,PJ,PJ,SUL,SUDESTE,Nao se aplica,Nao se aplica,QRDN,B2B,Pix,"1690820430,1",3694802
202411,PF,PF,NORTE,NORDESTE,mais de 60 anos,mais de 60 anos,DICT,P2P,Pix,"9435362,57",21599
202411,PF,PJ,Nao informado,SUDESTE,entre 50 e 59 anos,Nao se aplica,QRDN,P2B,Pix,"11214366,24",43463
202411,PF,PF,CENTRO-OESTE,NORDESTE,mais de 60 anos,mais de 60 anos,QRDN,P2P,Pix,"69003,88",1244
202411,PF,PF,SUL,NORTE,entre 40 e 49 anos,entre 40 e 49 anos,MANU,P2P,Pix,"3101887,22",13722
202411,PF,PJ,NORTE,NORTE,entre 20 e 29 anos,Nao se aplica,QRES,P2B,Pix,"280287088,64",3184868
202411,PF,PF,Nao informado,Nao informado,entre 40 e 49 anos,até 19 anos,QRDN,P2P,Pix,28,1
202411,PF,PJ,SUL,SUDESTE,entre 20 e 29 anos,Nao se aplica,QRDN,P2B,Pix Saque,"254898,29",1754
202411,PJ,PJ,SUL,SUDESTE,Nao se aplica,Nao se aplica,QRES,G2B,Pix,"108545,65",136
202411,PF,PF,SUDESTE,CENTRO-OESTE,entre 20 e 29 anos,entre 20 e 29 anos,DICT,P2P,Pix,"76086140,4",416031
202411,PF,PJ,Nao informado,Nao informado,mais de 60 anos,Nao se aplica,MANU,P2B,Pix,2971,8
202411,PF,PF,SUL,NORTE,entre 20 e 29 anos,entre 20 e 29 anos,Nao disponivel,P2P,Nao disponivel,"158236,51",1296
202411,PF,PF,SUL,NORTE,entre 50 e 59 anos,entre 50 e 59 anos,QRES,P2P,Pix,"159440,65",2547
202411,PF,PF,SUL,NORTE,entre 20 e 29 anos,mais de 60 anos,DICT,P2P,Pix,"2790969,73",11000
202411,PF,PF,SUDESTE,NORDESTE,mais de 60 anos,mais de 60 anos,MANU,P2P,Pix,"17760385,62",19197
202411,PF,PF,Nao informado,SUL,entre 40 e 49 anos,entre 50 e 59 anos,MANU,P2P,Pix,"544855,45",765
202411,PF,PF,NORDESTE,Nao informado,mais de 60 anos,mais de 60 anos,QRDN,P2P,Pix,"1185,85",39
202411,PF,PF,Nao informado,NORTE,entre 40 e 49 anos,mais de 60 anos,QRES,P2P,Pix,"8049,36",267
202411,PF,PF,SUL,NORTE,entre 20 e 29 anos,até 19 anos,DICT,P2P,Pix,"2469178,56",29735
202411,PF,PF,Nao informado,NORDESTE,até 19 anos,mais de 60 anos,DICT,P2P,Pix,"17921,27",118
202411,PJ,PF,SUL,CENTRO-OESTE,Nao se aplica,entre 50 e 59 anos,MANU,B2P,Pix,"97417969,55",18407
202411,PF,PF,SUL,Nao informado,entre 50 e 59 anos,até 19 anos,DICT,P2P,Pix,"41331,94",239
202411,PF,PF,CENTRO-OESTE,CENTRO-OESTE,Nao informado,até 19 anos,DICT,P2P,Pix,447,3
202411,PJ,PF,SUDESTE,SUDESTE,Nao se aplica,mais de 60 anos,Nao disponivel,G2P,Nao disponivel,"134188,05",588
202411,PF,PF,NORTE,Nao informado,entre 50 e 59 anos,mais de 60 anos,QRDN,P2P,Pix,800,22
202411,PF,PJ,SUL,SUL,mais de 60 anos,Nao se aplica,QRDN,P2B,Pix,"441591859,18",3232496
202411,PF,PJ,SUDESTE,NORDESTE,entre 30 e 39 anos,Nao se aplica,QRDN,P2G,Pix,"2561064,58",6952
202411,PF,PF,NORTE,NORDESTE,entre 40 e 49 anos,entre 40 e 49 anos,MANU,P2P,Pix,"10234497,44",52300
202411,PF,PJ,NORDESTE,SUL,entre 20 e 29 anos,Nao se aplica,INIC,P2B,Pix,"2907,29",22
202411,PJ,PJ,NORTE,Nao informado,Nao se aplica,Nao se aplica,DICT,B2B,Pix,"9851,17",107
202411,PF,PF,Nao informado,NORDESTE,entre 20 e 29 anos,entre 20 e 29 anos,MANU,P2P,Pix,"365265,81",2364
202411,PF,PF,SUL,SUL,entre 30 e 39 anos,mais de 60 anos,QRES,P2P,Pix,"22721110,19",339800
202411,PF,PF,CENTRO-OESTE,CENTRO-OESTE,entre 20 e 29 anos,mais de 60 anos,MANU,P2P,Pix,"82925395,09",286739
202411,PJ,PF,SUDESTE,SUDESTE,Nao se aplica,entre 30 e 39 anos,Nao disponivel,G2P,Nao disponivel,"175684,8",576
202411,PJ,PF,NORTE,CENTRO-OESTE,Nao se aplica,entre 40 e 49 anos,MANU,B2P,Pix,"19176318,38",3154
202411,PF,PF,SUL,SUL,entre 20 e 29 anos,até 19 anos,QRDN,P2P,Pix,"923353,04",29407
202411,PF,PF,NORDESTE,Nao informado,entre 50 e 59 anos,entre 20 e 29 anos,QRES,P2P,Pix,"26322,25",326
202411,PF,PF,NORTE,NORDESTE,até 19 anos,até 19 anos,QRES,P2P,Pix,"64811,25",5672
202411,PF,PJ,CENTRO-OESTE,NORDESTE,entre 30 e 39 anos,Nao se aplica,QRDN,P2G,Pix,"594556,29",1703
202411,PF,PJ,NORTE,Nao informado,mais de 60 anos,Nao se aplica,MANU,P2B,Pix,2992,5
202411,PF,PF,Nao informado,SUDESTE,Nao informado,entre 40 e 49 anos,QRES,P2P,Pix,"79,29",12
202411,PF,PF,SUDESTE,Nao informado,entre 40 e 49 anos,entre 50 e 59 anos,Nao disponivel,P2P,Nao disponivel,12883,9
202411,PF,PF,SUDESTE,CENTRO-OESTE,entre 20 e 29 anos,até 19 anos,MANU,P2P,Pix,"1183420,37",14093
202411,PF,PF,SUL,Nao informado,entre 50 e 59 anos,entre 20 e 29 anos,MANU,P2P,Pix,"171323,98",871
202411,PF,PF,NORDESTE,SUL,entre 30 e 39 anos,entre 50 e 59 anos,DICT,P2P,Pix,"21786700,68",83574
202411,PF,PF,Nao informado,SUDESTE,até 19 anos,até 19 anos,QRDN,P2P,Pix,25,1
202411,PF,PF,SUL,Nao informado,entre 30 e 39 anos,entre 20 e 29 anos,DICT,P2P,Pix,"2497540,94",7769
202411,PJ,PF,NORDESTE,NORTE,Nao se aplica,entre 40 e 49 anos,DICT,B2P,Pix,"268926815,12",1340468
202411,PF,PF,NORDESTE,NORTE,entre 20 e 29 anos,até 19 anos,Nao disponivel,P2P,Nao disponivel,"31387,29",1383
202411,PF,PF,SUL,SUDESTE,entre 50 e 59 anos,entre 30 e 39 anos,QRES,P2P,Pix,"1786315,49",15487
202411,PF,PF,NORDESTE,SUL,entre 20 e 29 anos,entre 30 e 39 anos,Nao disponivel,P2P,Nao disponivel,"218081,75",1216
202411,PF,PF,CENTRO-OESTE,SUDESTE,entre 20 e 29 anos,até 19 anos,DICT,P2P,Pix,"6753779,75",73780
202411,PJ,PJ,SUL,NORTE,Nao se aplica,Nao se aplica,MANU,B2B,Pix,"360827657,35",25784
202411,PF,PF,CENTRO-OESTE,SUDESTE,mais de 60 anos,entre 40 e 49 anos,DICT,P2P,Pix,"69864053,24",97013
202411,PF,PJ,CENTRO-OESTE,NORDESTE,até 19 anos,Nao se aplica,QRDN,P2B,Pix,"33547476,82",905209
202411,PF,PJ,NORTE,NORDESTE,entre 30 e 39 anos,Nao se aplica,QRES,P2B,Pix Saque,38,1
202411,PJ,PF,Nao informado,Nao informado,Nao se aplica,entre 20 e 29 anos,MANU,G2P,Pix,2400,3
202411,PF,PF,SUL,CENTRO-OESTE,entre 30 e 39 anos,mais de 60 anos,QRES,P2P,Pix,"232652,72",4263
202411,PF,PF,SUL,SUL,entre 30 e 39 anos,entre 50 e 59 anos,Nao disponivel,P2P,Nao disponivel,"3452376,54",10251
202411,PJ,PJ,CENTRO-OESTE,CENTRO-OESTE,Nao se aplica,Nao se aplica,QRDN,G2G,Pix,"10436548,62",156
202411,PF,PJ,CENTRO-OESTE,CENTRO-OESTE,mais de 60 anos,Nao se aplica,QRES,P2B,Pix Saque,"1107,18",5
202411,PJ,PF,NORTE,NORDESTE,Nao se aplica,entre 40 e 49 anos,QRES,B2P,Pix,"1372122,25",6976
202411,PJ,PF,CENTRO-OESTE,SUL,Nao se aplica,entre 30 e 39 anos,QRES,B2P,Pix,"587833,62",2200
202411,PF,PJ,SUL,SUDESTE,entre 30 e 39 anos,Nao se aplica,INIC,P2B,Pix,"30573,1",1852
202411,PF,PF,SUL,NORTE,entre 50 e 59 anos,entre 20 e 29 anos,DICT,P2P,Pix,"12588136,64",59232
202411,PF,PF,SUL,NORTE,entre 20 e 29 anos,entre 40 e 49 anos,Nao disponivel,P2P,Nao disponivel,"44937,27",290
202411,PJ,PF,SUL,SUL,Nao se aplica,entre 20 e 29 anos,DICT,B2P,Pix,"4528352167,97",5746514
202411,PF,PF,SUDESTE,Nao informado,mais de 60 anos,mais de 60 anos,MANU,P2P,Pix,"1989822,04",670
202411,PJ,PF,Nao informado,SUL,Nao se aplica,até 19 anos,QRES,B2P,Pix,1256,6
202411,PF,PF,SUL,SUL,entre 50 e 59 anos,entre 20 e 29 anos,QRDN,P2P,Pix,"3071816,16",63965
202411,PF,PF,SUL,CENTRO-OESTE,entre 20 e 29 anos,entre 40 e 49 anos,QRDN,P2P,Pix,"469468,16",8955
202411,PJ,PF,Nao informado,Nao informado,Nao se aplica,entre 40 e 49 anos,QRES,B2P,Pix,"13001,6",18
202411,PF,PF,SUDESTE,SUL,até 19 anos,entre 20 e 29 anos,MANU,P2P,Pix,"1004698,85",13626
202411,PJ,PF,SUL,NORTE,Nao se aplica,entre 20 e 29 anos,MANU,B2P,Pix,"30113475,02",63029
202411,PF,PF,NORDESTE,NORTE,Nao informado,entre 20 e 29 anos,QRES,P2P,Pix,149,1
202411,PF,PF,SUL,NORTE,mais de 60 anos,até 19 anos,Nao disponivel,P2P,Nao disponivel,"506,55",21
202411,PF,PJ,NORDESTE,NORTE,entre 50 e 59 anos,Nao se aplica,QRES,P2G,Pix,"1594,34",13
202411,PF,PJ,NORDESTE,NORTE,entre 30 e 39 anos,Nao se aplica,QRES,P2B,Pix Saque,4,1
202411,PF,PJ,SUL,NORDESTE,entre 50 e 59 anos,Nao se aplica,MANU,P2B,Pix,"1624797,75",4978
202411,PF,PJ,SUDESTE,NORTE,entre 50 e 59 anos,Nao se aplica,MANU,P2G,Pix,"4873,37",9
202411,PF,PF,SUL,NORDESTE,até 19 anos,até 19 anos,DICT,P2P,Pix,"1436367,01",54217
202411,PJ,PJ,NORDESTE,CENTRO-OESTE,Nao se aplica,Nao se aplica,QRDN,B2B,Pix Saque,"9832,18",21
202411,PF,PF,SUDESTE,NORTE,entre 20 e 29 anos,entre 40 e 49 anos,DICT,P2P,Pix,"21402962,38",97315
202411,PF,PF,SUL,SUL,entre 50 e 59 anos,mais de 60 anos,Nao disponivel,P2P,Nao disponivel,"3915983,69",2450
202411,PF,PF,SUL,SUL,mais de 60 anos,entre 40 e 49 anos,INIC,P2P,Pix,393,3
202411,PJ,PF,Nao informado,SUL,Nao se aplica,entre 50 e 59 anos,QRES,B2P,Pix,"6494,99",23
202411,PF,PJ,SUL,SUL,entre 40 e 49 anos,Nao se aplica,Nao disponivel,P2G,Nao disponivel,"14453,57",28
202411,PJ,PF,SUDESTE,NORTE,Nao se aplica,mais de 60 anos,MANU,B2P,Pix,"292917988,97",103879
202411,PJ,PF,Nao informado,CENTRO-OESTE,Nao se aplica,entre 30 e 39 anos,MANU,B2P,Pix,"170808,34",67
202411,PF,PJ,Nao informado,SUDESTE,entre 30 e 39 anos,Nao se aplica,QRDN,P2B,Pix,"32867111,45",150891
202411,PF,PF,SUDESTE,NORDESTE,entre 50 e 59 anos,entre 30 e 39 anos,QRES,P2P,Pix,"4976658,82",85105
202411,PJ,PF,CENTRO-OESTE,SUDESTE,Nao se aplica,entre 50 e 59 anos,MANU,G2P,Pix,"48167643,77",17097
202411,PF,PJ,NORDESTE,Nao informado,entre 50 e 59 anos,Nao se aplica,QRDN,P2G,Pix,"74,71",3
202411,PF,PF,NORDESTE,Nao informado,entre 20 e 29 anos,entre 50 e 59 anos,QRES,P2P,Pix,"45475,9",1242
202411,PF,PJ,NORDESTE,SUL,entre 40 e 49 anos,Nao se aplica,INIC,P2B,Pix,"13485,74",60
202411,PF,PF,SUL,Nao informado,entre 20 e 29 anos,até 19 anos,MANU,P2P,Pix,"7650,5",83
202411,PF,PF,NORDESTE,SUDESTE,Nao informado,entre 30 e 39 anos,QRES,P2P,Pix,30,1
202411,PF,PF,SUDESTE,NORTE,entre 20 e 29 anos,entre 20 e 29 anos,QRDN,P2P,Pix,"394167,42",11802
202411,PJ,PF,SUL,SUL,Nao se aplica,mais de 60 anos,INIC,B2P,Pix,225,2
202411,PF,PF,NORTE,SUDESTE,até 19 anos,entre 20 e 29 anos,MANU,P2P,Pix,"629645,5",9955
202411,PF,PF,SUDESTE,Nao informado,mais de 60 anos,até 19 anos,MANU,P2P,Pix,9653,39
202411,PF,PF,NORTE,CENTRO-OESTE,até 19 anos,mais de 60 anos,DICT,P2P,Pix,"1043182,61",9140
202411,PF,PF,NORTE,NORDESTE,até 19 anos,entre 40 e 49 anos,QRDN,P2P,Pix,"276069,78",16166
202411,PF,PF,NORDESTE,Nao informado,entre 30 e 39 anos,mais de 60 anos,QRES,P2P,Pix,"17544,24",456
202411,PF,PJ,SUL,SUL,entre 40 e 49 anos,Nao se aplica,MANU,P2G,Pix,"315816,42",993
202411,PF,PF,CENTRO-OESTE,NORDESTE,entre 40 e 49 anos,até 19 anos,QRDN,P2P,Pix,"85214,06",1841
202411,PF,PF,SUDESTE,Nao informado,entre 30 e 39 anos,entre 30 e 39 anos,QRES,P2P,Pix,"201073,96",1729
202411,PJ,PF,NORTE,SUDESTE,Nao se aplica,entre 40 e 49 anos,MANU,B2P,Pix,"20014688,88",4003
202411,PF,PF,NORTE,CENTRO-OESTE,entre 40 e 49 anos,mais de 60 anos,MANU,P2P,Pix,"4429969,79",9125
202411,PF,PF,CENTRO-OESTE,SUL,entre 50 e 59 anos,entre 40 e 49 anos,QRES,P2P,Pix,"285879,38",3556
202411,PF,PF,NORDESTE,Nao informado,entre 50 e 59 anos,entre 20 e 29 anos,DICT,P2P,Pix,"1177242,53",10560
202411,PF,PJ,SUL,Nao informado,entre 30 e 39 anos,Nao se aplica,QRDN,P2B,Pix,"444798,2",2125
202411,PF,PF,SUDESTE,CENTRO-OESTE,mais de 60 anos,entre 20 e 29 anos,Nao disponivel,P2P,Nao disponivel,"36865,79",145
202411,PF,PF,NORTE,SUL,entre 20 e 29 anos,entre 40 e 49 anos,QRES,P2P,Pix,"1149847,12",36766
202411,PF,PJ,CENTRO-OESTE,CENTRO-OESTE,entre 40 e 49 anos,Nao se aplica,QRDN,P2B,Pix Saque,"4418182,29",22309
202411,PF,PF,NORTE,Nao informado,entre 30 e 39 anos,entre 30 e 39 anos,DICT,P2P,Pix,"3878835,77",18568
202411,PF,PF,Nao informado,NORTE,entre 30 e 39 anos,entre 50 e 59 anos,QRES,P2P,Pix,"30700,13",863
202411,PF,PF,Nao informado,SUL,entre 20 e 29 anos,entre 20 e 29 anos,QRES,P2P,Pix,"46273,57",810
202411,PF,PF,SUDESTE,NORDESTE,entre 50 e 59 anos,entre 20 e 29 anos,QRDN,P2P,Pix,"1797912,36",47985
202411,PJ,PF,CENTRO-OESTE,SUDESTE,Nao se aplica,até 19 anos,QRES,B2P,Pix,"107119,86",656
202411,PF,PF,SUL,SUDESTE,entre 30 e 39 anos,entre 30 e 39 anos,QRDN,P2P,Pix,"3261511,89",37070
202411,PF,PF,NORDESTE,Nao informado,mais de 60 anos,entre 50 e 59 anos,QRES,P2P,Pix,"12065,99",95
202411,PF,PJ,SUDESTE,SUL,entre 30 e 39 anos,Nao se aplica,Nao disponivel,P2B,Nao disponivel,"966480,7",954
202411,PF,PJ,Nao informado,NORTE,entre 50 e 59 anos,Nao se aplica,DICT,P2B,Pix,"1023731,43",719
202411,PF,PJ,CENTRO-OESTE,NORTE,entre 20 e 29 anos,Nao se aplica,QRES,P2B,Pix,"5156542,39",48096
202411,PF,PF,Nao informado,SUDESTE,até 19 anos,entre 50 e 59 anos,Nao disponivel,P2P,Nao disponivel,3587,3
202411,PJ,PF,NORDESTE,SUL,Nao se aplica,entre 50 e 59 anos,QRES,B2P,Pix,"510494,12",1210
202411,PF,PF,Nao informado,CENTRO-OESTE,entre 40 e 49 anos,até 19 anos,DICT,P2P,Pix,"162206,57",700
202411,PF,PF,Nao informado,NORDESTE,entre 40 e 49 anos,entre 30 e 39 anos,QRES,P2P,Pix,"82616,9",1228
202411,PF,PF,SUL,NORTE,entre 30 e 39 anos,entre 50 e 59 anos,QRDN,P2P,Pix,"144431,46",4551
202411,PF,PF,Nao informado,NORTE,entre 40 e 49 anos,até 19 anos,DICT,P2P,Pix,"250572,7",1156
202411,PF,PF,NORTE,SUL,entre 20 e 29 anos,entre 20 e 29 anos,INIC,P2P,Pix,"57,59",1
202411,PF,PJ,NORTE,NORTE,entre 20 e 29 anos,Nao se aplica,MANU,P2B,Pix,"169425914,27",632552
202411,PF,PF,Nao informado,Nao informado,Nao informado,Nao informado,DICT,P2P,Pix,"152,68",14
202411,PJ,PJ,CENTRO-OESTE,SUDESTE,Nao se aplica,Nao se aplica,DICT,B2B,Pix,"3068701533,05",347755
202411,PF,PF,CENTRO-OESTE,CENTRO-OESTE,entre 50 e 59 anos,entre 40 e 49 anos,QRES,P2P,Pix,"20070538,82",272973
202411,PF,PJ,Nao informado,SUL,entre 30 e 39 anos,Nao se aplica,MANU,P2B,Pix,"1714329,52",1443
202411,PF,PJ,SUDESTE,NORDESTE,entre 30 e 39 anos,Nao se aplica,QRES,P2B,Pix Saque,"1993,31",13
202411,PF,PJ,SUDESTE,SUDESTE,entre 30 e 39 anos,Nao se aplica,QRDN,P2B,Pix,"11972751948,18",167312191
202411,PF,PF,SUDESTE,NORDESTE,entre 20 e 29 anos,mais de 60 anos,DICT,P2P,Pix,"30494137,33",139228
202411,PF,PJ,Nao informado,NORDESTE,Nao informado,Nao se aplica,MANU,P2B,Pix,"280,34",2
202411,PJ,PF,SUDESTE,NORTE,Nao se aplica,mais de 60 anos,QRDN,B2P,Pix,"37674,04",473
202411,PF,PF,SUDESTE,CENTRO-OESTE,entre 30 e 39 anos,mais de 60 anos,MANU,P2P,Pix,"16871701,74",15242
202411,PF,PF,SUDESTE,NORDESTE,mais de 60 anos,entre 20 e 29 anos,DICT,P2P,Pix,"79084456,44",316691
202411,PF,PJ,CENTRO-OESTE,NORTE,entre 40 e 49 anos,Nao se aplica,QRES,P2B,Pix,"7201557,46",40933
202411,PF,PF,SUDESTE,SUDESTE,até 19 anos,entre 30 e 39 anos,DICT,P2P,Pix,"562148049,06",6081986
202411,PF,PF,SUDESTE,SUDESTE,entre 50 e 59 anos,Nao informado,MANU,P2P,Pix,14,1
202411,PF,PF,Nao informado,NORDESTE,entre 20 e 29 anos,entre 30 e 39 anos,QRDN,P2P,Pix,"63894,79",2158
202411,PF,PJ,NORDESTE,SUDESTE,entre 20 e 29 anos,Nao se aplica,QRES,P2B,Pix Saque,"5259,45",76
202411,PF,PF,NORTE,NORDESTE,entre 20 e 29 anos,entre 20 e 29 anos,MANU,P2P,Pix,"12333065,17",109603
202411,PF,PJ,SUDESTE,SUL,entre 30 e 39 anos,Nao se aplica,MANU,P2B,Pix,"42742684,14",56825
202411,PF,PJ,SUDESTE,NORDESTE,entre 40 e 49 anos,Nao se aplica,QRDN,P2G,Pix,"2930750,94",6601
202411,PF,PJ,SUDESTE,SUDESTE,até 19 anos,Nao se aplica,QRES,P2G,Pix,"265268,76",3141
202411,PF,PF,SUL,Nao informado,entre 40 e 49 anos,mais de 60 anos,DICT,P2P,Pix,"800333,17",1048
202411,PF,PF,SUL,NORTE,entre 40 e 49 anos,até 19 anos,DICT,P2P,Pix,"2651786,53",21931
202411,PF,PF,SUL,Nao informado,entre 30 e 39 anos,entre 50 e 59 anos,Nao disponivel,P2P,Nao disponivel,"4795,07",8
202411,PF,PJ,NORTE,SUDESTE,entre 50 e 59 anos,Nao se aplica,QRES,P2B,Pix,"75499151,57",499565
202411,PF,PJ,NORTE,CENTRO-OESTE,mais de 60 anos,Nao se aplica,QRDN,P2B,Pix Troco,90,2
202411,PF,PF,NORTE,CENTRO-OESTE,entre 40 e 49 anos,até 19 anos,DICT,P2P,Pix,"5599624,51",40806
202411,PF,PF,CENTRO-OESTE,SUDESTE,entre 30 e 39 anos,entre 40 e 49 anos,DICT,P2P,Pix,"109179663,9",299826
202411,PF,PF,SUDESTE,SUL,entre 50 e 59 anos,entre 50 e 59 anos,QRDN,P2P,Pix,"191436,29",4406
202411,PF,PF,NORTE,NORTE,entre 40 e 49 anos,entre 20 e 29 anos,Nao disponivel,P2P,Nao disponivel,"1298552,81",9160
202411,PF,PF,Nao informado,CENTRO-OESTE,Nao informado,até 19 anos,Nao disponivel,P2P,Nao disponivel,9,1
202411,PF,PF,CENTRO-OESTE,NORTE,até 19 anos,mais de 60 anos,Nao disponivel,P2P,Nao disponivel,"7468,55",57
202411,PJ,PJ,SUDESTE,NORDESTE,Nao se aplica,Nao se aplica,MANU,G2B,Pix,"6770098,07",125
202411,PF,PF,Nao informado,Nao informado,até 19 anos,entre 30 e 39 anos,QRDN,P2P,Pix,"2342,49",59
202411,PJ,PF,NORTE,SUL,Nao se aplica,entre 40 e 49 anos,DICT,B2P,Pix,"57947716,9",166484
202411,PF,PF,CENTRO-OESTE,CENTRO-OESTE,até 19 anos,Nao informado,DICT,P2P,Pix,468,3
202411,PF,PJ,CENTRO-OESTE,NORTE,entre 50 e 59 anos,Nao se aplica,QRES,P2G,Pix,"1623,62",17
202411,PF,PF,NORTE,NORDESTE,até 19 anos,entre 30 e 39 anos,MANU,P2P,Pix,"1021607,6",12957
202411,PF,PF,NORTE,CENTRO-OESTE,entre 30 e 39 anos,entre 30 e 39 anos,QRES,P2P,Pix,"2822161,19",45667
202411,PF,PF,CENTRO-OESTE,NORDESTE,entre 40 e 49 anos,até 19 anos,QRES,P2P,Pix,"187906,52",3653
202411,PJ,PF,NORTE,NORTE,Nao se aplica,mais de 60 anos,QRES,G2P,Pix,142,2
202411,PF,PF,SUDESTE,NORDESTE,até 19 anos,até 19 anos,DICT,P2P,Pix,"8310537,11",304449
202411,PF,PF,CENTRO-OESTE,SUDESTE,mais de 60 anos,entre 50 e 59 anos,Nao disponivel,P2P,Nao disponivel,"31525,42",88
202411,PF,PJ,Nao informado,Nao informado,entre 40 e 49 anos,Nao se aplica,DICT,P2B,Pix,"238229,22",492
202411,PF,PF,NORTE,NORDESTE,entre 30 e 39 anos,mais de 60 anos,Nao disponivel,P2P,Nao disponivel,"30462,8",132
202411,PF,PF,CENTRO-OESTE,NORTE,entre 50 e 59 anos,até 19 anos,QRES,P2P,Pix,"28096,59",666
202411,PF,PF,Nao informado,NORDESTE,Nao informado,mais de 60 anos,QRDN,P2P,Pix,"5,5",1
202411,PJ,PF,SUL,NORDESTE,Nao se aplica,entre 50 e 59 anos,DICT,G2P,Pix,"7618,03",122
202411,PF,PF,NORDESTE,Nao informado,entre 30 e 39 anos,até 19 anos,QRDN,P2P,Pix,1,1
202411,PF,PF,NORTE,CENTRO-OESTE,mais de 60 anos,entre 40 e 49 anos,DICT,P2P,Pix,"23054483,91",39834
202411,PF,PF,SUL,SUL,entre 30 e 39 anos,entre 40 e 49 anos,Nao disponivel,P2P,Nao disponivel,"4807246,7",17906
202411,PF,PF,Nao informado,CENTRO-OESTE,entre 50 e 59 anos,entre 30 e 39 anos,QRES,P2P,Pix,"49530,5",167
202411,PJ,PJ,CENTRO-OESTE,NORDESTE,Nao se aplica,Nao se aplica,QRDN,B2B,Pix,"101636563,39",108181
202411,PF,PF,SUL,SUDESTE,entre 40 e 49 anos,entre 50 e 59 anos,QRDN,P2P,Pix,"571851,04",13801
202411,PF,PF,SUL,SUDESTE,entre 30 e 39 anos,entre 50 e 59 anos,QRES,P2P,Pix,"1932277,45",28513
202411,PF,PF,Nao informado,SUDESTE,entre 40 e 49 anos,entre 20 e 29 anos,DICT,P2P,Pix,"3507663,98",7697
202411,PF,PJ,NORDESTE,NORTE,mais de 60 anos,Nao se aplica,QRES,P2G,Pix,"717,32",6
202411,PF,PF,SUL,NORTE,entre 50 e 59 anos,entre 30 e 39 anos,DICT,P2P,Pix,"18200044,6",67284
202411,PF,PF,NORDESTE,CENTRO-OESTE,mais de 60 anos,até 19 anos,QRDN,P2P,Pix,"5973,65",113
202411,PF,PF,CENTRO-OESTE,NORTE,entre 50 e 59 anos,entre 50 e 59 anos,Nao disponivel,P2P,Nao disponivel,"16356,88",86
202411,PF,PJ,Nao informado,Nao informado,mais de 60 anos,Nao se aplica,QRES,P2B,Pix,"5312,45",83
202411,PF,PF,Nao informado,NORTE,entre 30 e 39 anos,entre 30 e 39 anos,Nao disponivel,P2P,Nao disponivel,"21692,52",38
202411,PF,PJ,SUDESTE,SUL,entre 50 e 59 anos,Nao se aplica,INIC,P2B,Pix,"39304,6",184
202411,PF,PJ,SUDESTE,SUL,entre 40 e 49 anos,Nao se aplica,INIC,P2B,Pix,"26949,05",148
202411,PF,PJ,CENTRO-OESTE,CENTRO-OESTE,entre 20 e 29 anos,Nao se aplica,QRDN,P2G,Pix,"29501527,47",147302
202411,PF,PF,Nao informado,SUDESTE,entre 30 e 39 anos,entre 20 e 29 anos,Nao disponivel,P2P,Nao disponivel,"10410,1",37
202411,PF,PF,NORTE,NORTE,entre 30 e 39 anos,entre 30 e 39 anos,QRES,P2P,Pix,"174064199,57",1861961
202411,PF,PF,NORTE,NORDESTE,mais de 60 anos,entre 20 e 29 anos,QRES,P2P,Pix,"357918,08",4410
202411,PF,PF,NORDESTE,SUL,entre 30 e 39 anos,entre 40 e 49 anos,Nao disponivel,P2P,Nao disponivel,"142584,54",553
202411,PF,PF,NORDESTE,NORTE,mais de 60 anos,entre 30 e 39 anos,Nao disponivel,P2P,Nao disponivel,"24176,58",77
202411,PF,PF,SUL,NORTE,entre 40 e 49 anos,entre 20 e 29 anos,QRDN,P2P,Pix,"139832,19",3178
202411,PF,PF,NORTE,SUDESTE,mais de 60 anos,Nao informado,DICT,P2P,Pix,20,1
202411,PF,PF,NORTE,Nao informado,entre 50 e 59 anos,até 19 anos,MANU,P2P,Pix,"8223,32",94
202411,PJ,PF,SUL,SUDESTE,Nao se aplica,até 19 anos,QRDN,B2P,Pix,"53885,06",657
202411,PF,PF,SUL,NORTE,mais de 60 anos,até 19 anos,MANU,P2P,Pix,"27052,4",399
202411,PF,PJ,CENTRO-OESTE,NORDESTE,até 19 anos,Nao se aplica,QRDN,P2G,Pix,"24735,16",88
202411,PF,PF,SUDESTE,CENTRO-OESTE,entre 20 e 29 anos,entre 20 e 29 anos,QRDN,P2P,Pix,"1073484,81",28324
202411,PF,PF,CENTRO-OESTE,CENTRO-OESTE,até 19 anos,mais de 60 anos,QRDN,P2P,Pix,"1401027,09",82966
202411,PF,PF,CENTRO-OESTE,NORTE,mais de 60 anos,até 19 anos,Nao disponivel,P2P,Nao disponivel,"1325,19",85
202411,PF,PF,NORDESTE,SUDESTE,mais de 60 anos,até 19 anos,Nao disponivel,P2P,Nao disponivel,"8735,83",797
202411,PF,PF,SUDESTE,CENTRO-OESTE,entre 30 e 39 anos,entre 20 e 29 anos,QRDN,P2P,Pix,"981652,18",25274
202411,PF,PJ,NORTE,Nao informado,entre 30 e 39 anos,Nao se aplica,MANU,P2B,Pix,"519071,19",8
202411,PF,PJ,NORTE,SUDESTE,mais de 60 anos,Nao se aplica,QRES,P2B,Pix,"36689819,54",214462
202411,PF,PF,CENTRO-OESTE,Nao informado,entre 50 e 59 anos,entre 50 e 59 anos,QRDN,P2P,Pix,"2199,24",78
202411,PF,PJ,NORDESTE,SUDESTE,mais de 60 anos,Nao se aplica,DICT,P2B,Pix,"145004151,4",125371
202411,PF,PJ,SUL,SUDESTE,entre 30 e 39 anos,Nao se aplica,QRES,P2G,Pix,"23117,2",255
202411,PF,PJ,NORTE,Nao informado,até 19 anos,Nao se aplica,DICT,P2B,Pix,"3811,25",98
202411,PJ,PF,SUDESTE,NORTE,Nao se aplica,entre 20 e 29 anos,DICT,B2P,Pix,"787300296,31",4507978
202411,PJ,PJ,SUDESTE,SUDESTE,Nao se aplica,Nao se aplica,QRES,B2B,Pix Saque,"15895,8",110
202411,PF,PJ,Nao informado,SUL,entre 40 e 49 anos,Nao se aplica,DICT,P2G,Pix,"1605,92",2
202411,PJ,PF,SUL,Nao informado,Nao se aplica,mais de 60 anos,DICT,G2P,Pix,"164,29",10
202411,PF,PF,NORTE,NORDESTE,entre 30 e 39 anos,entre 50 e 59 anos,QRES,P2P,Pix,"2091335,03",52125
202411,PF,PF,NORDESTE,SUDESTE,entre 30 e 39 anos,entre 30 e 39 anos,QRDN,P2P,Pix,"8054069,68",259743
202411,PF,PJ,CENTRO-OESTE,SUDESTE,entre 30 e 39 anos,Nao se aplica,INIC,P2B,Pix,"5594,44",312
202411,PF,PF,SUDESTE,NORTE,até 19 anos,até 19 anos,Nao disponivel,P2P,Nao disponivel,"33756,92",2658
202411,PF,PF,NORTE,NORTE,até 19 anos,entre 50 e 59 anos,QRES,P2P,Pix,"6244728,65",410964
202411,PJ,PF,SUDESTE,NORTE,Nao se aplica,entre 50 e 59 anos,QRES,B2P,Pix,"419390,59",2592
202411,PF,PF,SUL,CENTRO-OESTE,entre 20 e 29 anos,entre 20 e 29 anos,MANU,P2P,Pix,"4237366,56",28196
202411,PF,PF,NORTE,CENTRO-OESTE,entre 30 e 39 anos,mais de 60 anos,QRDN,P2P,Pix,437817,15451
202411,PF,PF,Nao informado,Nao informado,entre 30 e 39 anos,entre 40 e 49 anos,MANU,P2P,Pix,"333252,87",1131
202411,PF,PF,SUDESTE,SUDESTE,mais de 60 anos,entre 20 e 29 anos,QRDN,P2P,Pix,"6827924,18",153954
202411,PF,PF,SUDESTE,SUL,entre 50 e 59 anos,mais de 60 anos,QRDN,P2P,Pix,"181062,32",2617
202411,PF,PF,NORDESTE,NORTE,entre 50 e 59 anos,entre 30 e 39 anos,MANU,P2P,Pix,"4095193,24",30312
202411,PF,PJ,NORDESTE,NORDESTE,até 19 anos,Nao se aplica,Nao disponivel,P2B,Nao disponivel,"1141043,5",3274
202411,PF,PF,NORTE,CENTRO-OESTE,entre 40 e 49 anos,até 19 anos,QRDN,P2P,Pix,"65653,23",2101
202411,PF,PF,NORDESTE,SUL,entre 20 e 29 anos,entre 30 e 39 anos,DICT,P2P,Pix,"43500511,94",271609
202411,PF,PF,NORDESTE,SUL,entre 40 e 49 anos,entre 30 e 39 anos,QRES,P2P,Pix,"818487,62",16110
202411,PF,PF,CENTRO-OESTE,Nao informado,entre 50 e 59 anos,entre 40 e 49 anos,Nao disponivel,P2P,Nao disponivel,1320,3
202411,PF,PJ,CENTRO-OESTE,CENTRO-OESTE,até 19 anos,Nao se aplica,QRDN,P2B,Pix,"99984345,82",2915062
202411,PF,PF,CENTRO-OESTE,CENTRO-OESTE,mais de 60 anos,entre 20 e 29 anos,QRDN,P2P,Pix,"1606062,1",32366
202411,PF,PJ,NORDESTE,CENTRO-OESTE,entre 30 e 39 anos,Nao se aplica,QRES,P2B,Pix,"63327344,32",342214
202411,PF,PJ,NORDESTE,Nao informado,entre 30 e 39 anos,Nao se aplica,Nao disponivel,P2B,Nao disponivel,7,8
202411,PF,PF,NORTE,CENTRO-OESTE,mais de 60 anos,até 19 anos,QRDN,P2P,Pix,"4034,53",141
202411,PF,PF,SUL,Nao informado,até 19 anos,Nao informado,DICT,P2P,Pix,"281,51",5
202411,PF,PF,NORDESTE,Nao informado,entre 50 e 59 anos,até 19 anos,QRES,P2P,Pix,1053,20
202411,PF,PF,NORDESTE,SUDESTE,entre 40 e 49 anos,mais de 60 anos,MANU,P2P,Pix,"19336237,64",58550
202411,PF,PF,SUDESTE,SUDESTE,mais de 60 anos,entre 20 e 29 anos,QRES,P2P,Pix,"24760865,08",206755
202411,PF,PJ,NORTE,NORTE,entre 20 e 29 anos,Nao se aplica,DICT,P2G,Pix,"115628,01",557
202411,PF,PF,SUL,NORDESTE,mais de 60 anos,entre 40 e 49 anos,QRES,P2P,Pix,"306725,12",3928
202411,PF,PJ,SUL,SUL,até 19 anos,Nao se aplica,DICT,P2B,Pix,"215273555,88",1102861
202411,PF,PJ,SUDESTE,CENTRO-OESTE,entre 50 e 59 anos,Nao se aplica,QRES,P2B,Pix,"25552356,63",83572
202411,PF,PF,SUDESTE,NORDESTE,entre 40 e 49 anos,entre 20 e 29 anos,MANU,P2P,Pix,"35619118,47",254276
202411,PF,PJ,CENTRO-OESTE,SUDESTE,até 19 anos,Nao se aplica,INIC,P2B,Pix,"57,25",3
202411,PF,PJ,CENTRO-OESTE,CENTRO-OESTE,entre 30 e 39 anos,Nao se aplica,MANU,P2B,Pix,"355056457,35",829855
202411,PF,PF,SUL,NORTE,até 19 anos,entre 30 e 39 anos,MANU,P2P,Pix,"338129,13",3717
202411,PF,PF,CENTRO-OESTE,Nao informado,entre 20 e 29 anos,entre 50 e 59 anos,DICT,P2P,Pix,"364523,12",1354
202411,PJ,PF,NORTE,SUDESTE,Nao se aplica,Nao informado,QRDN,B2P,Pix,"1635,91",2
202411,PF,PF,SUL,NORDESTE,mais de 60 anos,mais de 60 anos,MANU,P2P,Pix,"1691673,19",1355
202411,PF,PF,CENTRO-OESTE,NORTE,entre 50 e 59 anos,até 19 anos,MANU,P2P,Pix,"341514,62",3477
202411,PJ,PJ,SUL,SUL,Nao se aplica,Nao se aplica,MANU,B2B,Pix Saque,1910,5
202411,PF,PF,CENTRO-OESTE,SUDESTE,entre 20 e 29 anos,entre 50 e 59 anos,QRDN,P2P,Pix,"591376,41",23255
202411,PF,PF,SUDESTE,SUL,entre 30 e 39 anos,entre 40 e 49 anos,QRDN,P2P,Pix,"985713,77",27862
202411,PF,PF,CENTRO-OESTE,NORTE,entre 40 e 49 anos,entre 40 e 49 anos,MANU,P2P,Pix,"12425863,06",29106
202411,PF,PF,SUL,CENTRO-OESTE,entre 20 e 29 anos,mais de 60 anos,MANU,P2P,Pix,"1452273,84",3018
202411,PF,PJ,SUDESTE,NORDESTE,até 19 anos,Nao se aplica,Nao disponivel,P2B,Nao disponivel,"317848,24",601
202411,PF,PF,SUDESTE,NORDESTE,entre 30 e 39 anos,entre 50 e 59 anos,QRES,P2P,Pix,"6040543,74",155620
202411,PF,PF,SUDESTE,NORTE,até 19 anos,entre 30 e 39 anos,MANU,P2P,Pix,"719351,07",5760
202411,PF,PJ,SUDESTE,SUDESTE,mais de 60 anos,Nao se aplica,QRDN,P2G,Pix,"77288292,18",182615
202411,PF,PF,SUL,SUDESTE,até 19 anos,entre 20 e 29 anos,DICT,P2P,Pix,"8877908,49",106646
202411,PF,PF,NORDESTE,Nao informado,mais de 60 anos,entre 30 e 39 anos,Nao disponivel,P2P,Nao disponivel,7640,4
202411,PF,PJ,NORTE,CENTRO-OESTE,até 19 anos,Nao se aplica,QRDN,P2B,Pix,"7586387,2",188805
202411,PJ,PJ,CENTRO-OESTE,CENTRO-OESTE,Nao se aplica,Nao se aplica,QRES,B2B,Pix Saque,"1446,57",11
202411,PF,PF,Nao informado,NORTE,entre 20 e 29 anos,entre 20 e 29 anos,QRDN,P2P,Pix,"31039,43",508
202411,PF,PF,Nao informado,Nao informado,mais de 60 anos,entre 30 e 39 anos,QRDN,P2P,Pix,695,10
202411,PF,PF,Nao informado,CENTRO-OESTE,entre 40 e 49 anos,mais de 60 anos,Nao disponivel,P2P,Nao disponivel,"262,46",4
202411,PF,PF,SUL,NORTE,entre 50 e 59 anos,entre 30 e 39 anos,MANU,P2P,Pix,"1622602,94",9777
202411,PF,PF,SUDESTE,CENTRO-OESTE,mais de 60 anos,mais de 60 anos,MANU,P2P,Pix,"33656850,08",7081
202411,PF,PJ,NORTE,SUL,entre 20 e 29 anos,Nao se aplica,QRDN,P2B,Pix Saque,"3079337,13",12024
202411,PF,PF,Nao informado,SUL,entre 50 e 59 anos,até 19 anos,MANU,P2P,Pix,"27700,58",100
202411,PF,PF,Nao informado,SUL,entre 20 e 29 anos,entre 40 e 49 anos,QRDN,P2P,Pix,"24497,13",781
202411,PF,PF,NORTE,Nao informado,entre 20 e 29 anos,entre 40 e 49 anos,QRES,P2P,Pix,"64451,21",1496
202411,PF,PF,NORTE,SUDESTE,entre 50 e 59 anos,até 19 anos,QRES,P2P,Pix,"195840,93",929
202411,PF,PF,Nao informado,SUDESTE,mais de 60 anos,entre 50 e 59 anos,MANU,P2P,Pix,"1401005,8",941
202411,PF,PJ,Nao informado,Nao informado,entre 50 e 59 anos,Nao se aplica,QRES,P2B,Pix,"20577,84",202
202411,PF,PF,Nao informado,SUDESTE,entre 30 e 39 anos,entre 20 e 29 anos,QRES,P2P,Pix,"117365,16",950
202411,PF,PF,SUL,NORTE,entre 50 e 59 anos,entre 50 e 59 anos,DICT,P2P,Pix,"9165020,03",24072
202411,PJ,PF,NORTE,CENTRO-OESTE,Nao se aplica,entre 20 e 29 anos,DICT,B2P,Pix,"81586827,79",178142
202411,PF,PJ,SUL,NORDESTE,entre 30 e 39 anos,Nao se aplica,QRDN,P2B,Pix Saque,"43510,41",167
202411,PF,PF,CENTRO-OESTE,CENTRO-OESTE,entre 40 e 49 anos,entre 50 e 59 anos,MANU,P2P,Pix,"188198905,15",541682
202411,PF,PJ,SUDESTE,CENTRO-OESTE,até 19 anos,Nao se aplica,QRES,P2G,Pix,"563,9",11
202411,PJ,PF,SUDESTE,NORDESTE,Nao se aplica,Nao informado,DICT,B2P,Pix,153,5
202411,PJ,PF,CENTRO-OESTE,SUL,Nao se aplica,entre 20 e 29 anos,MANU,B2P,Pix,"9203627,26",5527
202411,PF,PF,Nao informado,SUL,mais de 60 anos,entre 20 e 29 anos,MANU,P2P,Pix,"30108,67",87
202411,PF,PJ,Nao informado,NORDESTE,entre 20 e 29 anos,Nao se aplica,MANU,P2B,Pix,"257551,41",802
202411,PJ,PJ,Nao informado,CENTRO-OESTE,Nao se aplica,Nao se aplica,DICT,B2B,Pix,"913995,2",663
202411,PF,PF,NORDESTE,SUDESTE,entre 20 e 29 anos,entre 50 e 59 anos,QRES,P2P,Pix,"7724946,61",263914
202411,PF,PF,NORDESTE,CENTRO-OESTE,entre 20 e 29 anos,mais de 60 anos,Nao disponivel,P2P,Nao disponivel,"63525,04",245
202411,PF,PJ,CENTRO-OESTE,Nao informado,mais de 60 anos,Nao se aplica,DICT,P2B,Pix,"11647,9",11
202411,PJ,PF,NORDESTE,CENTRO-OESTE,Nao se aplica,até 19 anos,DICT,B2P,Pix,"40215939,56",303067
202411,PF,PF,CENTRO-OESTE,NORDESTE,entre 20 e 29 anos,entre 30 e 39 anos,QRDN,P2P,Pix,"1557697,58",54823
202411,PJ,PF,Nao informado,CENTRO-OESTE,Nao se aplica,entre 20 e 29 anos,DICT,B2P,Pix,"202643,47",300
202411,PF,PJ,CENTRO-OESTE,NORDESTE,entre 20 e 29 anos,Nao se aplica,MANU,P2G,Pix,"604,61",2
202411,PF,PF,NORTE,SUDESTE,entre 50 e 59 anos,entre 20 e 29 anos,QRDN,P2P,Pix,"173968,27",3599
202411,PF,PF,SUL,CENTRO-OESTE,entre 30 e 39 anos,mais de 60 anos,DICT,P2P,Pix,"12161688,92",22683
202411,PJ,PF,SUDESTE,CENTRO-OESTE,Nao se aplica,entre 40 e 49 anos,DICT,G2P,Pix,"196373,19",72
202411,PF,PF,NORTE,SUL,entre 50 e 59 anos,entre 50 e 59 anos,QRES,P2P,Pix,"189082,89",2947
202411,PJ,PF,CENTRO-OESTE,NORTE,Nao se aplica,entre 40 e 49 anos,QRDN,B2P,Pix,"186425,19",2458
202411,PF,PF,NORDESTE,NORDESTE,Nao informado,Nao informado,DICT,P2P,Pix,"5885,04",19
202411,PF,PJ,CENTRO-OESTE,CENTRO-OESTE,entre 40 e 49 anos,Nao se aplica,QRDN,P2B,Pix Troco,"71722,41",195
202411,PF,PF,Nao informado,Nao informado,até 19 anos,mais de 60 anos,DICT,P2P,Pix,"18556,7",184
202411,PF,PF,NORDESTE,NORDESTE,mais de 60 anos,até 19 anos,MANU,P2P,Pix,"18042763,94",223323
202411,PF,PF,NORDESTE,Nao informado,entre 50 e 59 anos,entre 50 e 59 anos,MANU,P2P,Pix,"162952,19",400
202411,PF,PF,CENTRO-OESTE,NORTE,entre 40 e 49 anos,entre 30 e 39 anos,QRDN,P2P,Pix,"752841,61",19912
202411,PF,PF,SUL,Nao informado,entre 40 e 49 anos,entre 20 e 29 anos,DICT,P2P,Pix,"1658875,77",4917
202411,PF,PF,Nao informado,CENTRO-OESTE,até 19 anos,entre 30 e 39 anos,Nao disponivel,P2P,Nao disponivel,710,2
202411,PF,PF,Nao informado,SUDESTE,entre 50 e 59 anos,entre 20 e 29 anos,QRDN,P2P,Pix,"6541,98",131
202411,PF,PF,SUDESTE,NORDESTE,entre 50 e 59 anos,entre 50 e 59 anos,QRDN,P2P,Pix,"1134542,69",30602
202411,PF,PF,CENTRO-OESTE,SUDESTE,entre 20 e 29 anos,entre 20 e 29 anos,Nao disponivel,P2P,Nao disponivel,"547474,61",3306
202411,PF,PF,SUDESTE,Nao informado,até 19 anos,entre 20 e 29 anos,DICT,P2P,Pix,"131585,54",976
202411,PJ,PF,NORTE,NORDESTE,Nao se aplica,até 19 anos,QRES,B2P,Pix,"182295,94",491
202411,PF,PJ,CENTRO-OESTE,NORDESTE,mais de 60 anos,Nao se aplica,MANU,P2B,Pix,"7723012,35",5135
202411,PF,PF,Nao informado,SUL,entre 40 e 49 anos,mais de 60 anos,QRES,P2P,Pix,"22132,28",265
202411,PJ,PF,Nao informado,SUDESTE,Nao se aplica,entre 30 e 39 anos,MANU,B2P,Pix,"8038413,98",373
202411,PF,PF,NORTE,Nao informado,mais de 60 anos,entre 20 e 29 anos,DICT,P2P,Pix,"314108,09",1985
202411,PF,PJ,SUDESTE,NORTE,entre 30 e 39 anos,Nao se aplica,QRES,P2B,Pix,"5458611,04",41330
202411,PF,PJ,SUL,SUDESTE,até 19 anos,Nao se aplica,QRDN,P2B,Pix,"270931683,59",5750656
202411,PJ,PJ,SUDESTE,SUDESTE,Nao se aplica,Nao se aplica,DICT,B2B,Pix,"148937434475,01",20243276
202411,PF,PJ,SUDESTE,NORDESTE,entre 30 e 39 anos,Nao se aplica,MANU,P2B,Pix Saque,1000,1
202411,PF,PF,NORDESTE,Nao informado,até 19 anos,entre 40 e 49 anos,Nao disponivel,P2P,Nao disponivel,"657,55",9
202411,PF,PF,SUL,Nao informado,até 19 anos,entre 50 e 59 anos,QRDN,P2P,Pix,"511,68",10
202411,PF,PJ,SUL,NORTE,entre 20 e 29 anos,Nao se aplica,DICT,P2B,Pix,"12559877,31",16717
202411,PF,PF,CENTRO-OESTE,Nao informado,entre 50 e 59 anos,entre 20 e 29 anos,MANU,P2P,Pix,"122730,58",796
202411,PJ,PF,CENTRO-OESTE,SUDESTE,Nao se aplica,entre 50 e 59 anos,QRDN,B2P,Pix,"189235,53",2611
202411,PF,PF,SUL,NORTE,entre 40 e 49 anos,mais de 60 anos,Nao disponivel,P2P,Nao disponivel,"7011,63",35
202411,PF,PF,SUL,SUL,entre 20 e 29 anos,entre 30 e 39 anos,Nao disponivel,P2P,Nao disponivel,"4547571,68",26274
202411,PF,PF,NORDESTE,NORTE,entre 20 e 29 anos,entre 40 e 49 anos,Nao disponivel,P2P,Nao disponivel,"149342,27",807
202411,PF,PF,CENTRO-OESTE,SUDESTE,entre 40 e 49 anos,mais de 60 anos,Nao disponivel,P2P,Nao disponivel,"222385,12",295
202411,PJ,PF,CENTRO-OESTE,NORDESTE,Nao se aplica,mais de 60 anos,MANU,G2P,Pix,"16278971,66",3270
202411,PF,PF,SUL,CENTRO-OESTE,entre 40 e 49 anos,entre 50 e 59 anos,DICT,P2P,Pix,"19869551,28",40243
202411,PF,PF,Nao informado,CENTRO-OESTE,entre 20 e 29 anos,entre 20 e 29 anos,Nao disponivel,P2P,Nao disponivel,"3386,93",21
202411,PF,PF,SUDESTE,NORDESTE,entre 50 e 59 anos,entre 50 e 59 anos,QRES,P2P,Pix,"3085041,92",56063
202411,PF,PF,NORDESTE,NORTE,entre 50 e 59 anos,entre 20 e 29 anos,MANU,P2P,Pix,"2560945,12",24491
202411,PJ,PF,SUL,SUDESTE,Nao se aplica,entre 50 e 59 anos,MANU,G2P,Pix,"16904,55",3
202411,PF,PF,NORDESTE,SUL,entre 50 e 59 anos,entre 40 e 49 anos,QRES,P2P,Pix,"273021,63",5442
202411,PF,PJ,NORDESTE,NORTE,entre 40 e 49 anos,Nao se aplica,QRDN,P2G,Pix,"1007432,33",1750
202411,PJ,PF,NORTE,SUL,Nao se aplica,mais de 60 anos,QRDN,B2P,Pix,"11048,2",183
202411,PF,PF,CENTRO-OESTE,Nao informado,entre 40 e 49 anos,mais de 60 anos,DICT,P2P,Pix,"722614,83",527
202411,PF,PF,SUDESTE,NORTE,até 19 anos,entre 50 e 59 anos,Nao disponivel,P2P,Nao disponivel,"21408,6",167
202411,PJ,PJ,NORDESTE,NORDESTE,Nao se aplica,Nao se aplica,Nao disponivel,B2B,Nao disponivel,"50509859,58",27520
202411,PF,PF,SUL,NORDESTE,entre 20 e 29 anos,entre 40 e 49 anos,DICT,P2P,Pix,"18667000,39",98611
202411,PF,PF,NORDESTE,Nao informado,entre 30 e 39 anos,mais de 60 anos,DICT,P2P,Pix,"599349,44",1270
202411,PF,PJ,SUDESTE,SUDESTE,até 19 anos,Nao se aplica,QRDN,P2B,Pix,"1185025593,55",30822665
202411,PF,PF,CENTRO-OESTE,CENTRO-OESTE,entre 20 e 29 anos,até 19 anos,MANU,P2P,Pix,"31754035,43",371396
202411,PJ,PF,Nao informado,NORTE,Nao se aplica,até 19 anos,Nao disponivel,B2P,Nao disponivel,"94,19",5
202411,PF,PF,NORDESTE,SUL,entre 20 e 29 anos,entre 40 e 49 anos,Nao disponivel,P2P,Nao disponivel,"131402,97",739
202411,PF,PJ,SUL,CENTRO-OESTE,até 19 anos,Nao se aplica,QRDN,P2G,Pix,"1921711,98",20143
202411,PF,PF,NORTE,SUL,entre 20 e 29 anos,entre 20 e 29 anos,QRES,P2P,Pix,"1130028,94",26941
202411,PF,PF,SUL,CENTRO-OESTE,até 19 anos,entre 30 e 39 anos,QRDN,P2P,Pix,"136574,05",2432
202411,PF,PF,CENTRO-OESTE,CENTRO-OESTE,entre 20 e 29 anos,mais de 60 anos,DICT,P2P,Pix,"283952494,11",1014452
202411,PF,PF,Nao informado,CENTRO-OESTE,entre 30 e 39 anos,entre 40 e 49 anos,MANU,P2P,Pix,"480748,33",804
202411,PF,PF,SUL,NORTE,mais de 60 anos,até 19 anos,DICT,P2P,Pix,"1205467,53",4855
202411,PF,PF,Nao informado,SUL,entre 30 e 39 anos,até 19 anos,Nao disponivel,P2P,Nao disponivel,"38,88",3
202411,PF,PF,NORTE,SUL,entre 30 e 39 anos,entre 50 e 59 anos,QRES,P2P,Pix,"562786,96",16576
202411,PF,PF,NORTE,NORDESTE,entre 50 e 59 anos,entre 20 e 29 anos,DICT,P2P,Pix,"25915207,32",118398
202411,PF,PF,NORDESTE,NORTE,entre 20 e 29 anos,entre 40 e 49 anos,MANU,P2P,Pix,"7372490,63",54078
202411,PJ,PJ,NORDESTE,NORDESTE,Nao se aplica,Nao se aplica,QRES,B2B,Pix Saque,"3431,99",25
202411,PF,PF,SUDESTE,SUL,até 19 anos,até 19 anos,QRDN,P2P,Pix,"14325,25",747
202411,PF,PF,NORDESTE,NORTE,até 19 anos,mais de 60 anos,MANU,P2P,Pix,"135210,03",2433
202411,PF,PF,SUDESTE,SUDESTE,mais de 60 anos,Nao informado,QRDN,P2P,Pix,"10593,92",70
202411,PF,PJ,SUDESTE,CENTRO-OESTE,mais de 60 anos,Nao se aplica,INIC,P2B,Pix,"10050,27",18
202411,PF,PF,SUL,NORDESTE,entre 40 e 49 anos,entre 50 e 59 anos,DICT,P2P,Pix,"15309652,55",51778
202411,PF,PF,Nao informado,NORTE,mais de 60 anos,mais de 60 anos,QRES,P2P,Pix,"2365,3",26
202411,PF,PF,SUDESTE,NORDESTE,Nao informado,entre 20 e 29 anos,DICT,P2P,Pix,3025,4
202411,PF,PF,Nao informado,CENTRO-OESTE,entre 50 e 59 anos,entre 50 e 59 anos,DICT,P2P,Pix,"1202777,93",1608
202411,PF,PF,SUDESTE,NORDESTE,entre 40 e 49 anos,entre 40 e 49 anos,DICT,P2P,Pix,"360553351,53",1324465
202411,PJ,PF,NORTE,Nao informado,Nao se aplica,mais de 60 anos,DICT,B2P,Pix,"361887,71",249
202411,PF,PF,CENTRO-OESTE,SUDESTE,entre 50 e 59 anos,até 19 anos,MANU,P2P,Pix,"469467,16",4257
202411,PF,PJ,NORTE,NORTE,entre 50 e 59 anos,Nao se aplica,QRDN,P2B,Pix Saque,"1396828,12",7304
202411,PF,PF,SUDESTE,NORDESTE,Nao informado,até 19 anos,DICT,P2P,Pix,12,3
202411,PF,PF,SUL,SUL,entre 20 e 29 anos,entre 20 e 29 anos,Nao disponivel,P2P,Nao disponivel,"16170057,54",71595
202411,PJ,PF,SUL,SUL,Nao se aplica,entre 30 e 39 anos,QRES,G2P,Pix,"713,69",4
202411,PJ,PJ,SUDESTE,SUL,Nao se aplica,Nao se aplica,MANU,B2B,Pix,"13339259057,35",1518980
202411,PF,PJ,NORDESTE,SUDESTE,entre 40 e 49 anos,Nao se aplica,QRDN,P2G,Pix,"1187944,28",3087
202411,PF,PF,Nao informado,SUDESTE,Nao informado,entre 30 e 39 anos,QRES,P2P,Pix,"108,15",5
202411,PJ,PJ,SUL,SUL,Nao se aplica,Nao se aplica,QRES,B2B,Pix,"1056705615,03",1880344
202411,PF,PJ,SUL,SUL,entre 30 e 39 anos,Nao se aplica,Nao disponivel,P2B,Nao disponivel,"17996806,52",10010
202411,PF,PF,SUDESTE,NORTE,até 19 anos,entre 50 e 59 anos,QRDN,P2P,Pix,"40076,38",2533
202411,PF,PF,Nao informado,NORTE,entre 40 e 49 anos,entre 40 e 49 anos,MANU,P2P,Pix,"1003080,33",2216
202411,PF,PF,Nao informado,NORDESTE,mais de 60 anos,até 19 anos,QRDN,P2P,Pix,"321,97",9
202411,PJ,PF,SUL,CENTRO-OESTE,Nao se aplica,até 19 anos,DICT,G2P,Pix,"6857,22",50
202411,PF,PJ,NORTE,Nao informado,entre 30 e 39 anos,Nao se aplica,Nao disponivel,P2B,Nao disponivel,"48,76",1
202411,PF,PF,SUL,Nao informado,entre 40 e 49 anos,entre 40 e 49 anos,Nao disponivel,P2P,Nao disponivel,"1344,8",16
202411,PF,PF,CENTRO-OESTE,NORTE,entre 40 e 49 anos,entre 30 e 39 anos,QRES,P2P,Pix,"1254941,18",20741
202411,PF,PF,SUL,NORTE,mais de 60 anos,entre 50 e 59 anos,QRDN,P2P,Pix,"22203,39",409
202411,PF,PF,SUL,CENTRO-OESTE,entre 20 e 29 anos,entre 30 e 39 anos,MANU,P2P,Pix,"3026185,6",16691
202411,PJ,PF,NORDESTE,SUDESTE,Nao se aplica,entre 50 e 59 anos,MANU,B2P,Pix,"63369839,81",85054
202411,PJ,PF,Nao informado,NORDESTE,Nao se aplica,entre 40 e 49 anos,Nao disponivel,B2P,Nao disponivel,"236,59",6
202411,PF,PF,Nao informado,Nao informado,Nao informado,Nao informado,MANU,P2P,Pix,4,1
202411,PF,PJ,NORDESTE,NORDESTE,mais de 60 anos,Nao se aplica,DICT,P2G,Pix,"266691,62",417
202411,PF,PF,SUDESTE,Nao informado,entre 30 e 39 anos,entre 40 e 49 anos,DICT,P2P,Pix,"6425806,55",11119
202411,PF,PJ,SUL,SUL,entre 20 e 29 anos,Nao se aplica,INIC,P2B,Pix,"40828,67",184
202411,PF,PF,SUL,Nao informado,entre 20 e 29 anos,entre 30 e 39 anos,Nao disponivel,P2P,Nao disponivel,"2226,8",22
202411,PF,PF,SUL,Nao informado,mais de 60 anos,mais de 60 anos,Nao disponivel,P2P,Nao disponivel,"1482,92",2
202411,PJ,PF,CENTRO-OESTE,NORTE,Nao se aplica,entre 30 e 39 anos,DICT,B2P,Pix,"204539627,15",208754
202411,PJ,PJ,NORTE,CENTRO-OESTE,Nao se aplica,Nao se aplica,MANU,G2B,Pix,"2587954,6",87
202411,PF,PJ,Nao informado,SUDESTE,entre 40 e 49 anos,Nao se aplica,MANU,P2B,Pix,"5513791,29",2101
202411,PF,PF,Nao informado,NORDESTE,entre 30 e 39 anos,até 19 anos,Nao disponivel,P2P,Nao disponivel,"355,43",7
202411,PF,PJ,NORTE,SUDESTE,entre 50 e 59 anos,Nao se aplica,QRDN,P2B,Pix,"383232870,22",6594913
202411,PF,PF,NORDESTE,Nao informado,entre 40 e 49 anos,entre 50 e 59 anos,Nao disponivel,P2P,Nao disponivel,1866,9
202411,PF,PJ,CENTRO-OESTE,NORTE,entre 50 e 59 anos,Nao se aplica,QRES,P2B,Pix Saque,500,2
202411,PJ,PF,NORDESTE,NORTE,Nao se aplica,entre 50 e 59 anos,MANU,G2P,Pix,"12284,7",11
202411,PF,PF,SUDESTE,SUL,até 19 anos,entre 20 e 29 anos,QRDN,P2P,Pix,"142698,97",7328
202411,PJ,PF,Nao informado,SUDESTE,Nao se aplica,entre 20 e 29 anos,DICT,B2P,Pix,"659669,14",1011
202411,PF,PF,SUDESTE,SUL,mais de 60 anos,mais de 60 anos,QRES,P2P,Pix,"269269,95",2345
202411,PF,PF,NORDESTE,NORTE,entre 30 e 39 anos,entre 20 e 29 anos,QRES,P2P,Pix,"1697407,84",38208
202411,PF,PF,SUDESTE,Nao informado,mais de 60 anos,Nao informado,DICT,P2P,Pix,3881,13
202411,PF,PF,NORTE,CENTRO-OESTE,mais de 60 anos,entre 30 e 39 anos,MANU,P2P,Pix,"1954605,84",5668
202411,PF,PF,CENTRO-OESTE,Nao informado,entre 50 e 59 anos,entre 30 e 39 anos,Nao disponivel,P2P,Nao disponivel,475,3
202411,PF,PF,SUL,CENTRO-OESTE,até 19 anos,entre 20 e 29 anos,Nao disponivel,P2P,Nao disponivel,"14373,11",245
202411,PF,PF,CENTRO-OESTE,Nao informado,mais de 60 anos,entre 40 e 49 anos,MANU,P2P,Pix,"150897,67",252
202411,PF,PF,Nao informado,CENTRO-OESTE,entre 50 e 59 anos,entre 20 e 29 anos,QRES,P2P,Pix,"17601,2",100
202411,PF,PF,SUDESTE,SUL,mais de 60 anos,até 19 anos,QRES,P2P,Pix,"50153,36",614
202411,PF,PF,Nao informado,SUL,entre 50 e 59 anos,entre 20 e 29 anos,MANU,P2P,Pix,"165329,55",422
202411,PF,PF,NORDESTE,SUDESTE,entre 40 e 49 anos,entre 40 e 49 anos,Nao disponivel,P2P,Nao disponivel,"658856,22",2435
202411,PF,PJ,SUDESTE,NORTE,entre 30 e 39 anos,Nao se aplica,DICT,P2G,Pix,"8149,52",26
202411,PJ,PJ,NORDESTE,NORDESTE,Nao se aplica,Nao se aplica,DICT,B2B,Pix,"37324898169,67",6477549
202411,PF,PJ,SUL,SUL,entre 30 e 39 anos,Nao se aplica,DICT,P2B,Pix,"4358789198,46",7727825
202411,PJ,PJ,CENTRO-OESTE,CENTRO-OESTE,Nao se aplica,Nao se aplica,Nao disponivel,B2G,Nao disponivel,"110946,54",11
202411,PF,PF,SUL,NORTE,entre 20 e 29 anos,mais de 60 anos,MANU,P2P,Pix,"598530,62",2359
202411,PF,PF,SUL,NORTE,entre 40 e 49 anos,entre 50 e 59 anos,DICT,P2P,Pix,"11804188,61",33258
202411,PF,PF,NORDESTE,Nao informado,entre 50 e 59 anos,entre 50 e 59 anos,Nao disponivel,P2P,Nao disponivel,825,5
202411,PJ,PF,Nao informado,Nao informado,Nao se aplica,até 19 anos,Nao disponivel,B2P,Nao disponivel,"5,25",1
202411,PF,PJ,CENTRO-OESTE,SUDESTE,entre 40 e 49 anos,Nao se aplica,MANU,P2G,Pix,"5314,44",25
202411,PF,PF,CENTRO-OESTE,SUL,entre 30 e 39 anos,entre 40 e 49 anos,QRDN,P2P,Pix,"360356,89",9153
202411,PJ,PF,NORTE,NORTE,Nao se aplica,até 19 anos,DICT,G2P,Pix,"1568903,16",4795
202411,PF,PJ,SUDESTE,SUDESTE,Nao informado,Nao se aplica,QRDN,P2B,Pix,1413,31
202411,PF,PF,Nao informado,NORDESTE,entre 40 e 49 anos,entre 50 e 59 anos,QRDN,P2P,Pix,"32146,79",556
202411,PF,PF,NORTE,SUDESTE,até 19 anos,entre 30 e 39 anos,DICT,P2P,Pix,"3585699,98",42195
202411,PF,PF,CENTRO-OESTE,NORTE,entre 40 e 49 anos,até 19 anos,DICT,P2P,Pix,"6882892,65",41263
202411,PF,PF,NORDESTE,NORDESTE,entre 50 e 59 anos,entre 40 e 49 anos,QRES,P2P,Pix,"74315723,81",1436526
202411,PF,PJ,SUDESTE,NORTE,entre 30 e 39 anos,Nao se aplica,QRDN,P2G,Pix,"1040984,79",1468
202411,PF,PF,SUDESTE,NORTE,entre 50 e 59 anos,entre 50 e 59 anos,QRES,P2P,Pix,"300505,06",6858
202411,PF,PF,Nao informado,SUL,mais de 60 anos,entre 20 e 29 anos,DICT,P2P,Pix,"890242,04",881
202411,PF,PJ,SUL,CENTRO-OESTE,entre 40 e 49 anos,Nao se aplica,Nao disponivel,P2B,Nao disponivel,"228566,38",297
202411,PF,PJ,CENTRO-OESTE,SUL,mais de 60 anos,Nao se aplica,QRES,P2G,Pix,"1560,75",13
202411,PF,PF,NORDESTE,NORDESTE,entre 50 e 59 anos,entre 40 e 49 anos,QRDN,P2P,Pix,"31753153,64",884109
202411,PF,PF,SUL,Nao informado,entre 20 e 29 anos,entre 30 e 39 anos,QRES,P2P,Pix,"61956,71",2281
202411,PF,PF,Nao informado,Nao informado,entre 40 e 49 anos,entre 50 e 59 anos,QRDN,P2P,Pix,24,1
202411,PF,PF,SUDESTE,NORDESTE,Nao informado,entre 30 e 39 anos,Nao disponivel,P2P,Nao disponivel,"1380,05",3
202411,PF,PJ,SUDESTE,SUDESTE,até 19 anos,Nao se aplica,Nao disponivel,P2G,Nao disponivel,"840,58",4
202411,PF,PF,SUDESTE,NORTE,entre 30 e 39 anos,entre 20 e 29 anos,QRDN,P2P,Pix,"403918,74",12495
202411,PF,PJ,Nao informado,CENTRO-OESTE,entre 20 e 29 anos,Nao se aplica,QRDN,P2B,Pix,"439086,8",7721
202411,PF,PF,Nao informado,SUDESTE,entre 20 e 29 anos,entre 20 e 29 anos,Nao disponivel,P2P,Nao disponivel,"14850,12",58
202411,PF,PF,CENTRO-OESTE,NORTE,entre 50 e 59 anos,entre 40 e 49 anos,QRES,P2P,Pix,"506873,22",9127
202411,PF,PF,NORTE,NORTE,entre 40 e 49 anos,entre 40 e 49 anos,DICT,P2P,Pix,"5126848760,48",14396908
202411,PF,PF,CENTRO-OESTE,SUL,entre 30 e 39 anos,até 19 anos,DICT,P2P,Pix,"3752401,29",19550
202411,PF,PF,SUL,Nao informado,até 19 anos,até 19 anos,Nao disponivel,P2P,Nao disponivel,"27,9",4
202411,PF,PJ,NORDESTE,SUDESTE,até 19 anos,Nao se aplica,DICT,P2G,Pix,"611,99",9
202411,PF,PF,NORDESTE,SUL,entre 20 e 29 anos,mais de 60 anos,Nao disponivel,P2P,Nao disponivel,"153766,63",266
202411,PF,PF,SUDESTE,SUDESTE,entre 50 e 59 anos,Nao informado,QRES,P2P,Pix,"2478214,42",2102
202411,PF,PF,SUL,CENTRO-OESTE,até 19 anos,até 19 anos,QRDN,P2P,Pix,"4455,23",325
202411,PF,PF,NORTE,SUL,até 19 anos,entre 20 e 29 anos,DICT,P2P,Pix,"2697387,98",40387
202411,PF,PF,CENTRO-OESTE,SUDESTE,entre 30 e 39 anos,entre 50 e 59 anos,DICT,P2P,Pix,"62233410,28",156788
202411,PF,PJ,CENTRO-OESTE,SUDESTE,entre 30 e 39 anos,Nao se aplica,MANU,P2B,Pix,"58695019,63",52402
202411,PF,PF,Nao informado,NORDESTE,entre 20 e 29 anos,até 19 anos,Nao disponivel,P2P,Nao disponivel,"96,86",8
202411,PF,PF,Nao informado,CENTRO-OESTE,entre 30 e 39 anos,mais de 60 anos,DICT,P2P,Pix,"1438652,48",1100
202411,PF,PF,SUDESTE,CENTRO-OESTE,entre 20 e 29 anos,entre 40 e 49 anos,QRDN,P2P,Pix,"958247,45",33171
202411,PF,PF,NORTE,SUL,entre 30 e 39 anos,entre 40 e 49 anos,QRES,P2P,Pix,"933360,13",25146
202411,PF,PF,Nao informado,NORDESTE,Nao informado,entre 50 e 59 anos,DICT,P2P,Pix,"2755,75",15
202411,PF,PF,CENTRO-OESTE,SUL,até 19 anos,entre 30 e 39 anos,MANU,P2P,Pix,"277769,9",2709
202411,PF,PF,SUL,NORDESTE,até 19 anos,entre 40 e 49 anos,QRDN,P2P,Pix,"61474,23",2973
202411,PF,PF,SUDESTE,Nao informado,entre 20 e 29 anos,entre 20 e 29 anos,QRES,P2P,Pix,"75059,39",1047
202411,PF,PF,CENTRO-OESTE,CENTRO-OESTE,até 19 anos,até 19 anos,QRDN,P2P,Pix,"1233291,28",17735
202411,PF,PF,SUDESTE,SUL,entre 40 e 49 anos,entre 40 e 49 anos,QRDN,P2P,Pix,"871441,73",19208
202411,PF,PF,SUDESTE,Nao informado,entre 30 e 39 anos,Nao informado,DICT,P2P,Pix,"58223,13",69
202411,PF,PF,Nao informado,SUL,entre 40 e 49 anos,entre 30 e 39 anos,Nao disponivel,P2P,Nao disponivel,"1010,01",9
202411,PF,PJ,Nao informado,NORDESTE,mais de 60 anos,Nao se aplica,QRDN,P2B,Pix,"428643,74",3963
202411,PF,PF,SUDESTE,SUL,entre 50 e 59 anos,entre 20 e 29 anos,Nao disponivel,P2P,Nao disponivel,"37065,47",448
202411,PF,PJ,NORDESTE,NORDESTE,até 19 anos,Nao se aplica,INIC,P2B,Pix,22,1
202411,PF,PJ,CENTRO-OESTE,NORTE,entre 30 e 39 anos,Nao se aplica,Nao disponivel,P2B,Nao disponivel,"419748,05",145
202411,PF,PF,NORTE,NORTE,Nao informado,entre 20 e 29 anos,DICT,P2P,Pix,"333,6",14
202411,PF,PJ,SUL,SUL,entre 50 e 59 anos,Nao se aplica,Nao disponivel,P2G,Nao disponivel,"170,46",5
202411,PF,PF,Nao informado,SUL,mais de 60 anos,entre 40 e 49 anos,QRES,P2P,Pix,"11087,99",92
202411,PJ,PF,NORDESTE,NORDESTE,Nao se aplica,entre 40 e 49 anos,MANU,G2P,Pix,"17504118,27",3334
202411,PJ,PF,SUDESTE,CENTRO-OESTE,Nao se aplica,entre 20 e 29 anos,MANU,B2P,Pix,"369835541,37",879561
202411,PJ,PJ,CENTRO-OESTE,SUL,Nao se aplica,Nao se aplica,QRES,B2G,Pix,"1523,56",10
202411,PF,PJ,SUL,NORDESTE,entre 30 e 39 anos,Nao se aplica,QRDN,P2B,Pix,"442763897,4",9406246
202411,PF,PF,Nao informado,SUL,até 19 anos,mais de 60 anos,QRES,P2P,Pix,"1111,4",49
202411,PF,PJ,NORTE,NORTE,até 19 anos,Nao se aplica,QRDN,P2G,Pix,"1345291,8",8385
202411,PF,PF,SUDESTE,NORDESTE,mais de 60 anos,entre 50 e 59 anos,QRDN,P2P,Pix,"419986,32",9949
202411,PF,PF,NORTE,NORTE,mais de 60 anos,entre 50 e 59 anos,MANU,P2P,Pix,"49614333,6",222256
202411,PF,PF,Nao informado,SUDESTE,mais de 60 anos,entre 20 e 29 anos,QRDN,P2P,Pix,"2682,36",58
202411,PF,PF,CENTRO-OESTE,SUDESTE,entre 30 e 39 anos,entre 50 e 59 anos,Nao disponivel,P2P,Nao disponivel,"234567,32",545
202411,PF,PF,NORTE,SUDESTE,entre 40 e 49 anos,entre 30 e 39 anos,DICT,P2P,Pix,"50381248,53",194864
202411,PF,PF,NORDESTE,SUL,entre 30 e 39 anos,entre 50 e 59 anos,QRDN,P2P,Pix,"377320,24",11831
202411,PF,PF,NORTE,Nao informado,entre 20 e 29 anos,até 19 anos,QRDN,P2P,Pix,"192,5",4
202411,PF,PF,Nao informado,SUL,mais de 60 anos,entre 20 e 29 anos,Nao disponivel,P2P,Nao disponivel,715,4
202411,PF,PF,Nao informado,NORDESTE,entre 40 e 49 anos,entre 40 e 49 anos,MANU,P2P,Pix,"877719,24",1811
202411,PF,PF,Nao informado,SUDESTE,mais de 60 anos,entre 30 e 39 anos,QRES,P2P,Pix,"53386,23",208
202411,PJ,PJ,NORTE,NORTE,Nao se aplica,Nao se aplica,Nao disponivel,B2G,Nao disponivel,"26416,37",7
202411,PF,PF,NORDESTE,Nao informado,entre 30 e 39 anos,entre 30 e 39 anos,QRDN,P2P,Pix,"12273,76",410
202411,PJ,PF,SUL,NORDESTE,Nao se aplica,entre 20 e 29 anos,MANU,G2P,Pix,"20912,28",21
202411,PF,PF,NORDESTE,SUL,entre 20 e 29 anos,entre 20 e 29 anos,QRES,P2P,Pix,"1474555,67",36746
202411,PF,PF,CENTRO-OESTE,SUDESTE,entre 50 e 59 anos,até 19 anos,DICT,P2P,Pix,"4473866,8",24678
202411,PF,PF,NORTE,CENTRO-OESTE,mais de 60 anos,até 19 anos,DICT,P2P,Pix,"1455280,36",7425
202411,PF,PF,SUL,NORDESTE,entre 20 e 29 anos,até 19 anos,QRDN,P2P,Pix,"45947,21",1155
202411,PF,PF,CENTRO-OESTE,CENTRO-OESTE,até 19 anos,mais de 60 anos,DICT,P2P,Pix,"32644233,09",254874
202411,PF,PJ,SUDESTE,SUDESTE,até 19 anos,Nao se aplica,QRES,P2B,Pix Saque,"17602,43",194
202411,PF,PF,NORTE,Nao informado,mais de 60 anos,entre 50 e 59 anos,MANU,P2P,Pix,"34529,17",118
202411,PJ,PF,SUDESTE,SUL,Nao se aplica,mais de 60 anos,MANU,G2P,Pix,"129511,92",40
202411,PF,PF,SUDESTE,CENTRO-OESTE,mais de 60 anos,entre 30 e 39 anos,QRDN,P2P,Pix,"204243,36",3562
202411,PF,PF,SUDESTE,SUL,entre 50 e 59 anos,entre 50 e 59 anos,MANU,P2P,Pix,"11181907,09",19301
202411,PJ,PF,SUDESTE,Nao informado,Nao se aplica,entre 30 e 39 anos,Nao disponivel,B2P,Nao disponivel,"696498,27",3038
202411,PF,PF,SUDESTE,NORDESTE,entre 30 e 39 anos,mais de 60 anos,DICT,P2P,Pix,"73499767,06",244140
202411,PF,PF,NORTE,Nao informado,entre 40 e 49 anos,até 19 anos,MANU,P2P,Pix,"63610,69",253
202411,PF,PJ,Nao informado,SUDESTE,entre 20 e 29 anos,Nao se aplica,QRDN,P2B,Pix Saque,"6841,72",22
202411,PJ,PF,NORTE,NORTE,Nao se aplica,entre 30 e 39 anos,DICT,G2P,Pix,"5139551,19",4622
202411,PF,PF,Nao informado,CENTRO-OESTE,entre 40 e 49 anos,entre 40 e 49 anos,Nao disponivel,P2P,Nao disponivel,"3929,15",9
202411,PF,PF,CENTRO-OESTE,NORTE,entre 40 e 49 anos,entre 50 e 59 anos,QRDN,P2P,Pix,"343741,45",10139
202411,PJ,PJ,NORTE,NORTE,Nao se aplica,Nao se aplica,DICT,B2B,Pix,"14071520090,47",2691501
202411,PF,PF,SUDESTE,SUL,entre 30 e 39 anos,entre 20 e 29 anos,MANU,P2P,Pix,"11312954,1",68824
202411,PF,PF,NORDESTE,CENTRO-OESTE,entre 50 e 59 anos,entre 30 e 39 anos,DICT,P2P,Pix,"33758790,89",120494
202411,PF,PF,SUL,Nao informado,mais de 60 anos,entre 20 e 29 anos,MANU,P2P,Pix,"55599,83",233
202411,PF,PJ,CENTRO-OESTE,SUDESTE,mais de 60 anos,Nao se aplica,QRDN,P2B,Pix,"276069036,52",2375805
202411,PF,PJ,SUL,CENTRO-OESTE,até 19 anos,Nao se aplica,QRES,P2G,Pix,"2669,16",29
202411,PF,PF,SUDESTE,SUDESTE,entre 50 e 59 anos,mais de 60 anos,QRES,P2P,Pix,"41282268,63",555480
202411,PF,PF,NORDESTE,SUDESTE,entre 50 e 59 anos,entre 30 e 39 anos,QRES,P2P,Pix,"3340452,5",46389
202411,PF,PF,NORTE,Nao informado,entre 50 e 59 anos,até 19 anos,QRES,P2P,Pix,1555,20
202411,PF,PF,NORDESTE,SUDESTE,até 19 anos,até 19 anos,Nao disponivel,P2P,Nao disponivel,"158015,39",9981
202411,PF,PF,NORDESTE,SUDESTE,entre 30 e 39 anos,Nao informado,DICT,P2P,Pix,3048,3
202411,PJ,PF,SUDESTE,SUDESTE,Nao se aplica,entre 50 e 59 anos,Nao disponivel,G2P,Nao disponivel,"177025,11",717
202411,PJ,PF,SUL,CENTRO-OESTE,Nao se aplica,mais de 60 anos,Nao disponivel,B2P,Nao disponivel,"2602030,26",1936
202411,PF,PJ,NORDESTE,SUDESTE,até 19 anos,Nao se aplica,MANU,P2G,Pix,469,2
202411,PF,PJ,NORTE,SUDESTE,mais de 60 anos,Nao se aplica,INIC,P2B,Pix,"367,25",37
202411,PF,PF,NORDESTE,NORTE,até 19 anos,entre 40 e 49 anos,MANU,P2P,Pix,"801683,94",10409
202411,PF,PF,Nao informado,CENTRO-OESTE,até 19 anos,entre 30 e 39 anos,MANU,P2P,Pix,"6035,77",96
202411,PF,PF,NORDESTE,Nao informado,entre 40 e 49 anos,até 19 anos,Nao disponivel,P2P,Nao disponivel,5,1
202411,PF,PF,Nao informado,Nao informado,mais de 60 anos,entre 50 e 59 anos,QRES,P2P,Pix,"4443,05",24
202411,PF,PF,NORTE,SUL,até 19 anos,entre 30 e 39 anos,QRES,P2P,Pix,"210088,12",7408
202411,PF,PF,Nao informado,Nao informado,entre 40 e 49 anos,entre 40 e 49 anos,QRDN,P2P,Pix,"10280,45",101
202411,PF,PJ,CENTRO-OESTE,SUL,mais de 60 anos,Nao se aplica,QRDN,P2B,Pix,"48758032,13",304070
202411,PF,PF,NORDESTE,NORDESTE,entre 40 e 49 anos,entre 50 e 59 anos,Nao disponivel,P2P,Nao disponivel,"3159550,62",14550
202411,PF,PF,NORTE,CENTRO-OESTE,entre 40 e 49 anos,entre 20 e 29 anos,QRES,P2P,Pix,"897143,09",12958
202411,PF,PF,SUL,SUDESTE,entre 40 e 49 anos,mais de 60 anos,DICT,P2P,Pix,"53985629,98",90432
202411,PF,PF,NORTE,NORTE,entre 50 e 59 anos,entre 50 e 59 anos,QRDN,P2P,Pix,"10041317,67",256967
202411,PF,PF,Nao informado,Nao informado,entre 50 e 59 anos,entre 50 e 59 anos,INIC,P2P,Pix,8830,19
202411,PF,PF,NORDESTE,NORDESTE,entre 40 e 49 anos,Nao informado,QRES,P2P,Pix,169,8
202411,PF,PF,NORTE,SUL,mais de 60 anos,mais de 60 anos,Nao disponivel,P2P,Nao disponivel,"5026,68",11
202411,PF,PF,SUL,SUL,entre 20 e 29 anos,até 19 anos,Nao disponivel,P2P,Nao disponivel,"779712,41",10499
202411,PF,PF,NORDESTE,SUDESTE,até 19 anos,entre 50 e 59 anos,QRDN,P2P,Pix,"771123,32",47973
202411,PJ,PF,SUDESTE,NORDESTE,Nao se aplica,até 19 anos,Nao disponivel,G2P,Nao disponivel,200,1
202411,PF,PJ,SUL,NORTE,até 19 anos,Nao se aplica,Nao disponivel,P2B,Nao disponivel,"26382,4",22
202411,PF,PF,NORTE,CENTRO-OESTE,entre 50 e 59 anos,entre 20 e 29 anos,QRES,P2P,Pix,"393757,24",4433
202411,PJ,PF,Nao informado,SUDESTE,Nao se aplica,entre 20 e 29 anos,Nao disponivel,B2P,Nao disponivel,"7624,45",38
202411,PF,PJ,CENTRO-OESTE,NORTE,entre 40 e 49 anos,Nao se aplica,QRES,P2G,Pix,"4461,6",49
202411,PF,PF,NORDESTE,NORTE,entre 50 e 59 anos,entre 30 e 39 anos,QRDN,P2P,Pix,"395984,72",10036
202411,PJ,PF,CENTRO-OESTE,SUL,Nao se aplica,entre 50 e 59 anos,MANU,B2P,Pix,"37858613,9",4096
202411,PF,PF,CENTRO-OESTE,Nao informado,entre 50 e 59 anos,entre 30 e 39 anos,MANU,P2P,Pix,"229792,29",1106
202411,PF,PJ,SUDESTE,NORDESTE,entre 30 e 39 anos,Nao se aplica,QRES,P2G,Pix,"16912,23",723
202411,PF,PF,SUL,SUDESTE,entre 50 e 59 anos,até 19 anos,MANU,P2P,Pix,"457089,65",4346
202411,PJ,PF,NORDESTE,NORTE,Nao se aplica,mais de 60 anos,DICT,B2P,Pix,"42591888,52",146543
202411,PF,PJ,NORTE,NORDESTE,entre 20 e 29 anos,Nao se aplica,QRES,P2G,Pix,"4287,63",139
202411,PF,PF,SUDESTE,NORTE,entre 20 e 29 anos,até 19 anos,Nao disponivel,P2P,Nao disponivel,"43409,96",1391
202411,PF,PF,SUL,NORTE,entre 50 e 59 anos,entre 50 e 59 anos,MANU,P2P,Pix,"1074947,34",3284
202411,PF,PF,NORDESTE,NORDESTE,até 19 anos,até 19 anos,QRES,P2P,Pix,"17827675,62",444033
202411,PF,PF,CENTRO-OESTE,Nao informado,entre 30 e 39 anos,até 19 anos,MANU,P2P,Pix,"7010,66",36
202411,PJ,PF,SUL,NORTE,Nao se aplica,mais de 60 anos,QRES,B2P,Pix,"120115,52",594
202411,PJ,PF,Nao informado,SUL,Nao se aplica,entre 20 e 29 anos,DICT,B2P,Pix,"458465,38",551
202411,PF,PF,Nao informado,NORTE,entre 30 e 39 anos,mais de 60 anos,MANU,P2P,Pix,"123490,54",523
202411,PF,PF,CENTRO-OESTE,SUDESTE,entre 30 e 39 anos,mais de 60 anos,QRES,P2P,Pix,"1091640,18",15536
202411,PF,PF,CENTRO-OESTE,SUL,entre 20 e 29 anos,entre 50 e 59 anos,DICT,P2P,Pix,"11729370,75",35102
202411,PF,PF,NORTE,CENTRO-OESTE,até 19 anos,até 19 anos,Nao disponivel,P2P,Nao disponivel,"29486,84",874
202411,PF,PF,SUL,SUL,entre 20 e 29 anos,até 19 anos,DICT,P2P,Pix,"182337351,84",1754658
202411,PF,PF,Nao informado,SUL,entre 50 e 59 anos,entre 50 e 59 anos,Nao disponivel,P2P,Nao disponivel,"417,86",5
202411,PF,PF,CENTRO-OESTE,NORDESTE,entre 30 e 39 anos,entre 50 e 59 anos,QRDN,P2P,Pix,"674014,07",22179
202411,PJ,PF,NORTE,NORTE,Nao se aplica,entre 30 e 39 anos,QRES,B2P,Pix,"34145656,28",154026
202411,PF,PF,SUDESTE,SUDESTE,Nao informado,até 19 anos,DICT,P2P,Pix,123,1
202411,PF,PF,CENTRO-OESTE,NORDESTE,mais de 60 anos,até 19 anos,Nao disponivel,P2P,Nao disponivel,"2499,23",188
202411,PF,PF,CENTRO-OESTE,NORDESTE,entre 50 e 59 anos,entre 40 e 49 anos,QRDN,P2P,Pix,"450767,24",11630
202411,PF,PJ,NORDESTE,NORDESTE,entre 20 e 29 anos,Nao se aplica,QRES,P2B,Pix,"653709473,25",9418122
202411,PF,PF,SUL,CENTRO-OESTE,até 19 anos,mais de 60 anos,Nao disponivel,P2P,Nao disponivel,"17265,85",38
202411,PF,PF,NORDESTE,Nao informado,até 19 anos,mais de 60 anos,QRES,P2P,Pix,"3377,44",335
202411,PF,PJ,Nao informado,SUL,entre 50 e 59 anos,Nao se aplica,QRDN,P2B,Pix,"1848922,82",10455
202411,PF,PF,SUDESTE,NORTE,entre 40 e 49 anos,entre 30 e 39 anos,MANU,P2P,Pix,"7879916,2",39986
202411,PF,PF,CENTRO-OESTE,NORDESTE,mais de 60 anos,entre 50 e 59 anos,Nao disponivel,P2P,Nao disponivel,"12037,74",51
202411,PF,PF,NORTE,Nao informado,até 19 anos,até 19 anos,Nao disponivel,P2P,Nao disponivel,785,2
202411,PJ,PF,CENTRO-OESTE,SUL,Nao se aplica,entre 50 e 59 anos,QRES,B2P,Pix,"276263,78",1050
202411,PF,PF,CENTRO-OESTE,SUDESTE,entre 30 e 39 anos,entre 20 e 29 anos,QRDN,P2P,Pix,"919309,11",23200
202411,PJ,PF,SUL,SUDESTE,Nao se aplica,entre 40 e 49 anos,DICT,B2P,Pix,"711056554,41",1086854
202411,PF,PJ,NORTE,SUDESTE,entre 20 e 29 anos,Nao se aplica,QRES,P2G,Pix,"17225,03",230
202411,PF,PJ,NORDESTE,NORTE,entre 20 e 29 anos,Nao se aplica,MANU,P2B,Pix,"4553740,79",18377
202411,PJ,PF,NORDESTE,NORDESTE,Nao se aplica,Nao informado,DICT,B2P,Pix,"4618,54",28
202411,PJ,PF,CENTRO-OESTE,NORDESTE,Nao se aplica,entre 50 e 59 anos,Nao disponivel,B2P,Nao disponivel,"143536,38",755
202411,PF,PJ,SUL,NORDESTE,entre 20 e 29 anos,Nao se aplica,DICT,P2G,Pix,"127,79",9
202411,PJ,PF,Nao informado,SUDESTE,Nao se aplica,entre 30 e 39 anos,DICT,B2P,Pix,"1559920,04",1556
202411,PF,PF,NORDESTE,NORDESTE,entre 40 e 49 anos,entre 30 e 39 anos,DICT,P2P,Pix,"4628421191,09",21667390
202411,PJ,PF,CENTRO-OESTE,Nao informado,Nao se aplica,até 19 anos,MANU,B2P,Pix,"12126,31",17
202411,PF,PF,SUL,SUL,entre 50 e 59 anos,entre 40 e 49 anos,QRDN,P2P,Pix,"6134883,37",116366
202411,PF,PJ,SUL,NORDESTE,até 19 anos,Nao se aplica,Nao disponivel,P2B,Nao disponivel,"54221,15",155
202411,PF,PF,NORTE,NORDESTE,mais de 60 anos,entre 30 e 39 anos,QRDN,P2P,Pix,"250020,74",5370
202411,PF,PF,Nao informado,NORTE,Nao informado,até 19 anos,QRES,P2P,Pix,90,1
202411,PF,PF,Nao informado,CENTRO-OESTE,até 19 anos,entre 50 e 59 anos,DICT,P2P,Pix,"4034,35",113
202411,PJ,PF,NORTE,NORTE,Nao se aplica,entre 40 e 49 anos,MANU,G2P,Pix,"4353589,39",1527
202411,PF,PJ,SUDESTE,NORTE,entre 30 e 39 anos,Nao se aplica,DICT,P2B,Pix,"71158454,65",57258
202411,PF,PJ,CENTRO-OESTE,CENTRO-OESTE,mais de 60 anos,Nao se aplica,DICT,P2G,Pix,853168,438
202411,PF,PF,Nao informado,SUDESTE,mais de 60 anos,entre 40 e 49 anos,QRDN,P2P,Pix,"7952,61",146
202411,PF,PJ,SUDESTE,SUL,entre 50 e 59 anos,Nao se aplica,DICT,P2B,Pix,"209615713,06",191963
202411,PF,PF,CENTRO-OESTE,NORDESTE,entre 20 e 29 anos,entre 40 e 49 anos,QRDN,P2P,Pix,"1011874,17",38473
202411,PJ,PJ,NORTE,CENTRO-OESTE,Nao se aplica,Nao se aplica,QRDN,B2G,Pix,"304562293,64",152395
202411,PF,PF,Nao informado,NORDESTE,entre 20 e 29 anos,mais de 60 anos,Nao disponivel,P2P,Nao disponivel,85,2
202411,PF,PJ,NORDESTE,SUDESTE,até 19 anos,Nao se aplica,QRES,P2B,Pix Saque,101,2
202411,PJ,PF,NORDESTE,SUDESTE,Nao se aplica,mais de 60 anos,QRES,B2P,Pix,"1352070,09",5188
202411,PF,PF,SUL,NORTE,entre 20 e 29 anos,entre 40 e 49 anos,QRES,P2P,Pix,"433454,59",13858
202411,PF,PF,SUDESTE,SUL,mais de 60 anos,mais de 60 anos,DICT,P2P,Pix,"43874200,78",57949
202411,PF,PF,NORTE,Nao informado,entre 40 e 49 anos,entre 50 e 59 anos,Nao disponivel,P2P,Nao disponivel,"51,01",2
202411,PF,PF,NORTE,NORTE,entre 50 e 59 anos,mais de 60 anos,Nao disponivel,P2P,Nao disponivel,"582844,6",1171
202411,PF,PJ,SUL,SUDESTE,mais de 60 anos,Nao se aplica,QRDN,P2G,Pix,"741066,33",975
202411,PF,PF,Nao informado,NORTE,entre 30 e 39 anos,entre 50 e 59 anos,MANU,P2P,Pix,"230222,59",1059
202411,PF,PF,Nao informado,SUL,entre 20 e 29 anos,entre 20 e 29 anos,Nao disponivel,P2P,Nao disponivel,3936,38
202411,PF,PJ,NORDESTE,CENTRO-OESTE,entre 20 e 29 anos,Nao se aplica,QRES,P2G,Pix,"79516,62",1140
202411,PF,PF,SUL,CENTRO-OESTE,entre 50 e 59 anos,entre 50 e 59 anos,MANU,P2P,Pix,"2263187,29",4282
202411,PF,PF,NORDESTE,SUDESTE,entre 40 e 49 anos,mais de 60 anos,Nao disponivel,P2P,Nao disponivel,"229447,38",571
202411,PF,PF,NORTE,CENTRO-OESTE,entre 50 e 59 anos,entre 30 e 39 anos,Nao disponivel,P2P,Nao disponivel,"27601,93",92
202411,PF,PF,SUDESTE,NORTE,mais de 60 anos,entre 20 e 29 anos,QRDN,P2P,Pix,"66733,59",1271
202411,PF,PF,SUL,CENTRO-OESTE,entre 50 e 59 anos,mais de 60 anos,QRDN,P2P,Pix,"43608,44",1137
202411,PF,PF,SUL,NORTE,até 19 anos,entre 30 e 39 anos,DICT,P2P,Pix,"2591018,58",34368
202411,PF,PF,NORTE,NORDESTE,entre 40 e 49 anos,entre 50 e 59 anos,DICT,P2P,Pix,"33493726,83",109384
202411,PF,PF,NORTE,NORTE,até 19 anos,até 19 anos,MANU,P2P,Pix,"96891896,4",1445567
202411,PF,PF,NORDESTE,CENTRO-OESTE,entre 20 e 29 anos,entre 20 e 29 anos,Nao disponivel,P2P,Nao disponivel,"470574,06",3087
202411,PF,PF,NORDESTE,CENTRO-OESTE,até 19 anos,entre 20 e 29 anos,QRDN,P2P,Pix,"487592,31",13072
202411,PF,PF,NORDESTE,Nao informado,entre 50 e 59 anos,entre 50 e 59 anos,QRES,P2P,Pix,"12939,57",276
202411,PJ,PF,SUDESTE,Nao informado,Nao se aplica,mais de 60 anos,DICT,B2P,Pix,"8603536,8",4039
202411,PF,PF,Nao informado,SUL,até 19 anos,entre 50 e 59 anos,DICT,P2P,Pix,"32998,58",286
202411,PF,PF,NORTE,SUDESTE,entre 20 e 29 anos,entre 50 e 59 anos,DICT,P2P,Pix,"20155955,48",93264
202411,PF,PF,SUL,SUL,mais de 60 anos,entre 40 e 49 anos,QRES,P2P,Pix,"15909221,83",101173
202411,PF,PJ,SUL,CENTRO-OESTE,entre 50 e 59 anos,Nao se aplica,QRDN,P2B,Pix,"43597918,27",276158
202411,PF,PJ,CENTRO-OESTE,NORDESTE,até 19 anos,Nao se aplica,MANU,P2B,Pix,"247672,03",2249
202411,PF,PF,SUDESTE,NORTE,até 19 anos,entre 40 e 49 anos,QRDN,P2P,Pix,"78182,05",4865
202411,PF,PJ,SUDESTE,NORTE,mais de 60 anos,Nao se aplica,MANU,P2B,Pix,"6003887,07",2062
202411,PJ,PF,CENTRO-OESTE,Nao informado,Nao se aplica,entre 30 e 39 anos,DICT,B2P,Pix,"4475287,65",3596
202411,PF,PF,Nao informado,SUDESTE,entre 20 e 29 anos,até 19 anos,DICT,P2P,Pix,"178227,22",1142
202411,PF,PF,Nao informado,CENTRO-OESTE,entre 30 e 39 anos,entre 30 e 39 anos,QRES,P2P,Pix,"47724,03",543
202411,PF,PF,Nao informado,SUDESTE,até 19 anos,até 19 anos,Nao disponivel,P2P,Nao disponivel,"165,75",11
202411,PJ,PF,CENTRO-OESTE,Nao informado,Nao se aplica,entre 30 e 39 anos,Nao disponivel,B2P,Nao disponivel,"5044,26",31
202411,PF,PF,SUDESTE,SUDESTE,entre 20 e 29 anos,entre 50 e 59 anos,DICT,P2P,Pix,"2611563384,65",12578807
202411,PF,PF,SUL,NORDESTE,entre 20 e 29 anos,mais de 60 anos,QRES,P2P,Pix,"262084,66",6759
202411,PF,PF,CENTRO-OESTE,CENTRO-OESTE,entre 20 e 29 anos,entre 30 e 39 anos,Nao disponivel,P2P,Nao disponivel,"4113827,35",19603
202411,PF,PF,NORDESTE,CENTRO-OESTE,até 19 anos,entre 20 e 29 anos,Nao disponivel,P2P,Nao disponivel,"79314,68",1052
202411,PF,PF,Nao informado,SUDESTE,entre 20 e 29 anos,entre 40 e 49 anos,MANU,P2P,Pix,"430175,23",1141
202411,PF,PJ,CENTRO-OESTE,CENTRO-OESTE,até 19 anos,Nao se aplica,MANU,P2B,Pix,"13035562,15",116408
202411,PF,PF,SUL,Nao informado,mais de 60 anos,entre 30 e 39 anos,QRES,P2P,Pix,"83503,02",168
202411,PJ,PF,SUDESTE,SUL,Nao se aplica,entre 40 e 49 anos,MANU,B2P,Pix,780697976,1141146
202411,PF,PJ,NORTE,SUL,mais de 60 anos,Nao se aplica,Nao disponivel,P2B,Nao disponivel,"19002,34",9
202411,PF,PF,CENTRO-OESTE,CENTRO-OESTE,mais de 60 anos,Nao informado,DICT,P2P,Pix,1260,3
202411,PF,PF,Nao informado,CENTRO-OESTE,entre 20 e 29 anos,entre 30 e 39 anos,MANU,P2P,Pix,191317,852
202411,PF,PJ,SUL,SUDESTE,mais de 60 anos,Nao se aplica,QRDN,P2B,Pix,"491774582,08",4625712
202411,PF,PF,NORDESTE,Nao informado,entre 30 e 39 anos,entre 40 e 49 anos,QRDN,P2P,Pix,"19305,13",600
202411,PF,PF,SUDESTE,Nao informado,mais de 60 anos,entre 20 e 29 anos,MANU,P2P,Pix,"238577,28",688
202411,PF,PF,CENTRO-OESTE,CENTRO-OESTE,entre 30 e 39 anos,entre 50 e 59 anos,MANU,P2P,Pix,"200073932,51",671086
202411,PF,PF,NORDESTE,SUDESTE,Nao informado,entre 50 e 59 anos,DICT,P2P,Pix,181,3
202411,PF,PF,SUDESTE,NORTE,entre 50 e 59 anos,entre 20 e 29 anos,MANU,P2P,Pix,"2582356,25",18311
202411,PF,PF,SUDESTE,SUL,entre 20 e 29 anos,mais de 60 anos,QRES,P2P,Pix,"567574,68",13325
202411,PF,PF,SUDESTE,NORDESTE,até 19 anos,até 19 anos,Nao disponivel,P2P,Nao disponivel,"169567,48",8708
202411,PF,PF,NORDESTE,SUL,entre 30 e 39 anos,até 19 anos,QRDN,P2P,Pix,"57428,23",1340
202411,PJ,PF,Nao informado,NORTE,Nao se aplica,entre 20 e 29 anos,QRES,B2P,Pix,174,9
202411,PF,PF,CENTRO-OESTE,Nao informado,entre 50 e 59 anos,entre 20 e 29 anos,DICT,P2P,Pix,"585566,79",2187
202411,PF,PF,NORDESTE,Nao informado,até 19 anos,entre 40 e 49 anos,QRES,P2P,Pix,"15806,7",600
202411,PJ,PF,CENTRO-OESTE,NORDESTE,Nao se aplica,entre 20 e 29 anos,MANU,B2P,Pix,"23660151,84",26139
202411,PJ,PF,SUDESTE,NORTE,Nao se aplica,entre 40 e 49 anos,DICT,G2P,Pix,"21188,96",21
202411,PF,PJ,Nao informado,SUDESTE,entre 50 e 59 anos,Nao se aplica,DICT,P2G,Pix,"13743,74",13
202411,PF,PF,SUL,NORDESTE,mais de 60 anos,entre 50 e 59 anos,MANU,P2P,Pix,"1295410,81",2005
202411,PF,PF,CENTRO-OESTE,CENTRO-OESTE,entre 30 e 39 anos,entre 30 e 39 anos,QRES,P2P,Pix,"217921095,03",1020406
202411,PF,PJ,SUDESTE,SUDESTE,entre 40 e 49 anos,Nao se aplica,QRDN,P2B,Pix Saque,"18292797,74",100457
202411,PJ,PF,Nao informado,NORDESTE,Nao se aplica,mais de 60 anos,DICT,B2P,Pix,"686002,31",499
202411,PF,PF,SUL,SUL,entre 30 e 39 anos,entre 30 e 39 anos,INIC,P2P,Pix,"9345524,08",9894
202411,PF,PJ,SUL,NORTE,até 19 anos,Nao se aplica,QRDN,P2B,Pix,"4037498,71",125164
202411,PF,PF,SUL,Nao informado,entre 30 e 39 anos,entre 40 e 49 anos,MANU,P2P,Pix,"959720,58",951
202411,PF,PJ,Nao informado,NORDESTE,entre 40 e 49 anos,Nao se aplica,QRES,P2G,Pix,"347,85",2
202411,PF,PF,Nao informado,SUDESTE,até 19 anos,entre 30 e 39 anos,Nao disponivel,P2P,Nao disponivel,50,2
202411,PF,PF,NORTE,SUL,entre 30 e 39 anos,entre 20 e 29 anos,DICT,P2P,Pix,"26637095,39",169942
202411,PF,PF,NORDESTE,SUL,entre 40 e 49 anos,entre 50 e 59 anos,QRES,P2P,Pix,"392806,41",8998
202411,PF,PF,Nao informado,Nao informado,entre 30 e 39 anos,mais de 60 anos,QRES,P2P,Pix,"8172,72",110
202411,PF,PF,Nao informado,NORTE,entre 30 e 39 anos,entre 40 e 49 anos,MANU,P2P,Pix,"479857,97",1916
202411,PF,PF,SUL,Nao informado,entre 30 e 39 anos,Nao informado,Nao disponivel,P2P,Nao disponivel,"0,01",1
202411,PF,PF,Nao informado,NORDESTE,até 19 anos,entre 30 e 39 anos,QRDN,P2P,Pix,"4965,45",237
202411,PF,PF,SUL,NORTE,entre 50 e 59 anos,mais de 60 anos,DICT,P2P,Pix,"4395417,18",8672
202411,PF,PF,NORDESTE,SUL,mais de 60 anos,entre 20 e 29 anos,MANU,P2P,Pix,"474174,87",3053
202411,PF,PF,SUL,NORTE,entre 30 e 39 anos,entre 30 e 39 anos,QRES,P2P,Pix,"835372,18",16123
202411,PF,PF,NORTE,Nao informado,até 19 anos,entre 20 e 29 anos,QRES,P2P,Pix,"9589,58",394
202411,PF,PJ,NORTE,NORTE,até 19 anos,Nao se aplica,QRES,P2B,Pix,"35002667,07",783233
202411,PF,PF,NORDESTE,Nao informado,entre 50 e 59 anos,mais de 60 anos,QRES,P2P,Pix,"5571,86",131
202411,PF,PF,SUL,NORTE,entre 20 e 29 anos,entre 30 e 39 anos,Nao disponivel,P2P,Nao disponivel,"70028,1",535
202411,PF,PJ,SUL,SUL,entre 30 e 39 anos,Nao se aplica,QRES,P2B,Pix,"796947799,61",5743190
202411,PF,PF,NORDESTE,Nao informado,entre 20 e 29 anos,entre 40 e 49 anos,QRDN,P2P,Pix,"14208,96",545
202411,PF,PF,SUL,SUL,entre 50 e 59 anos,até 19 anos,Nao disponivel,P2P,Nao disponivel,"223549,2",1772
202411,PF,PF,Nao informado,SUL,entre 50 e 59 anos,mais de 60 anos,QRES,P2P,Pix,"13710,51",93
202411,PF,PF,SUDESTE,SUDESTE,entre 20 e 29 anos,entre 40 e 49 anos,DICT,P2P,Pix,"3832715516,63",20896819
202411,PF,PF,NORDESTE,NORDESTE,mais de 60 anos,até 19 anos,Nao disponivel,P2P,Nao disponivel,"118906,76",1954
202411,PF,PF,CENTRO-OESTE,CENTRO-OESTE,entre 30 e 39 anos,até 19 anos,QRDN,P2P,Pix,"1591494,27",43807
202411,PJ,PF,Nao informado,SUL,Nao se aplica,entre 20 e 29 anos,MANU,B2P,Pix,"585213,83",166
202411,PF,PJ,NORTE,SUL,mais de 60 anos,Nao se aplica,DICT,P2G,Pix,105,2
202411,PF,PF,NORDESTE,CENTRO-OESTE,entre 20 e 29 anos,entre 40 e 49 anos,MANU,P2P,Pix,"13123303,05",94632
202411,PJ,PJ,NORTE,NORTE,Nao se aplica,Nao se aplica,MANU,G2B,Pix,"1248715851,83",3639
202411,PJ,PF,SUL,NORTE,Nao se aplica,entre 20 e 29 anos,MANU,G2P,Pix,"10581,4",11
202411,PF,PF,Nao informado,NORDESTE,entre 30 e 39 anos,até 19 anos,QRES,P2P,Pix,"5701,98",123
202411,PF,PJ,NORTE,NORTE,entre 30 e 39 anos,Nao se aplica,QRDN,P2G,Pix,"39182300,48",103919
202411,PF,PJ,NORTE,NORTE,entre 40 e 49 anos,Nao se aplica,MANU,P2B,Pix,"265355490,52",653272
202411,PF,PJ,SUL,CENTRO-OESTE,até 19 anos,Nao se aplica,DICT,P2B,Pix,"3187928,42",7482
202411,PJ,PF,SUDESTE,Nao informado,Nao se aplica,mais de 60 anos,QRES,B2P,Pix,"30301,34",64
202411,PF,PF,NORTE,Nao informado,entre 50 e 59 anos,entre 20 e 29 anos,MANU,P2P,Pix,"209606,93",2698
202411,PF,PJ,CENTRO-OESTE,SUDESTE,entre 40 e 49 anos,Nao se aplica,DICT,P2G,Pix,"65967,71",150
202411,PF,PF,NORTE,SUDESTE,entre 50 e 59 anos,até 19 anos,MANU,P2P,Pix,"240172,82",2971
202411,PF,PF,Nao informado,SUL,entre 30 e 39 anos,até 19 anos,MANU,P2P,Pix,"24002,35",152
202411,PF,PF,SUDESTE,CENTRO-OESTE,mais de 60 anos,entre 20 e 29 anos,MANU,P2P,Pix,"3192941,83",7091
202411,PF,PJ,Nao informado,SUL,entre 50 e 59 anos,Nao se aplica,DICT,P2B,Pix,"7903013,7",3311
202411,PF,PF,SUL,SUDESTE,entre 20 e 29 anos,até 19 anos,MANU,P2P,Pix,"1418287,21",14909
202411,PF,PF,NORTE,Nao informado,entre 40 e 49 anos,entre 50 e 59 anos,QRES,P2P,Pix,"23827,01",522
202411,PF,PF,NORTE,NORTE,Nao informado,entre 40 e 49 anos,MANU,P2P,Pix,"4558,1",29
202411,PF,PF,Nao informado,NORTE,entre 50 e 59 anos,entre 30 e 39 anos,QRDN,P2P,Pix,"11747,91",198
202411,PF,PF,SUDESTE,NORDESTE,Nao informado,entre 40 e 49 anos,Nao disponivel,P2P,Nao disponivel,"297,82",2
202411,PF,PF,NORTE,CENTRO-OESTE,entre 30 e 39 anos,até 19 anos,QRDN,P2P,Pix,"117982,79",4116
202411,PF,PF,SUDESTE,NORTE,entre 50 e 59 anos,entre 30 e 39 anos,QRDN,P2P,Pix,"325689,75",6744
202411,PF,PF,Nao informado,NORDESTE,entre 20 e 29 anos,até 19 anos,MANU,P2P,Pix,"29790,47",409
202411,PF,PJ,CENTRO-OESTE,SUDESTE,até 19 anos,Nao se aplica,DICT,P2B,Pix,"11268241,53",32711
202411,PJ,PJ,CENTRO-OESTE,CENTRO-OESTE,Nao se aplica,Nao se aplica,QRES,B2B,Pix,"509382186,26",978989
202411,PF,PF,Nao informado,CENTRO-OESTE,Nao informado,entre 20 e 29 anos,DICT,P2P,Pix,"129,68",7
202411,PJ,PF,Nao informado,SUDESTE,Nao se aplica,entre 20 e 29 anos,QRES,B2P,Pix,"4937,18",36
202411,PF,PF,CENTRO-OESTE,NORDESTE,entre 40 e 49 anos,entre 50 e 59 anos,DICT,P2P,Pix,"37096029,86",128946
202411,PF,PF,NORTE,NORTE,até 19 anos,entre 30 e 39 anos,QRDN,P2P,Pix,"7518252,89",421507
202411,PF,PF,NORDESTE,NORDESTE,entre 30 e 39 anos,mais de 60 anos,DICT,P2P,Pix,"1367868764,95",5285848
202411,PF,PF,Nao informado,NORTE,entre 50 e 59 anos,entre 20 e 29 anos,QRDN,P2P,Pix,"4115,88",106
202411,PF,PF,NORTE,SUDESTE,mais de 60 anos,até 19 anos,MANU,P2P,Pix,"171874,45",1162
202411,PF,PF,CENTRO-OESTE,SUL,até 19 anos,entre 40 e 49 anos,QRDN,P2P,Pix,"59457,37",2937
202411,PF,PF,SUDESTE,Nao informado,entre 40 e 49 anos,até 19 anos,QRES,P2P,Pix,4172,59
202411,PF,PJ,CENTRO-OESTE,NORDESTE,mais de 60 anos,Nao se aplica,QRDN,P2B,Pix Saque,"39464,01",169
202411,PF,PF,SUDESTE,NORDESTE,entre 20 e 29 anos,mais de 60 anos,QRDN,P2P,Pix,"954406,84",38331
202411,PJ,PJ,CENTRO-OESTE,SUDESTE,Nao se aplica,Nao se aplica,DICT,G2B,Pix,"142414961,58",12859
202411,PF,PF,CENTRO-OESTE,SUDESTE,entre 40 e 49 anos,entre 20 e 29 anos,DICT,P2P,Pix,"56486022,74",236254
202411,PF,PJ,NORDESTE,NORDESTE,entre 20 e 29 anos,Nao se aplica,INIC,P2B,Pix,70,2
202411,PF,PF,NORTE,SUDESTE,entre 50 e 59 anos,entre 50 e 59 anos,DICT,P2P,Pix,"23656013,39",49905
202411,PF,PJ,CENTRO-OESTE,NORDESTE,entre 50 e 59 anos,Nao se aplica,MANU,P2B,Pix,"5255330,14",11644
202411,PF,PJ,CENTRO-OESTE,NORTE,entre 50 e 59 anos,Nao se aplica,QRDN,P2B,Pix,"13622493,87",255837
202411,PF,PF,CENTRO-OESTE,SUDESTE,até 19 anos,mais de 60 anos,DICT,P2P,Pix,"1748613,71",13191
202411,PF,PF,CENTRO-OESTE,CENTRO-OESTE,entre 40 e 49 anos,entre 40 e 49 anos,QRDN,P2P,Pix,"22151464,99",524413
202411,PJ,PF,SUL,NORDESTE,Nao se aplica,entre 40 e 49 anos,QRDN,B2P,Pix,"312734,71",4444
202411,PF,PJ,NORDESTE,NORTE,até 19 anos,Nao se aplica,QRDN,P2B,Pix,"9800396,13",335925
202411,PF,PF,Nao informado,CENTRO-OESTE,entre 30 e 39 anos,entre 20 e 29 anos,MANU,P2P,Pix,"291669,53",621
202411,PF,PJ,SUDESTE,NORDESTE,entre 20 e 29 anos,Nao se aplica,QRDN,P2B,Pix,"990662864,67",21676389
202411,PF,PJ,Nao informado,SUL,entre 20 e 29 anos,Nao se aplica,Nao disponivel,P2B,Nao disponivel,5469,11
202411,PF,PJ,SUDESTE,Nao informado,mais de 60 anos,Nao se aplica,MANU,P2B,Pix,"40777,68",20
202411,PF,PF,SUDESTE,Nao informado,até 19 anos,mais de 60 anos,Nao disponivel,P2P,Nao disponivel,"452,7",3
202411,PF,PF,NORTE,NORDESTE,entre 50 e 59 anos,entre 50 e 59 anos,MANU,P2P,Pix,"3408909,74",15218
202411,PF,PF,Nao informado,NORDESTE,até 19 anos,até 19 anos,QRES,P2P,Pix,"703,07",88
202411,PF,PF,CENTRO-OESTE,SUL,até 19 anos,entre 50 e 59 anos,Nao disponivel,P2P,Nao disponivel,"8780,81",100
202411,PF,PF,NORTE,CENTRO-OESTE,entre 40 e 49 anos,até 19 anos,MANU,P2P,Pix,"1031209,52",10360
202411,PJ,PF,SUL,SUDESTE,Nao se aplica,entre 40 e 49 anos,MANU,B2P,Pix,"356449303,55",243415
202411,PF,PF,Nao informado,NORDESTE,entre 40 e 49 anos,entre 20 e 29 anos,QRDN,P2P,Pix,"25681,31",622
202411,PF,PF,SUDESTE,CENTRO-OESTE,entre 50 e 59 anos,entre 20 e 29 anos,QRDN,P2P,Pix,"239547,45",5713
202411,PF,PF,NORTE,SUL,entre 40 e 49 anos,entre 50 e 59 anos,QRES,P2P,Pix,"352423,96",8358
202411,PF,PF,CENTRO-OESTE,CENTRO-OESTE,entre 50 e 59 anos,entre 40 e 49 anos,QRDN,P2P,Pix,"8707431,27",200265
202411,PF,PF,NORTE,SUL,entre 50 e 59 anos,entre 40 e 49 anos,MANU,P2P,Pix,"3267361,86",6279
202411,PF,PF,SUDESTE,NORDESTE,mais de 60 anos,entre 20 e 29 anos,MANU,P2P,Pix,"7817864,3",37491
202411,PF,PF,Nao informado,NORDESTE,mais de 60 anos,entre 30 e 39 anos,MANU,P2P,Pix,"180415,83",477
202411,PF,PJ,SUL,SUL,entre 20 e 29 anos,Nao se aplica,DICT,P2G,Pix,"484308,13",2143
202411,PF,PJ,NORTE,SUDESTE,entre 30 e 39 anos,Nao se aplica,QRDN,P2B,Pix,"1589324871,82",25671618
202411,PF,PF,NORDESTE,NORDESTE,entre 50 e 59 anos,entre 20 e 29 anos,DICT,P2P,Pix,"1860586665,75",9105591
202411,PF,PF,SUL,NORTE,entre 50 e 59 anos,entre 30 e 39 anos,QRES,P2P,Pix,"218775,83",4516
202411,PF,PJ,SUL,SUDESTE,entre 50 e 59 anos,Nao se aplica,DICT,P2G,Pix,"39932,97",105
202411,PF,PF,CENTRO-OESTE,CENTRO-OESTE,entre 30 e 39 anos,entre 40 e 49 anos,QRES,P2P,Pix,"44852147,13",844996
202411,PF,PF,NORTE,SUL,entre 50 e 59 anos,entre 50 e 59 anos,Nao disponivel,P2P,Nao disponivel,"2201,5",30
202411,PJ,PJ,NORTE,NORDESTE,Nao se aplica,Nao se aplica,DICT,B2G,Pix,"49210,67",5
202411,PJ,PJ,SUL,SUDESTE,Nao se aplica,Nao se aplica,DICT,B2B,Pix,"7146459457,59",851319
202411,PJ,PF,SUDESTE,NORTE,Nao se aplica,até 19 anos,MANU,G2P,Pix,"0,01",1
202411,PJ,PF,CENTRO-OESTE,NORTE,Nao se aplica,entre 50 e 59 anos,MANU,B2P,Pix,"18136033,3",4448
202411,PJ,PF,SUDESTE,SUDESTE,Nao se aplica,entre 50 e 59 anos,QRDN,G2P,Pix,9,1
202411,PF,PF,SUL,SUL,entre 50 e 59 anos,entre 50 e 59 anos,Nao disponivel,P2P,Nao disponivel,"4363347,62",7003
202411,PJ,PF,CENTRO-OESTE,CENTRO-OESTE,Nao se aplica,entre 40 e 49 anos,QRES,B2P,Pix,"41750216,07",165695
202411,PF,PF,Nao informado,NORTE,entre 50 e 59 anos,entre 20 e 29 anos,DICT,P2P,Pix,"594547,84",2441
202411,PF,PF,NORDESTE,NORDESTE,até 19 anos,entre 20 e 29 anos,Nao disponivel,P2P,Nao disponivel,"4245842,84",48161
202411,PF,PF,CENTRO-OESTE,NORDESTE,até 19 anos,entre 30 e 39 anos,MANU,P2P,Pix,"1705526,48",19894
202411,PF,PF,SUDESTE,SUL,entre 20 e 29 anos,mais de 60 anos,MANU,P2P,Pix,"5886987,4",12974
202411,PF,PF,Nao informado,NORDESTE,entre 30 e 39 anos,até 19 anos,DICT,P2P,Pix,"186854,62",1530
202411,PF,PF,SUDESTE,SUL,entre 30 e 39 anos,entre 50 e 59 anos,MANU,P2P,Pix,"11081659,53",28606
202411,PJ,PF,NORDESTE,NORTE,Nao se aplica,mais de 60 anos,DICT,G2P,Pix,"46743,65",9
202411,PF,PF,NORDESTE,SUL,mais de 60 anos,até 19 anos,QRES,P2P,Pix,"18402,88",269
202411,PF,PF,SUL,SUDESTE,entre 30 e 39 anos,entre 50 e 59 anos,QRDN,P2P,Pix,"712615,95",20704
202411,PF,PF,NORDESTE,NORDESTE,entre 40 e 49 anos,entre 40 e 49 anos,QRES,P2P,Pix,"426478751,38",4262275
202411,PF,PF,NORDESTE,NORDESTE,mais de 60 anos,até 19 anos,DICT,P2P,Pix,"125438368,66",1039625
202411,PF,PF,SUL,NORTE,entre 50 e 59 anos,mais de 60 anos,QRES,P2P,Pix,"106231,1",1235
202411,PF,PF,Nao informado,NORTE,entre 20 e 29 anos,entre 40 e 49 anos,DICT,P2P,Pix,"1402457,18",5390
202411,PF,PF,NORTE,NORTE,entre 40 e 49 anos,entre 20 e 29 anos,QRES,P2P,Pix,"25250143,88",560652
202411,PF,PF,CENTRO-OESTE,Nao informado,até 19 anos,entre 20 e 29 anos,Nao disponivel,P2P,Nao disponivel,"0,5",1
202411,PF,PF,Nao informado,NORTE,entre 20 e 29 anos,até 19 anos,MANU,P2P,Pix,"14051,3",229
202411,PF,PF,NORDESTE,NORDESTE,Nao informado,entre 20 e 29 anos,MANU,P2P,Pix,"2400,5",32
202411,PF,PF,Nao informado,SUL,entre 20 e 29 anos,entre 50 e 59 anos,DICT,P2P,Pix,"1161091,14",3544
202411,PF,PF,CENTRO-OESTE,SUL,até 19 anos,mais de 60 anos,DICT,P2P,Pix,"838245,46",4659
202411,PF,PJ,Nao informado,NORTE,mais de 60 anos,Nao se aplica,DICT,P2B,Pix,"429089,3",279
202411,PF,PF,SUL,Nao informado,entre 30 e 39 anos,entre 20 e 29 anos,Nao disponivel,P2P,Nao disponivel,"129683,57",43
202411,PJ,PJ,NORTE,SUL,Nao se aplica,Nao se aplica,QRDN,B2B,Pix,"64623508,79",149220
202411,PF,PF,SUL,SUDESTE,até 19 anos,entre 50 e 59 anos,DICT,P2P,Pix,"3142709,62",27087
202411,PF,PF,SUL,NORDESTE,mais de 60 anos,entre 40 e 49 anos,Nao disponivel,P2P,Nao disponivel,"14022,2",39
202411,PF,PF,NORTE,Nao informado,entre 20 e 29 anos,mais de 60 anos,QRES,P2P,Pix,"10848,27",844
202411,PF,PF,SUL,CENTRO-OESTE,entre 30 e 39 anos,até 19 anos,DICT,P2P,Pix,"3069946,54",19534
202411,PF,PF,Nao informado,Nao informado,entre 50 e 59 anos,entre 20 e 29 anos,QRDN,P2P,Pix,"143,27",8
202411,PF,PF,NORDESTE,SUDESTE,entre 30 e 39 anos,mais de 60 anos,QRES,P2P,Pix,"4503066,49",96081
202411,PF,PF,NORDESTE,SUL,entre 50 e 59 anos,entre 20 e 29 anos,DICT,P2P,Pix,"10957299,49",44536
202411,PF,PF,SUL,SUDESTE,entre 20 e 29 anos,mais de 60 anos,QRES,P2P,Pix,"1235461,27",14051
202411,PF,PF,NORTE,SUDESTE,entre 40 e 49 anos,até 19 anos,Nao disponivel,P2P,Nao disponivel,"5532,69",479
202411,PF,PF,NORDESTE,SUDESTE,Nao informado,entre 40 e 49 anos,QRES,P2P,Pix,5,1
202411,PJ,PF,SUL,NORDESTE,Nao se aplica,entre 20 e 29 anos,QRDN,B2P,Pix,"290071,32",3596
202411,PF,PF,SUDESTE,SUDESTE,entre 30 e 39 anos,até 19 anos,Nao disponivel,P2P,Nao disponivel,"1944961,2",22765
202411,PJ,PF,CENTRO-OESTE,CENTRO-OESTE,Nao se aplica,entre 20 e 29 anos,QRES,G2P,Pix,896,3
202411,PF,PF,SUDESTE,SUDESTE,Nao informado,entre 30 e 39 anos,DICT,P2P,Pix,"4431,58",20
202411,PJ,PF,SUDESTE,CENTRO-OESTE,Nao se aplica,mais de 60 anos,QRES,B2P,Pix,"341398,16",1812
202411,PF,PF,SUL,CENTRO-OESTE,entre 50 e 59 anos,entre 20 e 29 anos,QRES,P2P,Pix,"203471,92",2092
202411,PF,PF,SUL,SUL,mais de 60 anos,até 19 anos,Nao disponivel,P2P,Nao disponivel,"78295,75",572
202411,PF,PF,CENTRO-OESTE,Nao informado,entre 40 e 49 anos,até 19 anos,QRES,P2P,Pix,45,2
202411,PF,PF,NORTE,SUDESTE,entre 40 e 49 anos,entre 40 e 49 anos,QRES,P2P,Pix,"2182087,69",24881
202411,PF,PF,SUDESTE,NORDESTE,mais de 60 anos,até 19 anos,QRES,P2P,Pix,"232389,43",2630
202411,PJ,PF,Nao informado,Nao informado,Nao se aplica,entre 30 e 39 anos,QRDN,B2P,Pix,272,4
202411,PF,PF,Nao informado,CENTRO-OESTE,entre 50 e 59 anos,entre 50 e 59 anos,QRDN,P2P,Pix,"2280,7",75
202411,PJ,PJ,SUDESTE,CENTRO-OESTE,Nao se aplica,Nao se aplica,Nao disponivel,B2G,Nao disponivel,"11919,79",6
202411,PF,PF,CENTRO-OESTE,NORDESTE,entre 30 e 39 anos,mais de 60 anos,QRDN,P2P,Pix,"420412,58",11584
202411,PF,PF,Nao informado,CENTRO-OESTE,mais de 60 anos,mais de 60 anos,DICT,P2P,Pix,"871622,02",586
202411,PF,PF,Nao informado,NORTE,entre 30 e 39 anos,entre 20 e 29 anos,MANU,P2P,Pix,"601889,56",3930
202411,PJ,PF,CENTRO-OESTE,SUDESTE,Nao se aplica,entre 20 e 29 anos,Nao disponivel,B2P,Nao disponivel,"1063672,37",4995
202411,PF,PF,CENTRO-OESTE,Nao informado,mais de 60 anos,entre 20 e 29 anos,QRDN,P2P,Pix,"187,31",6
202411,PF,PF,NORTE,SUDESTE,entre 50 e 59 anos,Nao informado,QRES,P2P,Pix,"289167,59",187
202411,PF,PF,Nao informado,CENTRO-OESTE,entre 50 e 59 anos,até 19 anos,QRDN,P2P,Pix,"373,5",12
202411,PF,PJ,Nao informado,Nao informado,entre 20 e 29 anos,Nao se aplica,QRES,P2B,Pix,"47858,46",1678
202411,PF,PF,CENTRO-OESTE,SUL,mais de 60 anos,até 19 anos,DICT,P2P,Pix,"1751987,82",4959
202411,PJ,PF,NORDESTE,SUDESTE,Nao se aplica,Nao informado,QRDN,B2P,Pix,"13651,72",7
202411,PF,PF,CENTRO-OESTE,CENTRO-OESTE,mais de 60 anos,até 19 anos,QRES,P2P,Pix,"573503,68",6539
202411,PF,PF,SUL,SUDESTE,até 19 anos,mais de 60 anos,QRES,P2P,Pix,"120933,47",5022
202411,PF,PJ,NORTE,CENTRO-OESTE,entre 20 e 29 anos,Nao se aplica,QRDN,P2G,Pix,"8655138,55",81817
202411,PF,PF,SUL,NORTE,entre 40 e 49 anos,até 19 anos,QRDN,P2P,Pix,"9873,71",241
202411,PF,PF,SUDESTE,SUDESTE,entre 30 e 39 anos,entre 20 e 29 anos,INIC,P2P,Pix,"436,51",14
202411,PJ,PF,SUL,CENTRO-OESTE,Nao se aplica,entre 40 e 49 anos,MANU,B2P,Pix,"122281821,06",44559
202411,PF,PF,NORDESTE,NORDESTE,entre 20 e 29 anos,Nao informado,MANU,P2P,Pix,"2920,44",32
202411,PJ,PJ,SUDESTE,NORDESTE,Nao se aplica,Nao se aplica,DICT,B2G,Pix,"1269268,64",79
202411,PF,PF,NORDESTE,NORTE,mais de 60 anos,entre 40 e 49 anos,QRES,P2P,Pix,"278836,55",5079
202411,PF,PF,Nao informado,CENTRO-OESTE,mais de 60 anos,entre 30 e 39 anos,QRDN,P2P,Pix,"1875,41",29
202411,PJ,PF,CENTRO-OESTE,SUDESTE,Nao se aplica,entre 30 e 39 anos,MANU,G2P,Pix,"19123831,62",16140
202411,PF,PJ,NORDESTE,NORDESTE,entre 20 e 29 anos,Nao se aplica,Nao disponivel,P2G,Nao disponivel,"40886,88",11
202411,PJ,PF,NORDESTE,SUL,Nao se aplica,entre 20 e 29 anos,MANU,G2P,Pix,"9921,24",8
202411,PJ,PF,Nao informado,NORTE,Nao se aplica,entre 40 e 49 anos,Nao disponivel,B2P,Nao disponivel,"2,9",1
202411,PF,PJ,SUDESTE,CENTRO-OESTE,entre 20 e 29 anos,Nao se aplica,MANU,P2B,Pix,"8385849,55",20413
202411,PF,PF,Nao informado,SUL,até 19 anos,mais de 60 anos,MANU,P2P,Pix,"2069,95",18
202411,PF,PF,CENTRO-OESTE,CENTRO-OESTE,entre 30 e 39 anos,entre 40 e 49 anos,QRDN,P2P,Pix,"24967877,31",734456
202411,PF,PF,Nao informado,CENTRO-OESTE,até 19 anos,entre 20 e 29 anos,QRDN,P2P,Pix,"2159,74",58
202411,PF,PJ,NORTE,CENTRO-OESTE,entre 40 e 49 anos,Nao se aplica,QRES,P2B,Pix,"18024740,34",91594
202411,PF,PF,NORTE,NORTE,Nao informado,entre 50 e 59 anos,QRES,P2P,Pix,"75,5",6
202411,PJ,PF,SUDESTE,Nao informado,Nao se aplica,entre 20 e 29 anos,MANU,B2P,Pix,"26963080,56",11519
202411,PF,PF,NORDESTE,Nao informado,entre 40 e 49 anos,entre 20 e 29 anos,QRES,P2P,Pix,"39440,17",748
202411,PF,PF,NORTE,NORDESTE,entre 30 e 39 anos,entre 30 e 39 anos,QRDN,P2P,Pix,"2727119,38",82093
202411,PJ,PJ,SUL,SUDESTE,Nao se aplica,Nao se aplica,DICT,G2B,Pix,"6441162,52",711
202411,PJ,PF,NORTE,SUL,Nao se aplica,entre 20 e 29 anos,MANU,B2P,Pix,"1174151,66",1610
202411,PF,PF,Nao informado,NORTE,entre 50 e 59 anos,entre 30 e 39 anos,MANU,P2P,Pix,"157897,17",770
202411,PF,PF,SUDESTE,NORDESTE,Nao informado,entre 30 e 39 anos,MANU,P2P,Pix,64,6
202411,PF,PF,NORDESTE,SUDESTE,mais de 60 anos,até 19 anos,QRDN,P2P,Pix,"50831,17",572
202411,PF,PF,Nao informado,NORDESTE,entre 50 e 59 anos,entre 20 e 29 anos,DICT,P2P,Pix,"998482,85",3170
202411,PF,PF,Nao informado,CENTRO-OESTE,mais de 60 anos,entre 20 e 29 anos,MANU,P2P,Pix,"35614,25",82
202411,PF,PF,NORDESTE,SUL,entre 50 e 59 anos,entre 30 e 39 anos,QRES,P2P,Pix,"332686,28",5528
202411,PJ,PF,NORTE,NORTE,Nao se aplica,entre 20 e 29 anos,MANU,B2P,Pix,"128681974,91",244691
202411,PF,PF,CENTRO-OESTE,SUDESTE,entre 50 e 59 anos,entre 30 e 39 anos,QRDN,P2P,Pix,"558413,97",7707
202411,PF,PJ,SUDESTE,SUDESTE,entre 40 e 49 anos,Nao se aplica,Nao disponivel,P2G,Nao disponivel,"15491,83",18
202411,PF,PF,SUL,NORDESTE,entre 50 e 59 anos,entre 20 e 29 anos,QRDN,P2P,Pix,"173553,68",3871
202411,PF,PF,SUL,NORTE,entre 30 e 39 anos,mais de 60 anos,MANU,P2P,Pix,"1444744,84",3699
202411,PF,PF,SUDESTE,NORTE,entre 20 e 29 anos,mais de 60 anos,DICT,P2P,Pix,"5524258,91",17195
202411,PF,PF,NORTE,CENTRO-OESTE,entre 50 e 59 anos,mais de 60 anos,MANU,P2P,Pix,"2081203,89",4728
202411,PF,PJ,NORDESTE,NORDESTE,até 19 anos,Nao se aplica,MANU,P2B,Pix Saque,350,1
202411,PF,PF,CENTRO-OESTE,CENTRO-OESTE,mais de 60 anos,entre 40 e 49 anos,Nao disponivel,P2P,Nao disponivel,"860989,65",1673
202411,PF,PF,SUDESTE,NORDESTE,entre 20 e 29 anos,entre 20 e 29 anos,Nao disponivel,P2P,Nao disponivel,"1794003,79",12121
202411,PJ,PF,SUDESTE,SUL,Nao se aplica,entre 50 e 59 anos,Nao disponivel,B2P,Nao disponivel,"15603586,76",124886
202411,PF,PF,SUDESTE,NORTE,até 19 anos,entre 40 e 49 anos,QRES,P2P,Pix,"124141,88",6155
202411,PF,PJ,CENTRO-OESTE,NORTE,entre 30 e 39 anos,Nao se aplica,QRES,P2B,Pix,"7957238,04",53975
202411,PF,PJ,SUL,Nao informado,entre 30 e 39 anos,Nao se aplica,Nao disponivel,P2B,Nao disponivel,2500,1
202411,PF,PF,CENTRO-OESTE,NORTE,mais de 60 anos,entre 50 e 59 anos,MANU,P2P,Pix,"4738775,24",2492
202411,PF,PF,SUL,Nao informado,entre 50 e 59 anos,entre 40 e 49 anos,QRES,P2P,Pix,"13831,28",171
202411,PF,PF,CENTRO-OESTE,SUDESTE,entre 50 e 59 anos,Nao informado,QRES,P2P,Pix,"253423,07",167
202411,PF,PF,SUL,Nao informado,entre 20 e 29 anos,entre 50 e 59 anos,DICT,P2P,Pix,"885096,43",2000
202411,PF,PJ,CENTRO-OESTE,SUL,entre 30 e 39 anos,Nao se aplica,QRDN,P2G,Pix,"850868,43",1577
202411,PF,PF,SUDESTE,SUL,entre 20 e 29 anos,até 19 anos,QRDN,P2P,Pix,"66648,85",2394
202411,PF,PJ,NORDESTE,Nao informado,até 19 anos,Nao se aplica,MANU,P2B,Pix,"1870,16",20
202411,PF,PJ,CENTRO-OESTE,SUL,entre 20 e 29 anos,Nao se aplica,QRDN,P2B,Pix,"286656534,37",3002149
202411,PF,PJ,NORTE,CENTRO-OESTE,até 19 anos,Nao se aplica,QRDN,P2G,Pix,"610039,85",9398
202411,PF,PF,SUL,Nao informado,entre 30 e 39 anos,entre 40 e 49 anos,DICT,P2P,Pix,"3331128,83",5395
202411,PF,PF,NORDESTE,SUDESTE,mais de 60 anos,entre 30 e 39 anos,QRES,P2P,Pix,"1899012,79",15821
202411,PF,PJ,SUL,NORTE,até 19 anos,Nao se aplica,QRES,P2B,Pix,"132291,28",2851
202411,PJ,PF,SUL,CENTRO-OESTE,Nao se aplica,entre 20 e 29 anos,MANU,B2P,Pix,"49255305,85",67352
202411,PF,PF,SUL,Nao informado,entre 20 e 29 anos,entre 30 e 39 anos,DICT,P2P,Pix,"2284676,39",7157
202411,PF,PF,Nao informado,SUDESTE,entre 40 e 49 anos,Nao informado,QRES,P2P,Pix,"630,75",3
202411,PF,PF,NORTE,SUL,entre 40 e 49 anos,entre 30 e 39 anos,DICT,P2P,Pix,"26224858,69",117275
202411,PJ,PF,SUL,CENTRO-OESTE,Nao se aplica,Nao informado,DICT,B2P,Pix,60,1
202411,PF,PF,Nao informado,NORTE,entre 40 e 49 anos,entre 40 e 49 anos,QRDN,P2P,Pix,"19466,68",605
202411,PF,PF,SUDESTE,Nao informado,entre 40 e 49 anos,entre 20 e 29 anos,QRDN,P2P,Pix,"1081,88",59
202411,PF,PF,Nao informado,SUL,entre 50 e 59 anos,até 19 anos,DICT,P2P,Pix,"216083,98",412
202411,PF,PF,NORTE,NORTE,até 19 anos,mais de 60 anos,DICT,P2P,Pix,"21079579,62",293260
202411,PF,PJ,NORDESTE,CENTRO-OESTE,entre 20 e 29 anos,Nao se aplica,MANU,P2G,Pix,"1524,7",12
202411,PF,PF,Nao informado,NORTE,entre 50 e 59 anos,até 19 anos,Nao disponivel,P2P,Nao disponivel,50,2
202411,PF,PF,CENTRO-OESTE,NORDESTE,mais de 60 anos,entre 20 e 29 anos,MANU,P2P,Pix,"1813193,53",7810
202411,PF,PF,SUL,SUDESTE,mais de 60 anos,entre 50 e 59 anos,MANU,P2P,Pix,"6469607,34",7088
202411,PJ,PF,Nao informado,NORTE,Nao se aplica,mais de 60 anos,QRES,B2P,Pix,"450,68",4
202411,PF,PJ,Nao informado,CENTRO-OESTE,Nao informado,Nao se aplica,MANU,P2B,Pix,"330,08",9
202411,PF,PF,NORTE,NORDESTE,entre 50 e 59 anos,até 19 anos,Nao disponivel,P2P,Nao disponivel,"2533,2",64
202411,PJ,PF,NORTE,NORDESTE,Nao se aplica,entre 30 e 39 anos,DICT,B2P,Pix,"205607465,04",553107
202411,PJ,PF,CENTRO-OESTE,SUDESTE,Nao se aplica,entre 40 e 49 anos,MANU,B2P,Pix,"119377922,78",24621
202411,PF,PF,NORTE,SUDESTE,mais de 60 anos,até 19 anos,DICT,P2P,Pix,"1180548,04",7202
202411,PF,PF,SUDESTE,Nao informado,mais de 60 anos,Nao informado,MANU,P2P,Pix,1025,3
202411,PF,PF,NORTE,SUL,mais de 60 anos,entre 50 e 59 anos,Nao disponivel,P2P,Nao disponivel,"709,95",12
202411,PF,PF,SUL,Nao informado,até 19 anos,entre 40 e 49 anos,QRDN,P2P,Pix,"1262,95",32
202411,PF,PJ,NORDESTE,NORDESTE,até 19 anos,Nao se aplica,QRES,P2B,Pix,"81513000,24",2369003
202411,PJ,PJ,SUL,SUL,Nao se aplica,Nao se aplica,QRDN,B2B,Pix Troco,"69511,33",116
202411,PF,PJ,NORTE,SUL,entre 40 e 49 anos,Nao se aplica,DICT,P2G,Pix,"52767,44",24
202411,PF,PJ,NORTE,SUL,mais de 60 anos,Nao se aplica,DICT,P2B,Pix,"18358913,41",14281
202411,PF,PF,NORDESTE,SUL,entre 50 e 59 anos,entre 40 e 49 anos,QRDN,P2P,Pix,"111358,37",2746
202411,PF,PJ,NORDESTE,NORTE,até 19 anos,Nao se aplica,QRDN,P2B,Pix Saque,"6146,47",36
202411,PF,PF,SUDESTE,Nao informado,mais de 60 anos,entre 20 e 29 anos,DICT,P2P,Pix,"1191546,46",3086
202411,PF,PF,SUL,SUDESTE,entre 50 e 59 anos,entre 30 e 39 anos,QRDN,P2P,Pix,"496596,42",8004
202411,PF,PF,CENTRO-OESTE,NORDESTE,entre 30 e 39 anos,entre 20 e 29 anos,QRDN,P2P,Pix,"1562626,27",47740
202411,PF,PJ,NORTE,CENTRO-OESTE,até 19 anos,Nao se aplica,MANU,P2B,Pix,"448637,71",3776
202411,PJ,PF,SUL,NORDESTE,Nao se aplica,entre 40 e 49 anos,DICT,B2P,Pix,"199183180,35",508583
202411,PF,PF,NORTE,SUL,entre 20 e 29 anos,entre 50 e 59 anos,MANU,P2P,Pix,3527733,14293
202411,PF,PF,Nao informado,SUL,entre 30 e 39 anos,entre 40 e 49 anos,QRES,P2P,Pix,"60550,22",975
202411,PJ,PF,SUDESTE,SUL,Nao se aplica,entre 20 e 29 anos,Nao disponivel,G2P,Nao disponivel,"355,23",4
202411,PF,PF,SUDESTE,NORDESTE,entre 40 e 49 anos,entre 20 e 29 anos,Nao disponivel,P2P,Nao disponivel,"483997,34",3148
202411,PF,PJ,NORTE,SUL,entre 40 e 49 anos,Nao se aplica,INIC,P2B,Pix,"20975,87",108
202411,PF,PJ,NORTE,NORTE,até 19 anos,Nao se aplica,MANU,P2G,Pix,"666,81",13
202411,PF,PF,NORDESTE,Nao informado,mais de 60 anos,mais de 60 anos,MANU,P2P,Pix,"226442,83",199
202411,PF,PF,NORTE,SUL,entre 50 e 59 anos,entre 30 e 39 anos,DICT,P2P,Pix,"14907881,9",51172
202411,PF,PF,SUL,NORTE,até 19 anos,entre 50 e 59 anos,DICT,P2P,Pix,"1082329,32",7404
202411,PF,PJ,SUDESTE,CENTRO-OESTE,até 19 anos,Nao se aplica,Nao disponivel,P2B,Nao disponivel,"40966,33",224
202411,PJ,PF,NORDESTE,CENTRO-OESTE,Nao se aplica,entre 20 e 29 anos,QRDN,B2P,Pix,"73367,09",1189
202411,PF,PF,NORDESTE,Nao informado,entre 30 e 39 anos,entre 20 e 29 anos,Nao disponivel,P2P,Nao disponivel,"43407,48",36
202411,PF,PJ,CENTRO-OESTE,NORTE,entre 30 e 39 anos,Nao se aplica,QRES,P2G,Pix,"1730,46",25
202411,PJ,PJ,SUDESTE,SUL,Nao se aplica,Nao se aplica,QRES,B2B,Pix,"77026221,76",193447
202411,PJ,PF,Nao informado,CENTRO-OESTE,Nao se aplica,mais de 60 anos,QRES,B2P,Pix,"1849,18",16
202411,PF,PJ,NORTE,NORDESTE,entre 50 e 59 anos,Nao se aplica,DICT,P2G,Pix,"3345,38",3
202411,PF,PF,NORTE,Nao informado,entre 40 e 49 anos,entre 50 e 59 anos,DICT,P2P,Pix,"641048,05",2311
202411,PF,PF,NORDESTE,SUDESTE,entre 40 e 49 anos,entre 30 e 39 anos,MANU,P2P,Pix,"36719472,46",242353
202411,PJ,PF,SUDESTE,NORDESTE,Nao se aplica,entre 50 e 59 anos,MANU,G2P,Pix,"13045,4",35
202411,PF,PF,NORDESTE,NORDESTE,entre 30 e 39 anos,entre 20 e 29 anos,INIC,P2P,Pix,1500,1
202411,PF,PF,SUDESTE,NORTE,entre 20 e 29 anos,mais de 60 anos,QRDN,P2P,Pix,"80492,11",3570
202411,PJ,PF,NORDESTE,SUDESTE,Nao se aplica,até 19 anos,DICT,G2P,Pix,"20494,17",33
202411,PF,PF,SUDESTE,SUL,entre 20 e 29 anos,entre 30 e 39 anos,DICT,P2P,Pix,"79195616,33",353196
202411,PF,PJ,NORTE,CENTRO-OESTE,entre 20 e 29 anos,Nao se aplica,DICT,P2B,Pix,"69036144,02",147808
202411,PF,PF,SUL,SUDESTE,entre 40 e 49 anos,entre 20 e 29 anos,MANU,P2P,Pix,"6237119,24",42154
202411,PF,PF,SUDESTE,SUDESTE,entre 20 e 29 anos,Nao informado,MANU,P2P,Pix,819,7
202411,PF,PJ,NORTE,SUL,Nao informado,Nao se aplica,QRES,P2B,Pix,15,1
202411,PF,PJ,SUL,CENTRO-OESTE,entre 20 e 29 anos,Nao se aplica,Nao disponivel,P2G,Nao disponivel,"108,14",1
202411,PF,PF,Nao informado,NORDESTE,mais de 60 anos,entre 30 e 39 anos,Nao disponivel,P2P,Nao disponivel,"1135,12",1
202411,PF,PF,SUDESTE,Nao informado,até 19 anos,entre 20 e 29 anos,QRES,P2P,Pix,7552,260
202411,PF,PF,CENTRO-OESTE,CENTRO-OESTE,entre 40 e 49 anos,entre 30 e 39 anos,MANU,P2P,Pix,"237962917,15",886454
202411,PF,PF,NORDESTE,NORTE,entre 40 e 49 anos,até 19 anos,Nao disponivel,P2P,Nao disponivel,"6400,88",413
202411,PF,PF,CENTRO-OESTE,Nao informado,mais de 60 anos,até 19 anos,MANU,P2P,Pix,400,1
202411,PJ,PF,SUDESTE,SUDESTE,Nao se aplica,entre 20 e 29 anos,Nao disponivel,B2P,Nao disponivel,"157395606,85",2136058
202411,PF,PF,Nao informado,NORDESTE,entre 20 e 29 anos,mais de 60 anos,DICT,P2P,Pix,"768643,46",1788
202411,PF,PF,SUL,SUL,entre 40 e 49 anos,entre 30 e 39 anos,Nao disponivel,P2P,Nao disponivel,"3630300,43",13860
202411,PF,PF,SUL,Nao informado,entre 40 e 49 anos,entre 30 e 39 anos,QRES,P2P,Pix,"122325,25",789
202411,PF,PF,SUDESTE,SUDESTE,até 19 anos,entre 40 e 49 anos,Nao disponivel,P2P,Nao disponivel,"5426472,34",51591
202411,PJ,PF,NORDESTE,CENTRO-OESTE,Nao se aplica,mais de 60 anos,MANU,B2P,Pix,"29876359,79",6203
202411,PF,PJ,Nao informado,SUDESTE,entre 50 e 59 anos,Nao se aplica,QRES,P2B,Pix Saque,1130,2
202411,PF,PF,NORTE,NORDESTE,entre 20 e 29 anos,entre 50 e 59 anos,QRDN,P2P,Pix,"792006,5",30256
202411,PF,PJ,SUL,NORTE,entre 20 e 29 anos,Nao se aplica,QRDN,P2B,Pix,"30969615,1",776556
202411,PJ,PF,NORTE,SUDESTE,Nao se aplica,entre 30 e 39 anos,DICT,G2P,Pix,"28981,44",43
202411,PF,PF,NORDESTE,NORDESTE,até 19 anos,entre 40 e 49 anos,Nao disponivel,P2P,Nao disponivel,"2656657,25",30519
202411,PF,PF,NORDESTE,NORDESTE,entre 20 e 29 anos,mais de 60 anos,QRES,P2P,Pix,"56362465,1",2037236
202411,PF,PF,NORTE,NORTE,entre 20 e 29 anos,entre 30 e 39 anos,DICT,P2P,Pix,"1253321304,31",9059227
202411,PF,PF,SUL,NORDESTE,entre 30 e 39 anos,mais de 60 anos,Nao disponivel,P2P,Nao disponivel,"18975,61",83
202411,PF,PJ,Nao informado,NORTE,mais de 60 anos,Nao se aplica,QRDN,P2B,Pix,67004,756
202411,PF,PJ,Nao informado,SUL,até 19 anos,Nao se aplica,QRES,P2B,Pix,"53621,93",608
202411,PJ,PF,NORTE,CENTRO-OESTE,Nao se aplica,mais de 60 anos,DICT,G2P,Pix,"21432,09",15
202411,PF,PF,NORDESTE,Nao informado,entre 30 e 39 anos,Nao informado,QRES,P2P,Pix,"50,67",8
202411,PF,PF,NORTE,SUDESTE,entre 30 e 39 anos,entre 30 e 39 anos,MANU,P2P,Pix,"11942598,94",78380
202411,PF,PF,Nao informado,CENTRO-OESTE,mais de 60 anos,entre 50 e 59 anos,QRES,P2P,Pix,"6526,59",70
202411,PF,PF,SUL,SUDESTE,até 19 anos,entre 40 e 49 anos,Nao disponivel,P2P,Nao disponivel,"54107,61",713
202411,PF,PF,NORDESTE,CENTRO-OESTE,até 19 anos,até 19 anos,QRDN,P2P,Pix,"149367,06",1539
202411,PJ,PJ,SUL,CENTRO-OESTE,Nao se aplica,Nao se aplica,MANU,B2G,Pix,"1215244,58",137
202411,PF,PJ,SUL,NORDESTE,entre 40 e 49 anos,Nao se aplica,DICT,P2B,Pix,"50960292,53",53489
202411,PF,PF,NORTE,NORDESTE,entre 30 e 39 anos,entre 20 e 29 anos,Nao disponivel,P2P,Nao disponivel,"206768,43",933
202411,PF,PF,NORDESTE,Nao informado,entre 40 e 49 anos,entre 40 e 49 anos,MANU,P2P,Pix,"564514,83",2502
202411,PF,PF,NORDESTE,NORDESTE,entre 50 e 59 anos,mais de 60 anos,MANU,P2P,Pix,"177641801,71",704411
202411,PF,PF,NORTE,NORDESTE,entre 40 e 49 anos,entre 40 e 49 anos,DICT,P2P,Pix,"73807469,08",246060
202411,PF,PF,SUDESTE,Nao informado,entre 20 e 29 anos,entre 50 e 59 anos,Nao disponivel,P2P,Nao disponivel,"5280,12",22
202411,PF,PF,NORDESTE,NORDESTE,mais de 60 anos,mais de 60 anos,QRES,P2P,Pix,"59004097,32",299922
202411,PF,PJ,Nao informado,NORDESTE,entre 40 e 49 anos,Nao se aplica,DICT,P2B,Pix,"5072345,04",3586
202411,PF,PF,NORDESTE,SUL,entre 30 e 39 anos,entre 40 e 49 anos,QRDN,P2P,Pix,"656736,38",20165
202411,PF,PF,CENTRO-OESTE,CENTRO-OESTE,entre 20 e 29 anos,mais de 60 anos,Nao disponivel,P2P,Nao disponivel,"1506169,29",3023
202411,PF,PF,Nao informado,SUL,entre 50 e 59 anos,mais de 60 anos,MANU,P2P,Pix,"420818,96",397
202411,PJ,PJ,SUDESTE,NORDESTE,Nao se aplica,Nao se aplica,Nao disponivel,B2B,Nao disponivel,"25139512,05",94734
202411,PF,PJ,SUDESTE,NORTE,entre 40 e 49 anos,Nao se aplica,QRDN,P2G,Pix,"961657,14",1553
202411,PF,PF,SUDESTE,NORDESTE,até 19 anos,entre 40 e 49 anos,Nao disponivel,P2P,Nao disponivel,"156542,59",2049
202411,PF,PF,CENTRO-OESTE,SUL,entre 40 e 49 anos,mais de 60 anos,MANU,P2P,Pix,"9443977,21",4499
202411,PF,PF,Nao informado,NORDESTE,entre 40 e 49 anos,entre 20 e 29 anos,Nao disponivel,P2P,Nao disponivel,"1890,45",9
202411,PF,PF,SUDESTE,NORTE,entre 30 e 39 anos,entre 50 e 59 anos,DICT,P2P,Pix,"24376617,51",66864
202411,PF,PJ,CENTRO-OESTE,SUL,entre 50 e 59 anos,Nao se aplica,QRDN,P2B,Pix Troco,"394,13",2
202411,PF,PF,CENTRO-OESTE,NORDESTE,até 19 anos,entre 50 e 59 anos,MANU,P2P,Pix,"315179,81",4893
202411,PF,PF,SUL,CENTRO-OESTE,entre 40 e 49 anos,até 19 anos,DICT,P2P,Pix,"3392112,8",18757
202411,PF,PF,NORTE,SUDESTE,entre 20 e 29 anos,mais de 60 anos,QRDN,P2P,Pix,"314724,94",12125
202411,PF,PF,NORDESTE,SUL,mais de 60 anos,até 19 anos,DICT,P2P,Pix,"831614,59",5541
202411,PJ,PF,NORDESTE,NORTE,Nao se aplica,entre 20 e 29 anos,DICT,B2P,Pix,"497242376,22",2647962
202411,PF,PF,SUDESTE,NORDESTE,até 19 anos,entre 20 e 29 anos,MANU,P2P,Pix,"4605938,23",68666
202411,PF,PJ,NORDESTE,NORTE,entre 30 e 39 anos,Nao se aplica,QRES,P2G,Pix,"1889,37",47
202411,PF,PF,Nao informado,SUDESTE,mais de 60 anos,entre 50 e 59 anos,QRDN,P2P,Pix,"3936,74",77
202411,PJ,PJ,CENTRO-OESTE,SUL,Nao se aplica,Nao se aplica,QRDN,B2B,Pix,"156315023,84",272299
202411,PF,PF,Nao informado,NORTE,Nao informado,entre 30 e 39 anos,DICT,P2P,Pix,"4822,78",45
202411,PF,PJ,NORTE,SUL,entre 30 e 39 anos,Nao se aplica,QRES,P2B,Pix Saque,"257,17",7
202411,PF,PF,Nao informado,SUL,entre 40 e 49 anos,entre 30 e 39 anos,QRES,P2P,Pix,"87947,95",557
202411,PF,PJ,Nao informado,SUL,até 19 anos,Nao se aplica,DICT,P2G,Pix,31,2
202411,PF,PF,CENTRO-OESTE,NORDESTE,entre 50 e 59 anos,mais de 60 anos,Nao disponivel,P2P,Nao disponivel,"21079,07",55
202411,PF,PF,SUL,SUL,entre 30 e 39 anos,entre 20 e 29 anos,Nao disponivel,P2P,Nao disponivel,"4238002,84",23243
202411,PF,PF,NORTE,CENTRO-OESTE,entre 20 e 29 anos,mais de 60 anos,QRES,P2P,Pix,"600898,46",19132
202411,PF,PF,NORDESTE,SUDESTE,entre 50 e 59 anos,entre 20 e 29 anos,QRDN,P2P,Pix,"668687,81",17832
202411,PF,PF,NORDESTE,SUDESTE,mais de 60 anos,mais de 60 anos,QRES,P2P,Pix,"575810,26",6313
202411,PF,PF,NORDESTE,CENTRO-OESTE,mais de 60 anos,mais de 60 anos,DICT,P2P,Pix,"12569391,07",19846
202411,PF,PF,NORDESTE,NORTE,Nao informado,entre 20 e 29 anos,MANU,P2P,Pix,97,3
202411,PF,PF,CENTRO-OESTE,SUDESTE,entre 50 e 59 anos,entre 20 e 29 anos,Nao disponivel,P2P,Nao disponivel,"223353,99",238
202411,PF,PF,NORTE,SUDESTE,entre 50 e 59 anos,mais de 60 anos,QRDN,P2P,Pix,"87800,53",2237
202411,PF,PJ,NORTE,SUL,até 19 anos,Nao se aplica,INIC,P2B,Pix,"48,55",1
202411,PF,PJ,CENTRO-OESTE,CENTRO-OESTE,entre 20 e 29 anos,Nao se aplica,QRES,P2B,Pix Saque,"8074,49",72
202411,PF,PJ,SUL,NORDESTE,mais de 60 anos,Nao se aplica,QRES,P2G,Pix,"433,41",15
202411,PF,PJ,NORTE,CENTRO-OESTE,até 19 anos,Nao se aplica,QRDN,P2B,Pix Saque,"27622,37",75
202411,PF,PF,Nao informado,NORTE,entre 50 e 59 anos,mais de 60 anos,Nao disponivel,P2P,Nao disponivel,87,1
202411,PF,PJ,Nao informado,SUDESTE,entre 40 e 49 anos,Nao se aplica,QRES,P2G,Pix,"31212,72",29
202411,PF,PF,Nao informado,Nao informado,entre 40 e 49 anos,mais de 60 anos,Nao disponivel,P2P,Nao disponivel,"279,69",2
202411,PF,PF,CENTRO-OESTE,SUDESTE,até 19 anos,Nao informado,QRES,P2P,Pix,"44529,63",69
202411,PF,PJ,CENTRO-OESTE,NORDESTE,até 19 anos,Nao se aplica,Nao disponivel,P2B,Nao disponivel,"52989,58",170
202411,PJ,PF,CENTRO-OESTE,Nao informado,Nao se aplica,entre 20 e 29 anos,MANU,G2P,Pix,"32864,07",22
202411,PF,PF,NORDESTE,Nao informado,mais de 60 anos,Nao informado,QRES,P2P,Pix,2,1
202411,PF,PJ,NORTE,NORTE,mais de 60 anos,Nao se aplica,QRES,P2B,Pix Saque,"1000,48",4
202411,PF,PF,Nao informado,SUDESTE,entre 40 e 49 anos,entre 50 e 59 anos,QRES,P2P,Pix,"82412,25",850
202411,PF,PF,NORTE,Nao informado,entre 50 e 59 anos,entre 30 e 39 anos,QRDN,P2P,Pix,"3958,02",141
202411,PF,PF,Nao informado,NORDESTE,Nao informado,entre 30 e 39 anos,DICT,P2P,Pix,"5464,86",90
202411,PJ,PJ,SUDESTE,SUL,Nao se aplica,Nao se aplica,Nao disponivel,B2B,Nao disponivel,"44569521,36",138432
202411,PF,PF,SUDESTE,SUDESTE,entre 50 e 59 anos,até 19 anos,MANU,P2P,Pix,"100185511,67",970295
202411,PJ,PJ,SUL,SUDESTE,Nao se aplica,Nao se aplica,QRDN,B2B,Pix Saque,"82214,63",319
202411,PF,PF,CENTRO-OESTE,Nao informado,entre 30 e 39 anos,entre 30 e 39 anos,Nao disponivel,P2P,Nao disponivel,"18324,2",20
202411,PF,PF,CENTRO-OESTE,CENTRO-OESTE,entre 30 e 39 anos,até 19 anos,DICT,P2P,Pix,"170688679,52",1424894
202411,PF,PF,SUL,SUL,entre 40 e 49 anos,entre 20 e 29 anos,MANU,P2P,Pix,"162190388,88",957436
202411,PF,PF,SUL,SUL,entre 40 e 49 anos,mais de 60 anos,MANU,P2P,Pix,"245674241,93",457657
202411,PF,PF,CENTRO-OESTE,NORTE,entre 50 e 59 anos,entre 20 e 29 anos,Nao disponivel,P2P,Nao disponivel,"22202,09",154
202411,PF,PF,CENTRO-OESTE,SUDESTE,mais de 60 anos,entre 20 e 29 anos,MANU,P2P,Pix,"2367150,18",6681
202411,PF,PF,CENTRO-OESTE,CENTRO-OESTE,entre 40 e 49 anos,entre 30 e 39 anos,QRES,P2P,Pix,"36183189,43",532681
202411,PJ,PF,NORTE,SUL,Nao se aplica,entre 40 e 49 anos,DICT,G2P,Pix,6290,11
202411,PF,PF,NORDESTE,SUL,mais de 60 anos,entre 20 e 29 anos,QRES,P2P,Pix,"115908,79",1205
202411,PF,PF,NORTE,NORDESTE,entre 40 e 49 anos,entre 40 e 49 anos,QRDN,P2P,Pix,"1495660,88",39735
202411,PF,PJ,SUDESTE,SUDESTE,mais de 60 anos,Nao se aplica,QRES,P2B,Pix,"1040090053,13",5250801
202411,PF,PF,SUL,Nao informado,entre 50 e 59 anos,entre 20 e 29 anos,Nao disponivel,P2P,Nao disponivel,"8,99",2
202411,PF,PF,SUDESTE,SUDESTE,mais de 60 anos,até 19 anos,QRDN,P2P,Pix,"698071,39",13691
202411,PF,PF,SUL,SUDESTE,entre 40 e 49 anos,entre 30 e 39 anos,Nao disponivel,P2P,Nao disponivel,"754681,51",964
202411,PJ,PF,NORDESTE,SUDESTE,Nao se aplica,entre 40 e 49 anos,MANU,B2P,Pix,"95356531,24",165827
202411,PJ,PF,CENTRO-OESTE,NORDESTE,Nao se aplica,entre 40 e 49 anos,QRDN,B2P,Pix,"197711,66",3616
202411,PJ,PJ,Nao informado,NORDESTE,Nao se aplica,Nao se aplica,MANU,B2B,Pix,"1709441,19",62
202411,PF,PF,SUL,Nao informado,mais de 60 anos,até 19 anos,DICT,P2P,Pix,"28814,39",126
202411,PF,PJ,Nao informado,SUDESTE,entre 30 e 39 anos,Nao se aplica,QRDN,P2G,Pix,"75135,9",210
202411,PF,PF,CENTRO-OESTE,CENTRO-OESTE,até 19 anos,entre 50 e 59 anos,QRDN,P2P,Pix,"2730510,92",155066
202411,PJ,PF,SUL,SUL,Nao se aplica,entre 30 e 39 anos,DICT,G2P,Pix,"13319214,73",269657
202411,PF,PF,NORDESTE,SUDESTE,entre 50 e 59 anos,entre 30 e 39 anos,DICT,P2P,Pix,"122083224,65",463572
202411,PF,PJ,CENTRO-OESTE,NORDESTE,entre 50 e 59 anos,Nao se aplica,QRDN,P2B,Pix,"83868375,16",2271663
202411,PF,PF,NORDESTE,SUDESTE,entre 50 e 59 anos,entre 40 e 49 anos,QRES,P2P,Pix,"3480376,18",60255
202411,PF,PF,NORDESTE,NORDESTE,até 19 anos,Nao informado,DICT,P2P,Pix,"2841,78",62
202411,PF,PJ,NORTE,CENTRO-OESTE,até 19 anos,Nao se aplica,INIC,P2B,Pix,"572,09",4
202411,PJ,PF,SUL,SUL,Nao se aplica,até 19 anos,Nao disponivel,G2P,Nao disponivel,"904,22",6
202411,PF,PF,SUDESTE,NORTE,entre 50 e 59 anos,entre 40 e 49 anos,DICT,P2P,Pix,"33562554,88",80178
202411,PF,PF,CENTRO-OESTE,NORDESTE,até 19 anos,até 19 anos,DICT,P2P,Pix,"2559222,48",83757
202411,PF,PF,SUDESTE,NORDESTE,entre 30 e 39 anos,entre 40 e 49 anos,DICT,P2P,Pix,"275385878,25",1195053
202411,PF,PF,Nao informado,CENTRO-OESTE,mais de 60 anos,mais de 60 anos,QRDN,P2P,Pix,"283,89",6
202411,PF,PF,SUDESTE,SUL,até 19 anos,mais de 60 anos,DICT,P2P,Pix,"1553776,36",11409
202411,PF,PF,NORTE,NORDESTE,entre 50 e 59 anos,entre 30 e 39 anos,QRDN,P2P,Pix,"795620,37",19678
202411,PF,PF,SUDESTE,NORTE,entre 50 e 59 anos,até 19 anos,DICT,P2P,Pix,"2230179,85",17186
202411,PF,PF,NORTE,NORDESTE,até 19 anos,entre 30 e 39 anos,QRDN,P2P,Pix,"392803,06",20335
202411,PF,PF,Nao informado,NORDESTE,entre 30 e 39 anos,entre 30 e 39 anos,QRDN,P2P,Pix,"71393,72",1827
202411,PF,PF,NORTE,SUDESTE,entre 20 e 29 anos,entre 40 e 49 anos,INIC,P2P,Pix,10,1
202411,PF,PJ,SUL,SUL,até 19 anos,Nao se aplica,DICT,P2G,Pix,"45498,79",350
202411,PF,PF,NORTE,Nao informado,entre 50 e 59 anos,entre 50 e 59 anos,DICT,P2P,Pix,"448889,82",1268
202411,PF,PF,SUL,NORTE,entre 20 e 29 anos,mais de 60 anos,QRES,P2P,Pix,"93403,56",3192
202411,PF,PF,NORDESTE,NORTE,até 19 anos,entre 30 e 39 anos,MANU,P2P,Pix,"893135,77",12129
202411,PF,PF,Nao informado,NORTE,mais de 60 anos,entre 20 e 29 anos,MANU,P2P,Pix,"64782,99",174
202411,PF,PF,NORTE,SUL,até 19 anos,entre 40 e 49 anos,MANU,P2P,Pix,"398230,1",3738
202411,PJ,PF,SUL,Nao informado,Nao se aplica,entre 50 e 59 anos,QRES,B2P,Pix,"40326,27",132
202411,PF,PJ,NORTE,SUDESTE,até 19 anos,Nao se aplica,Nao disponivel,P2B,Nao disponivel,"155739,14",391
202411,PJ,PF,SUDESTE,CENTRO-OESTE,Nao se aplica,mais de 60 anos,Nao disponivel,G2P,Nao disponivel,"2146,23",10
202411,PJ,PF,NORTE,CENTRO-OESTE,Nao se aplica,entre 30 e 39 anos,Nao disponivel,B2P,Nao disponivel,"339136,52",398
202411,PF,PF,Nao informado,CENTRO-OESTE,entre 20 e 29 anos,até 19 anos,DICT,P2P,Pix,"52825,45",421
202411,PF,PF,NORDESTE,Nao informado,até 19 anos,Nao informado,DICT,P2P,Pix,"519,71",20
202411,PF,PF,NORTE,SUDESTE,até 19 anos,mais de 60 anos,QRES,P2P,Pix,"78667,23",4432
202411,PF,PF,NORTE,NORDESTE,Nao informado,entre 40 e 49 anos,MANU,P2P,Pix,115,2
202411,PF,PF,SUDESTE,NORTE,entre 30 e 39 anos,entre 20 e 29 anos,DICT,P2P,Pix,"50008385,89",255040
202411,PF,PJ,NORDESTE,SUDESTE,entre 20 e 29 anos,Nao se aplica,QRDN,P2B,Pix,"3676215326,31",65781863
202411,PJ,PF,SUDESTE,NORDESTE,Nao se aplica,até 19 anos,MANU,B2P,Pix,"53933236,78",278731
202411,PF,PJ,SUDESTE,SUDESTE,entre 50 e 59 anos,Nao se aplica,DICT,P2B,Pix,"6464773041,43",9719253
202411,PF,PF,SUL,CENTRO-OESTE,entre 50 e 59 anos,entre 30 e 39 anos,Nao disponivel,P2P,Nao disponivel,"83096,48",88
202411,PF,PF,Nao informado,NORTE,Nao informado,entre 40 e 49 anos,MANU,P2P,Pix,99,3
202411,PJ,PF,NORDESTE,SUDESTE,Nao se aplica,até 19 anos,Nao disponivel,B2P,Nao disponivel,"893885,11",33389
202411,PF,PF,CENTRO-OESTE,CENTRO-OESTE,mais de 60 anos,mais de 60 anos,INIC,P2P,Pix,"1072737,42",834
202411,PJ,PJ,NORTE,CENTRO-OESTE,Nao se aplica,Nao se aplica,Nao disponivel,B2B,Nao disponivel,"851366,52",184
202411,PF,PF,Nao informado,NORDESTE,entre 30 e 39 anos,entre 20 e 29 anos,QRES,P2P,Pix,"63577,73",1210
202411,PF,PF,SUDESTE,SUL,entre 30 e 39 anos,entre 40 e 49 anos,MANU,P2P,Pix,"18495619,75",55651
202411,PF,PJ,SUL,SUDESTE,mais de 60 anos,Nao se aplica,Nao disponivel,P2B,Nao disponivel,"516167,07",229
202411,PF,PF,NORTE,NORTE,entre 50 e 59 anos,mais de 60 anos,QRES,P2P,Pix,"8690598,88",212926
202411,PJ,PF,NORDESTE,NORDESTE,Nao se aplica,entre 50 e 59 anos,QRDN,G2P,Pix,301,5
202411,PJ,PF,SUL,NORDESTE,Nao se aplica,entre 50 e 59 anos,MANU,G2P,Pix,"19006,16",7
202411,PF,PJ,NORTE,SUDESTE,Nao informado,Nao se aplica,QRES,P2B,Pix,"69,52",1
202411,PF,PF,SUL,SUL,mais de 60 anos,entre 20 e 29 anos,Nao disponivel,P2P,Nao disponivel,"483483,3",1880
202411,PF,PF,SUL,SUL,entre 40 e 49 anos,entre 40 e 49 anos,Nao disponivel,P2P,Nao disponivel,"13658518,03",23433
202411,PF,PJ,CENTRO-OESTE,SUDESTE,entre 40 e 49 anos,Nao se aplica,QRES,P2B,Pix Saque,1425,2
202411,PF,PF,NORDESTE,NORDESTE,entre 50 e 59 anos,entre 40 e 49 anos,MANU,P2P,Pix,"361500955,22",2093377
202411,PF,PJ,NORTE,NORDESTE,entre 20 e 29 anos,Nao se aplica,QRES,P2B,Pix Saque,"15,74",1
202411,PF,PJ,CENTRO-OESTE,SUL,entre 20 e 29 anos,Nao se aplica,DICT,P2B,Pix,"53819719,98",72759
202411,PF,PF,Nao informado,SUDESTE,entre 40 e 49 anos,entre 50 e 59 anos,QRDN,P2P,Pix,"18118,09",523
202411,PF,PF,CENTRO-OESTE,NORTE,mais de 60 anos,mais de 60 anos,QRES,P2P,Pix,"85401,05",1107
202411,PF,PF,SUL,NORTE,mais de 60 anos,entre 20 e 29 anos,QRES,P2P,Pix,"103986,49",1223
202411,PF,PF,SUL,SUL,entre 20 e 29 anos,entre 30 e 39 anos,MANU,P2P,Pix,"308100522,95",1775266
202411,PF,PF,SUDESTE,CENTRO-OESTE,entre 30 e 39 anos,até 19 anos,MANU,P2P,Pix,"1205967,64",12101
202411,PF,PF,CENTRO-OESTE,NORTE,mais de 60 anos,entre 40 e 49 anos,QRES,P2P,Pix,"261076,26",2961
202411,PF,PF,NORDESTE,SUDESTE,mais de 60 anos,mais de 60 anos,QRDN,P2P,Pix,"180171,56",3545
202411,PF,PF,SUDESTE,Nao informado,entre 50 e 59 anos,Nao informado,MANU,P2P,Pix,"141,5",11
202411,PF,PF,NORDESTE,SUL,entre 30 e 39 anos,entre 50 e 59 anos,QRES,P2P,Pix,"707991,12",17457
202411,PJ,PF,SUDESTE,NORDESTE,Nao se aplica,entre 40 e 49 anos,QRES,B2P,Pix,"3772576,74",21501
202411,PF,PJ,NORDESTE,SUL,até 19 anos,Nao se aplica,QRDN,P2B,Pix,"72748766,52",1624850
202411,PJ,PF,NORTE,NORTE,Nao se aplica,entre 20 e 29 anos,Nao disponivel,B2P,Nao disponivel,"2527376,79",20294
202411,PF,PF,NORDESTE,Nao informado,entre 30 e 39 anos,Nao informado,DICT,P2P,Pix,"15589,5",72
202411,PF,PJ,SUDESTE,CENTRO-OESTE,entre 30 e 39 anos,Nao se aplica,QRDN,P2B,Pix Troco,717,1
202411,PF,PJ,NORTE,SUL,entre 40 e 49 anos,Nao se aplica,MANU,P2G,Pix,"2942,66",8
202411,PF,PF,SUDESTE,CENTRO-OESTE,entre 30 e 39 anos,entre 50 e 59 anos,MANU,P2P,Pix,"10736376,94",25327
202411,PF,PF,Nao informado,SUDESTE,entre 50 e 59 anos,entre 20 e 29 anos,MANU,P2P,Pix,"698672,17",767
202411,PF,PF,SUDESTE,Nao informado,entre 40 e 49 anos,até 19 anos,Nao disponivel,P2P,Nao disponivel,85,2
202411,PF,PJ,CENTRO-OESTE,NORTE,até 19 anos,Nao se aplica,QRDN,P2B,Pix,"4197523,87",123799
202411,PF,PF,CENTRO-OESTE,SUDESTE,até 19 anos,entre 30 e 39 anos,Nao disponivel,P2P,Nao disponivel,"82915,44",786
202411,PJ,PF,CENTRO-OESTE,SUL,Nao se aplica,entre 30 e 39 anos,DICT,B2P,Pix,"119259625,76",136399
202411,PF,PF,CENTRO-OESTE,NORTE,entre 50 e 59 anos,mais de 60 anos,DICT,P2P,Pix,"13036380,22",20880
202411,PJ,PJ,SUDESTE,SUL,Nao se aplica,Nao se aplica,QRDN,B2B,Pix,"1192270396,13",1075342
202411,PF,PF,Nao informado,SUDESTE,entre 20 e 29 anos,entre 30 e 39 anos,QRDN,P2P,Pix,"33417,78",1141
202411,PF,PJ,Nao informado,NORDESTE,entre 30 e 39 anos,Nao se aplica,QRDN,P2G,Pix,"105702,41",254
202411,PF,PJ,Nao informado,CENTRO-OESTE,entre 30 e 39 anos,Nao se aplica,Nao disponivel,P2B,Nao disponivel,"6811,35",24
202411,PF,PF,NORTE,CENTRO-OESTE,até 19 anos,até 19 anos,MANU,P2P,Pix,"481473,1",10861
202411,PF,PJ,NORDESTE,SUL,entre 30 e 39 anos,Nao se aplica,QRES,P2G,Pix,"17188,17",216
202411,PF,PF,NORDESTE,SUL,mais de 60 anos,mais de 60 anos,QRDN,P2P,Pix,"20919,82",401
202411,PF,PF,SUDESTE,SUL,entre 20 e 29 anos,entre 20 e 29 anos,DICT,P2P,Pix,"87783569,79",510920
202411,PF,PF,SUL,Nao informado,entre 30 e 39 anos,entre 40 e 49 anos,QRES,P2P,Pix,"77082,74",695
202411,PF,PF,NORDESTE,SUL,mais de 60 anos,entre 50 e 59 anos,Nao disponivel,P2P,Nao disponivel,"2176,73",24
202411,PJ,PF,NORDESTE,NORDESTE,Nao se aplica,entre 30 e 39 anos,QRDN,G2P,Pix,"1176,53",12
202411,PJ,PF,NORTE,NORDESTE,Nao se aplica,mais de 60 anos,QRDN,B2P,Pix,"97280,11",1043
202411,PF,PJ,NORTE,CENTRO-OESTE,entre 50 e 59 anos,Nao se aplica,QRES,P2B,Pix,"7596904,42",34009
202411,PF,PJ,NORTE,SUDESTE,entre 20 e 29 anos,Nao se aplica,MANU,P2B,Pix,"11935888,78",42809
202411,PF,PJ,SUL,SUL,mais de 60 anos,Nao se aplica,Nao disponivel,P2B,Nao disponivel,"7155477,21",1139
202411,PF,PF,SUL,SUDESTE,entre 50 e 59 anos,até 19 anos,QRDN,P2P,Pix,"15685,07",371
202411,PF,PF,NORDESTE,NORDESTE,Nao informado,Nao informado,MANU,P2P,Pix,288,3
202411,PJ,PF,SUL,SUL,Nao se aplica,entre 40 e 49 anos,DICT,G2P,Pix,"12959733,12",194714
202411,PF,PJ,NORDESTE,SUL,mais de 60 anos,Nao se aplica,DICT,P2G,Pix,"99895,51",12
202411,PF,PF,SUDESTE,NORTE,entre 20 e 29 anos,até 19 anos,MANU,P2P,Pix,"601465,51",8905
202411,PF,PF,CENTRO-OESTE,Nao informado,entre 20 e 29 anos,mais de 60 anos,QRES,P2P,Pix,"12455,83",412
202411,PF,PJ,NORDESTE,NORDESTE,entre 40 e 49 anos,Nao se aplica,MANU,P2G,Pix,"550912,39",438
202411,PF,PF,NORDESTE,SUDESTE,Nao informado,entre 20 e 29 anos,DICT,P2P,Pix,650,4
202411,PJ,PF,NORTE,CENTRO-OESTE,Nao se aplica,mais de 60 anos,QRDN,B2P,Pix,"72388,09",812
202411,PF,PF,CENTRO-OESTE,NORTE,até 19 anos,mais de 60 anos,QRES,P2P,Pix,"50351,12",2532
202411,PJ,PJ,SUL,CENTRO-OESTE,Nao se aplica,Nao se aplica,QRES,B2G,Pix,"5633,34",43
202411,PF,PF,NORTE,Nao informado,entre 40 e 49 anos,entre 30 e 39 anos,DICT,P2P,Pix,"2262510,32",11567
202411,PF,PF,SUDESTE,SUL,entre 20 e 29 anos,entre 50 e 59 anos,MANU,P2P,Pix,"7298267,56",23125
202411,PF,PJ,Nao informado,CENTRO-OESTE,entre 30 e 39 anos,Nao se aplica,DICT,P2G,Pix,"11969,95",3
202411,PF,PJ,SUL,CENTRO-OESTE,entre 30 e 39 anos,Nao se aplica,INIC,P2B,Pix,"9839,67",40
202411,PF,PJ,SUL,SUDESTE,entre 40 e 49 anos,Nao se aplica,QRES,P2G,Pix,"17511,69",187
202411,PJ,PF,NORTE,NORTE,Nao se aplica,entre 40 e 49 anos,Nao disponivel,B2P,Nao disponivel,"4177861,17",17141
202411,PF,PJ,NORDESTE,SUDESTE,entre 50 e 59 anos,Nao se aplica,QRES,P2B,Pix Saque,"719,96",8
202411,PJ,PF,CENTRO-OESTE,SUDESTE,Nao se aplica,mais de 60 anos,QRDN,B2P,Pix,"125497,93",1597
202411,PF,PF,SUL,NORTE,entre 40 e 49 anos,entre 30 e 39 anos,QRES,P2P,Pix,"543901,56",10596
202411,PF,PJ,NORTE,NORTE,entre 50 e 59 anos,Nao se aplica,QRES,P2B,Pix Saque,999,7
202411,PF,PJ,NORDESTE,SUL,mais de 60 anos,Nao se aplica,Nao disponivel,P2B,Nao disponivel,"25224,92",40
202411,PF,PF,Nao informado,CENTRO-OESTE,entre 30 e 39 anos,entre 30 e 39 anos,Nao disponivel,P2P,Nao disponivel,"25090,05",22
202411,PF,PF,CENTRO-OESTE,CENTRO-OESTE,entre 30 e 39 anos,entre 30 e 39 anos,Nao disponivel,P2P,Nao disponivel,"17568631,01",36940
202411,PF,PJ,SUL,CENTRO-OESTE,mais de 60 anos,Nao se aplica,MANU,P2G,Pix,13859,6
202411,PF,PF,SUDESTE,CENTRO-OESTE,entre 50 e 59 anos,entre 50 e 59 anos,Nao disponivel,P2P,Nao disponivel,"173538,07",217
202411,PF,PJ,NORDESTE,SUL,mais de 60 anos,Nao se aplica,QRDN,P2B,Pix Saque,"725940,35",1434
202411,PF,PF,NORDESTE,NORTE,mais de 60 anos,entre 50 e 59 anos,QRDN,P2P,Pix,"81092,63",1910
202411,PF,PF,NORDESTE,Nao informado,até 19 anos,entre 40 e 49 anos,MANU,P2P,Pix,"27505,97",338
202411,PF,PF,SUL,NORDESTE,entre 40 e 49 anos,entre 30 e 39 anos,Nao disponivel,P2P,Nao disponivel,"61789,78",372
202411,PF,PF,CENTRO-OESTE,NORTE,entre 40 e 49 anos,entre 50 e 59 anos,MANU,P2P,Pix,"7657588,55",12500
202411,PJ,PF,SUDESTE,NORTE,Nao se aplica,entre 20 e 29 anos,MANU,G2P,Pix,"11030,75",18
202411,PF,PF,Nao informado,CENTRO-OESTE,mais de 60 anos,entre 20 e 29 anos,QRDN,P2P,Pix,"1022,59",16
202411,PF,PF,CENTRO-OESTE,SUDESTE,entre 20 e 29 anos,entre 50 e 59 anos,DICT,P2P,Pix,"29642495,04",117775
202411,PF,PJ,CENTRO-OESTE,SUDESTE,entre 50 e 59 anos,Nao se aplica,QRDN,P2B,Pix,"576815561,17",7667313
202411,PF,PF,Nao informado,NORTE,mais de 60 anos,entre 40 e 49 anos,DICT,P2P,Pix,"395219,74",803
202411,PJ,PJ,SUDESTE,SUL,Nao se aplica,Nao se aplica,Nao disponivel,G2B,Nao disponivel,"463,55",4
202411,PF,PF,Nao informado,SUDESTE,entre 40 e 49 anos,entre 50 e 59 anos,MANU,P2P,Pix,"1868246,56",1968
202411,PF,PF,CENTRO-OESTE,CENTRO-OESTE,entre 30 e 39 anos,mais de 60 anos,QRES,P2P,Pix,"15822328,52",309275
202411,PJ,PF,NORDESTE,CENTRO-OESTE,Nao se aplica,entre 30 e 39 anos,MANU,B2P,Pix,"22507887,51",62914
202411,PJ,PF,Nao informado,NORDESTE,Nao se aplica,mais de 60 anos,QRDN,B2P,Pix,"1230,25",20
202411,PF,PF,SUDESTE,NORTE,entre 20 e 29 anos,até 19 anos,DICT,P2P,Pix,"3632393,62",51157
202411,PJ,PJ,SUDESTE,NORDESTE,Nao se aplica,Nao se aplica,DICT,G2B,Pix,"1150249,72",197
202411,PF,PF,NORDESTE,Nao informado,até 19 anos,entre 50 e 59 anos,DICT,P2P,Pix,"36632,74",559
202411,PF,PJ,Nao informado,NORDESTE,mais de 60 anos,Nao se aplica,MANU,P2B,Pix,"593790,71",209
202411,PF,PF,CENTRO-OESTE,SUL,entre 20 e 29 anos,entre 50 e 59 anos,QRDN,P2P,Pix,"198629,34",6332
202411,PF,PF,SUDESTE,CENTRO-OESTE,entre 30 e 39 anos,até 19 anos,QRDN,P2P,Pix,"121948,38",3320
202411,PJ,PJ,SUDESTE,SUDESTE,Nao se aplica,Nao se aplica,QRDN,B2G,Pix,"559760591,74",394145
202411,PJ,PF,NORTE,Nao informado,Nao se aplica,entre 20 e 29 anos,QRDN,B2P,Pix,"165,5",5
202411,PF,PF,NORDESTE,NORTE,até 19 anos,entre 50 e 59 anos,DICT,P2P,Pix,"1630001,43",19946
202411,PF,PF,SUDESTE,SUDESTE,entre 30 e 39 anos,entre 40 e 49 anos,INIC,P2P,Pix,"487,17",4
202411,PF,PF,NORDESTE,NORTE,até 19 anos,entre 20 e 29 anos,DICT,P2P,Pix,"5460311,62",81621
202411,PF,PJ,NORTE,Nao informado,entre 40 e 49 anos,Nao se aplica,QRES,P2B,Pix,"5559,41",10
202411,PF,PJ,Nao informado,CENTRO-OESTE,entre 30 e 39 anos,Nao se aplica,QRDN,P2G,Pix,"508906,76",2582
202411,PF,PF,CENTRO-OESTE,NORTE,entre 40 e 49 anos,entre 40 e 49 anos,QRES,P2P,Pix,"1039813,74",21423
202411,PJ,PF,NORDESTE,SUDESTE,Nao se aplica,entre 20 e 29 anos,Nao disponivel,B2P,Nao disponivel,"3076765,84",65996
202411,PJ,PF,NORDESTE,SUDESTE,Nao se aplica,entre 50 e 59 anos,Nao disponivel,B2P,Nao disponivel,"1408527,59",13328
202411,PF,PJ,CENTRO-OESTE,SUDESTE,entre 30 e 39 anos,Nao se aplica,QRES,P2B,Pix Saque,"739,99",4
202411,PF,PJ,SUDESTE,CENTRO-OESTE,entre 30 e 39 anos,Nao se aplica,QRES,P2B,Pix,"68043418,01",243299
202411,PJ,PJ,NORDESTE,CENTRO-OESTE,Nao se aplica,Nao se aplica,QRES,B2B,Pix,"25432590,21",18441
202411,PJ,PF,NORDESTE,NORTE,Nao se aplica,entre 30 e 39 anos,QRES,B2P,Pix,"737318,79",4052
202411,PJ,PF,CENTRO-OESTE,NORDESTE,Nao se aplica,entre 40 e 49 anos,QRES,B2P,Pix,"776155,57",6171
202411,PJ,PF,CENTRO-OESTE,SUL,Nao se aplica,entre 20 e 29 anos,MANU,G2P,Pix,"1501823,85",2348
202411,PF,PF,CENTRO-OESTE,SUDESTE,entre 20 e 29 anos,entre 40 e 49 anos,DICT,P2P,Pix,"54223102,76",220548
202411,PF,PF,SUL,CENTRO-OESTE,entre 50 e 59 anos,mais de 60 anos,DICT,P2P,Pix,"13402450,63",14155
202411,PF,PF,NORTE,NORTE,entre 20 e 29 anos,até 19 anos,MANU,P2P,Pix,"37545258,11",662884
202411,PF,PF,SUDESTE,NORTE,Nao informado,entre 40 e 49 anos,DICT,P2P,Pix,600,1
202411,PF,PJ,NORTE,NORDESTE,entre 20 e 29 anos,Nao se aplica,MANU,P2G,Pix,"228,03",3
202411,PF,PF,SUDESTE,Nao informado,entre 30 e 39 anos,Nao informado,MANU,P2P,Pix,920,15
202411,PF,PF,NORTE,NORTE,mais de 60 anos,entre 30 e 39 anos,QRDN,P2P,Pix,"4538820,57",106256
202411,PF,PF,Nao informado,CENTRO-OESTE,mais de 60 anos,entre 50 e 59 anos,MANU,P2P,Pix,"101450,51",123
202411,PF,PF,NORDESTE,SUL,entre 20 e 29 anos,entre 50 e 59 anos,QRDN,P2P,Pix,"483417,02",16788
202411,PF,PF,NORDESTE,SUL,entre 50 e 59 anos,até 19 anos,Nao disponivel,P2P,Nao disponivel,"2408,96",167
202411,PF,PF,NORTE,NORTE,mais de 60 anos,entre 40 e 49 anos,QRES,P2P,Pix,"10350597,66",166532
202411,PF,PJ,NORDESTE,SUDESTE,entre 40 e 49 anos,Nao se aplica,QRES,P2B,Pix Saque,"4491,4",37
202411,PJ,PF,NORDESTE,NORDESTE,Nao se aplica,entre 30 e 39 anos,MANU,B2P,Pix,"829989537,29",1033958
202411,PF,PJ,CENTRO-OESTE,SUDESTE,entre 20 e 29 anos,Nao se aplica,DICT,P2G,Pix,"22396,83",92
202411,PF,PF,Nao informado,SUDESTE,entre 50 e 59 anos,entre 40 e 49 anos,QRDN,P2P,Pix,"28511,39",277
202411,PF,PF,CENTRO-OESTE,NORDESTE,mais de 60 anos,até 19 anos,DICT,P2P,Pix,"2673379,01",13335
202411,PF,PF,Nao informado,NORDESTE,entre 50 e 59 anos,mais de 60 anos,Nao disponivel,P2P,Nao disponivel,240,4
202411,PF,PF,NORDESTE,SUDESTE,entre 30 e 39 anos,mais de 60 anos,DICT,P2P,Pix,"94960606,02",364762
202411,PF,PF,NORTE,CENTRO-OESTE,entre 50 e 59 anos,até 19 anos,MANU,P2P,Pix,"342197,01",3376
202411,PJ,PJ,NORDESTE,SUDESTE,Nao se aplica,Nao se aplica,QRDN,G2B,Pix,"300569,06",216
202411,PF,PF,SUL,NORTE,entre 40 e 49 anos,entre 20 e 29 anos,QRES,P2P,Pix,"371726,39",7191
202411,PJ,PF,CENTRO-OESTE,NORTE,Nao se aplica,entre 30 e 39 anos,MANU,B2P,Pix,"23822292,46",15107
202411,PF,PF,SUDESTE,SUDESTE,Nao informado,mais de 60 anos,DICT,P2P,Pix,"21397,5",6
202411,PJ,PF,Nao informado,NORTE,Nao se aplica,mais de 60 anos,MANU,B2P,Pix,17780,2
202411,PF,PJ,NORTE,CENTRO-OESTE,mais de 60 anos,Nao se aplica,DICT,P2G,Pix,"8332,08",3
202411,PF,PF,CENTRO-OESTE,SUDESTE,até 19 anos,até 19 anos,MANU,P2P,Pix,"619999,47",14739
202411,PJ,PJ,SUL,SUL,Nao se aplica,Nao se aplica,MANU,B2B,Pix,"66935717924,73",5007725
202411,PF,PF,SUL,SUDESTE,até 19 anos,entre 50 e 59 anos,QRES,P2P,Pix,"224921,84",9032
202411,PF,PF,SUL,SUL,entre 30 e 39 anos,mais de 60 anos,INIC,P2P,Pix,"23,09",1
202411,PF,PF,SUDESTE,SUL,entre 20 e 29 anos,entre 40 e 49 anos,QRES,P2P,Pix,"1712333,39",42120
202411,PF,PF,Nao informado,Nao informado,mais de 60 anos,entre 30 e 39 anos,Nao disponivel,P2P,Nao disponivel,237,6
202411,PF,PJ,SUDESTE,SUDESTE,entre 30 e 39 anos,Nao se aplica,Nao disponivel,P2B,Nao disponivel,"48312359,44",35440
202411,PF,PF,Nao informado,NORDESTE,entre 30 e 39 anos,mais de 60 anos,QRES,P2P,Pix,"40471,34",869
202411,PF,PF,CENTRO-OESTE,NORDESTE,mais de 60 anos,entre 20 e 29 anos,QRES,P2P,Pix,"393760,44",4781
202411,PJ,PF,CENTRO-OESTE,NORDESTE,Nao se aplica,entre 30 e 39 anos,MANU,G2P,Pix,"4383821,91",3520
202411,PF,PJ,NORDESTE,Nao informado,mais de 60 anos,Nao se aplica,DICT,P2B,Pix,"102175,25",86
202411,PF,PJ,SUDESTE,NORDESTE,até 19 anos,Nao se aplica,QRDN,P2B,Pix,"104985355,42",3167239
202411,PF,PJ,NORTE,NORTE,entre 50 e 59 anos,Nao se aplica,QRES,P2B,Pix,"193316884,84",1114687
202411,PF,PJ,SUDESTE,SUDESTE,entre 40 e 49 anos,Nao se aplica,DICT,P2G,Pix,"7748423,28",14616
202411,PF,PF,SUDESTE,Nao informado,entre 30 e 39 anos,mais de 60 anos,DICT,P2P,Pix,"2190457,4",2066
202411,PF,PJ,SUL,CENTRO-OESTE,entre 30 e 39 anos,Nao se aplica,DICT,P2G,Pix,"3027,31",10
202411,PF,PF,CENTRO-OESTE,SUDESTE,entre 50 e 59 anos,Nao informado,QRDN,P2P,Pix,"138,19",1
202411,PF,PF,NORTE,NORTE,mais de 60 anos,mais de 60 anos,INIC,P2P,Pix,"449435,51",539
202411,PF,PF,SUDESTE,Nao informado,entre 20 e 29 anos,entre 40 e 49 anos,MANU,P2P,Pix,"532423,54",1776
202411,PF,PF,Nao informado,Nao informado,até 19 anos,entre 20 e 29 anos,MANU,P2P,Pix,"26948,6",477
202411,PJ,PJ,SUL,SUL,Nao se aplica,Nao se aplica,QRES,G2B,Pix,"124450,8",146
202411,PF,PF,CENTRO-OESTE,NORDESTE,entre 50 e 59 anos,entre 50 e 59 anos,QRES,P2P,Pix,"620212,61",12950
202411,PJ,PF,SUL,SUDESTE,Nao se aplica,entre 30 e 39 anos,DICT,B2P,Pix,"834000192,14",1551368
202411,PF,PF,CENTRO-OESTE,Nao informado,até 19 anos,entre 40 e 49 anos,QRES,P2P,Pix,"8898,52",172
202411,PF,PF,NORDESTE,SUDESTE,entre 20 e 29 anos,até 19 anos,MANU,P2P,Pix,"6624303,4",85777
202411,PF,PF,SUL,NORDESTE,entre 30 e 39 anos,entre 20 e 29 anos,DICT,P2P,Pix,"49676468,63",281670
202411,PJ,PF,SUL,SUDESTE,Nao se aplica,entre 50 e 59 anos,QRDN,B2P,Pix,"634892,57",7321
202411,PF,PF,Nao informado,CENTRO-OESTE,entre 30 e 39 anos,entre 30 e 39 anos,DICT,P2P,Pix,"2860211,98",5157
202411,PF,PJ,CENTRO-OESTE,SUL,até 19 anos,Nao se aplica,MANU,P2B,Pix,"251155,96",1648
202411,PF,PF,NORDESTE,CENTRO-OESTE,entre 30 e 39 anos,até 19 anos,Nao disponivel,P2P,Nao disponivel,"32002,15",557
202411,PF,PF,NORTE,NORTE,entre 50 e 59 anos,entre 50 e 59 anos,MANU,P2P,Pix,"540380411,01",1895741
202411,PF,PF,NORTE,SUDESTE,até 19 anos,entre 30 e 39 anos,QRDN,P2P,Pix,"172834,74",7709
202411,PF,PF,SUDESTE,CENTRO-OESTE,entre 30 e 39 anos,entre 20 e 29 anos,DICT,P2P,Pix,"76743919,31",312796
202411,PJ,PJ,NORDESTE,NORDESTE,Nao se aplica,Nao se aplica,QRDN,G2B,Pix,"2066912,51",478
202411,PF,PF,SUL,SUDESTE,entre 30 e 39 anos,entre 20 e 29 anos,INIC,P2P,Pix,"95,9",1
202411,PF,PF,SUDESTE,CENTRO-OESTE,entre 30 e 39 anos,entre 30 e 39 anos,Nao disponivel,P2P,Nao disponivel,"369761,31",1643
202411,PF,PF,NORDESTE,SUL,mais de 60 anos,entre 30 e 39 anos,QRES,P2P,Pix,"152590,95",1802
202411,PF,PF,NORTE,NORDESTE,entre 50 e 59 anos,entre 20 e 29 anos,QRES,P2P,Pix,"988611,43",13022
202411,PF,PF,NORTE,CENTRO-OESTE,entre 20 e 29 anos,até 19 anos,Nao disponivel,P2P,Nao disponivel,"23939,39",571
202411,PF,PF,SUL,SUDESTE,entre 50 e 59 anos,entre 20 e 29 anos,Nao disponivel,P2P,Nao disponivel,"72237,54",305
202411,PJ,PF,Nao informado,SUDESTE,Nao se aplica,mais de 60 anos,MANU,B2P,Pix,"321036,92",96
202411,PF,PF,SUDESTE,SUL,entre 50 e 59 anos,entre 20 e 29 anos,QRES,P2P,Pix,"813149,6",8240
202411,PF,PJ,SUDESTE,NORTE,até 19 anos,Nao se aplica,DICT,P2G,Pix,177,1
202411,PF,PF,SUDESTE,CENTRO-OESTE,entre 30 e 39 anos,mais de 60 anos,Nao disponivel,P2P,Nao disponivel,"353290,47",336
202411,PJ,PJ,SUDESTE,NORTE,Nao se aplica,Nao se aplica,QRES,B2B,Pix,"4008010,56",7804
202411,PF,PJ,SUL,SUL,mais de 60 anos,Nao se aplica,DICT,P2G,Pix,"1173473,3",1099
202411,PF,PF,CENTRO-OESTE,NORTE,entre 20 e 29 anos,entre 20 e 29 anos,QRES,P2P,Pix,"1226380,59",24367
202411,PJ,PF,SUDESTE,NORDESTE,Nao se aplica,mais de 60 anos,DICT,B2P,Pix,"271891597,3",885914
202411,PF,PJ,SUL,SUL,mais de 60 anos,Nao se aplica,MANU,P2G,Pix,"198637,09",252
202411,PF,PF,CENTRO-OESTE,SUL,entre 30 e 39 anos,mais de 60 anos,MANU,P2P,Pix,"3339999,02",5327
202411,PF,PF,NORDESTE,NORDESTE,entre 50 e 59 anos,entre 20 e 29 anos,Nao disponivel,P2P,Nao disponivel,"2507179,46",12860
202411,PF,PF,SUDESTE,SUDESTE,entre 40 e 49 anos,até 19 anos,Nao disponivel,P2P,Nao disponivel,"1931469,41",21883
202411,PF,PJ,Nao informado,NORTE,entre 30 e 39 anos,Nao se aplica,QRDN,P2B,Pix Saque,370,1
202411,PF,PF,NORTE,CENTRO-OESTE,entre 30 e 39 anos,até 19 anos,DICT,P2P,Pix,"6541397,7",54696
202411,PF,PF,CENTRO-OESTE,Nao informado,até 19 anos,entre 50 e 59 anos,QRES,P2P,Pix,"2415,86",81
202411,PF,PJ,SUL,NORTE,entre 40 e 49 anos,Nao se aplica,MANU,P2G,Pix,"35416,85",4
202411,PF,PF,SUDESTE,NORTE,entre 30 e 39 anos,mais de 60 anos,QRES,P2P,Pix,"348288,14",8979
202411,PJ,PF,SUDESTE,Nao informado,Nao se aplica,entre 50 e 59 anos,Nao disponivel,G2P,Nao disponivel,1000,2
202411,PF,PF,Nao informado,SUL,entre 20 e 29 anos,entre 30 e 39 anos,Nao disponivel,P2P,Nao disponivel,"9322,48",28
202411,PF,PJ,SUDESTE,Nao informado,entre 40 e 49 anos,Nao se aplica,Nao disponivel,P2B,Nao disponivel,490,5
202411,PJ,PF,SUDESTE,NORTE,Nao se aplica,entre 40 e 49 anos,Nao disponivel,B2P,Nao disponivel,"8926273,94",99403
202411,PF,PF,Nao informado,CENTRO-OESTE,entre 40 e 49 anos,entre 30 e 39 anos,MANU,P2P,Pix,"486658,98",987
202411,PJ,PJ,Nao informado,SUDESTE,Nao se aplica,Nao se aplica,DICT,B2G,Pix,"74,52",1
202411,PF,PF,NORDESTE,CENTRO-OESTE,entre 40 e 49 anos,entre 20 e 29 anos,MANU,P2P,Pix,"5556472,48",48726
202411,PF,PJ,NORDESTE,CENTRO-OESTE,entre 30 e 39 anos,Nao se aplica,QRES,P2G,Pix,"70100,59",945
202411,PJ,PF,CENTRO-OESTE,NORDESTE,Nao se aplica,entre 40 e 49 anos,DICT,G2P,Pix,"4490731,65",3484
202411,PF,PF,NORTE,Nao informado,entre 30 e 39 anos,até 19 anos,DICT,P2P,Pix,"109023,29",900
202411,PF,PF,NORDESTE,SUL,até 19 anos,entre 20 e 29 anos,DICT,P2P,Pix,"4066143,07",54663
202411,PF,PJ,CENTRO-OESTE,NORDESTE,mais de 60 anos,Nao se aplica,DICT,P2B,Pix,"33928270,21",32284
202411,PF,PF,NORTE,NORTE,Nao informado,entre 40 e 49 anos,QRES,P2P,Pix,189,7
202411,PF,PJ,NORTE,SUDESTE,mais de 60 anos,Nao se aplica,MANU,P2G,Pix,"471,2",3
202411,PF,PJ,NORDESTE,SUDESTE,entre 30 e 39 anos,Nao se aplica,QRDN,P2B,Pix Troco,"2131,86",7
202411,PJ,PF,NORDESTE,NORDESTE,Nao se aplica,mais de 60 anos,QRES,G2P,Pix,"4120,6",12
202411,PF,PJ,CENTRO-OESTE,NORTE,até 19 anos,Nao se aplica,QRDN,P2G,Pix,"35205,15",190
202411,PF,PF,NORDESTE,NORDESTE,entre 30 e 39 anos,até 19 anos,MANU,P2P,Pix,"105557106,31",1680069
202411,PF,PF,NORTE,SUDESTE,mais de 60 anos,entre 30 e 39 anos,DICT,P2P,Pix,"20563351,08",43237
202411,PF,PF,SUL,Nao informado,entre 40 e 49 anos,entre 50 e 59 anos,QRES,P2P,Pix,"39089,39",247
202411,PF,PF,SUDESTE,SUDESTE,entre 30 e 39 anos,entre 50 e 59 anos,MANU,P2P,Pix,"967333768,91",3472278
202411,PJ,PF,SUDESTE,SUDESTE,Nao se aplica,entre 20 e 29 anos,DICT,B2P,Pix,"13197521173,93",28556043
202411,PJ,PJ,CENTRO-OESTE,CENTRO-OESTE,Nao se aplica,Nao se aplica,QRES,B2G,Pix,"834739,51",4609
202411,PF,PF,NORDESTE,SUDESTE,entre 50 e 59 anos,entre 30 e 39 anos,QRDN,P2P,Pix,"1476095,19",34592
202411,PF,PJ,SUDESTE,NORDESTE,entre 20 e 29 anos,Nao se aplica,QRES,P2B,Pix,"26388277,59",491967
202411,PF,PF,NORDESTE,NORDESTE,entre 40 e 49 anos,Nao informado,DICT,P2P,Pix,"21293,09",263
202411,PF,PF,NORDESTE,NORDESTE,entre 20 e 29 anos,entre 40 e 49 anos,QRDN,P2P,Pix,"91124758,45",3871269
202411,PF,PJ,NORDESTE,NORTE,entre 50 e 59 anos,Nao se aplica,QRDN,P2G,Pix,"472669,87",862
202411,PF,PJ,NORDESTE,SUDESTE,até 19 anos,Nao se aplica,DICT,P2B,Pix,"27508871,65",98289
202411,PJ,PJ,SUDESTE,SUL,Nao se aplica,Nao se aplica,MANU,G2B,Pix,"15520592,94",359
202411,PF,PF,CENTRO-OESTE,SUDESTE,entre 20 e 29 anos,entre 20 e 29 anos,MANU,P2P,Pix,"14049540,29",99254
202411,PF,PF,NORDESTE,CENTRO-OESTE,entre 40 e 49 anos,entre 20 e 29 anos,QRES,P2P,Pix,"1048100,86",20111
202411,PF,PF,NORDESTE,CENTRO-OESTE,entre 20 e 29 anos,entre 50 e 59 anos,MANU,P2P,Pix,"7137401,76",48819
202411,PJ,PF,NORDESTE,SUDESTE,Nao se aplica,entre 20 e 29 anos,DICT,B2P,Pix,"1112528761,14",5983820
202411,PF,PJ,CENTRO-OESTE,SUL,entre 30 e 39 anos,Nao se aplica,QRES,P2B,Pix Saque,270,2
202411,PF,PF,SUL,Nao informado,entre 30 e 39 anos,até 19 anos,QRDN,P2P,Pix,57,2
202411,PF,PF,SUL,SUL,entre 50 e 59 anos,entre 20 e 29 anos,Nao disponivel,P2P,Nao disponivel,"1029529,58",5310
202411,PF,PF,SUL,NORDESTE,entre 30 e 39 anos,entre 50 e 59 anos,QRDN,P2P,Pix,"291430,48",8437
202411,PF,PJ,CENTRO-OESTE,SUDESTE,entre 40 e 49 anos,Nao se aplica,QRDN,P2B,Pix,"1308393573,93",17094846
202411,PF,PJ,SUL,NORDESTE,entre 40 e 49 anos,Nao se aplica,QRDN,P2G,Pix,"460299,41",803
202411,PF,PF,SUDESTE,NORTE,entre 40 e 49 anos,até 19 anos,Nao disponivel,P2P,Nao disponivel,"18769,04",619
202411,PF,PJ,SUL,NORDESTE,entre 40 e 49 anos,Nao se aplica,QRES,P2B,Pix,"6406495,55",97409
202411,PJ,PF,SUDESTE,SUDESTE,Nao se aplica,entre 30 e 39 anos,DICT,G2P,Pix,"20494719,96",18726
202411,PF,PF,CENTRO-OESTE,SUDESTE,entre 50 e 59 anos,entre 50 e 59 anos,QRES,P2P,Pix,"744266,37",9253
202411,PF,PJ,NORDESTE,CENTRO-OESTE,entre 50 e 59 anos,Nao se aplica,QRES,P2G,Pix,"9910,11",113
202411,PF,PF,CENTRO-OESTE,Nao informado,entre 20 e 29 anos,entre 20 e 29 anos,QRDN,P2P,Pix,"4907,23",175
202411,PF,PF,Nao informado,NORDESTE,mais de 60 anos,entre 50 e 59 anos,QRDN,P2P,Pix,"4077,5",87
202411,PF,PJ,SUL,NORDESTE,entre 50 e 59 anos,Nao se aplica,QRDN,P2G,Pix,"304006,42",528
202411,PF,PF,NORDESTE,SUL,entre 50 e 59 anos,até 19 anos,QRDN,P2P,Pix,"35914,61",153
202411,PF,PF,NORDESTE,Nao informado,entre 40 e 49 anos,entre 50 e 59 anos,QRDN,P2P,Pix,"4492,24",186
202411,PJ,PF,CENTRO-OESTE,SUL,Nao se aplica,entre 30 e 39 anos,Nao disponivel,B2P,Nao disponivel,"225194,77",1340
202411,PF,PF,Nao informado,Nao informado,mais de 60 anos,entre 20 e 29 anos,QRDN,P2P,Pix,"169,2",4
202411,PJ,PF,SUL,SUDESTE,Nao se aplica,entre 40 e 49 anos,MANU,G2P,Pix,"11264,59",9
202411,PF,PF,SUDESTE,NORDESTE,entre 20 e 29 anos,entre 40 e 49 anos,DICT,P2P,Pix,"132343520,51",788843
202411,PF,PJ,SUDESTE,SUDESTE,mais de 60 anos,Nao se aplica,QRES,P2G,Pix,"5499122,29",25853
202411,PF,PF,Nao informado,CENTRO-OESTE,entre 50 e 59 anos,até 19 anos,MANU,P2P,Pix,"24887,58",55
202411,PF,PJ,NORDESTE,NORDESTE,entre 50 e 59 anos,Nao se aplica,DICT,P2G,Pix,"748110,36",1061
202411,PF,PJ,NORDESTE,NORDESTE,entre 40 e 49 anos,Nao se aplica,MANU,P2B,Pix Saque,21990,52
202411,PJ,PF,SUDESTE,NORDESTE,Nao se aplica,entre 20 e 29 anos,Nao disponivel,G2P,Nao disponivel,690,4
202411,PJ,PF,SUL,CENTRO-OESTE,Nao se aplica,até 19 anos,QRES,B2P,Pix,"68364,74",221
202411,PJ,PF,NORTE,NORTE,Nao se aplica,entre 50 e 59 anos,QRDN,B2P,Pix,"3873535,14",66815
202411,PF,PF,CENTRO-OESTE,SUL,entre 50 e 59 anos,até 19 anos,QRDN,P2P,Pix,"9460,17",101
202411,PF,PF,CENTRO-OESTE,NORDESTE,entre 50 e 59 anos,até 19 anos,DICT,P2P,Pix,"4195205,43",30012
202411,PF,PF,CENTRO-OESTE,SUL,mais de 60 anos,até 19 anos,MANU,P2P,Pix,"99540,92",444
202411,PF,PJ,SUDESTE,NORDESTE,entre 50 e 59 anos,Nao se aplica,QRES,P2G,Pix,"7581,14",249
202411,PJ,PF,SUL,SUL,Nao se aplica,entre 50 e 59 anos,INIC,B2P,Pix,"1,01",1
202411,PF,PF,SUL,SUL,entre 40 e 49 anos,entre 40 e 49 anos,MANU,P2P,Pix,"2113679361,39",4472098
202411,PJ,PF,SUDESTE,NORTE,Nao se aplica,entre 30 e 39 anos,Nao disponivel,B2P,Nao disponivel,"14756552,64",184202
202411,PJ,PF,CENTRO-OESTE,NORDESTE,Nao se aplica,entre 50 e 59 anos,DICT,B2P,Pix,"65111773,74",85969
202411,PF,PJ,Nao informado,NORDESTE,entre 40 e 49 anos,Nao se aplica,Nao disponivel,P2B,Nao disponivel,2445,3
202411,PF,PF,NORDESTE,NORDESTE,até 19 anos,até 19 anos,QRDN,P2P,Pix,"1773473,27",80871
202411,PF,PJ,SUDESTE,SUL,entre 30 e 39 anos,Nao se aplica,QRDN,P2B,Pix Saque,"2172335,6",11838
202411,PF,PF,CENTRO-OESTE,CENTRO-OESTE,entre 30 e 39 anos,mais de 60 anos,QRDN,P2P,Pix,"7888372,52",241041
202411,PF,PJ,NORTE,SUDESTE,entre 40 e 49 anos,Nao se aplica,MANU,P2G,Pix,"5516,65",11
202411,PF,PF,CENTRO-OESTE,SUDESTE,entre 50 e 59 anos,entre 50 e 59 anos,Nao disponivel,P2P,Nao disponivel,"45401,09",178
202411,PF,PF,SUDESTE,SUL,entre 30 e 39 anos,entre 30 e 39 anos,QRES,P2P,Pix,"3584897,63",51238
202411,PF,PF,CENTRO-OESTE,SUDESTE,entre 50 e 59 anos,entre 30 e 39 anos,QRES,P2P,Pix,"1475628,75",12519
202411,PF,PF,SUL,NORDESTE,até 19 anos,entre 50 e 59 anos,Nao disponivel,P2P,Nao disponivel,"7963,25",100
202411,PF,PF,SUDESTE,SUDESTE,entre 20 e 29 anos,entre 30 e 39 anos,QRES,P2P,Pix,"165643644,18",3618340
202411,PF,PF,CENTRO-OESTE,NORTE,até 19 anos,entre 20 e 29 anos,Nao disponivel,P2P,Nao disponivel,"51883,43",643
202411,PF,PJ,NORTE,NORDESTE,até 19 anos,Nao se aplica,MANU,P2B,Pix,"197089,39",1917
202411,PF,PJ,Nao informado,CENTRO-OESTE,mais de 60 anos,Nao se aplica,QRES,P2B,Pix,"86835,94",322
202411,PF,PF,NORDESTE,CENTRO-OESTE,entre 20 e 29 anos,entre 40 e 49 anos,QRDN,P2P,Pix,"2990333,53",110182
202411,PJ,PF,Nao informado,Nao informado,Nao se aplica,entre 20 e 29 anos,DICT,B2P,Pix,"167596,42",403
202411,PJ,PF,SUL,SUL,Nao se aplica,entre 40 e 49 anos,Nao disponivel,B2P,Nao disponivel,"20945806,22",58122
202411,PF,PJ,Nao informado,NORDESTE,entre 40 e 49 anos,Nao se aplica,MANU,P2B,Pix,"568665,22",723
202411,PF,PF,SUDESTE,NORDESTE,entre 40 e 49 anos,entre 40 e 49 anos,QRDN,P2P,Pix,"4575818,33",143887
202411,PF,PJ,NORDESTE,NORDESTE,entre 30 e 39 anos,Nao se aplica,DICT,P2B,Pix,"4378933244,47",9211991
202411,PF,PJ,Nao informado,CENTRO-OESTE,entre 20 e 29 anos,Nao se aplica,QRDN,P2G,Pix,"177261,5",1438
202411,PF,PJ,Nao informado,SUDESTE,entre 20 e 29 anos,Nao se aplica,QRES,P2B,Pix,"1770544,15",10956
202411,PF,PF,SUL,NORDESTE,entre 50 e 59 anos,entre 40 e 49 anos,MANU,P2P,Pix,"1997543,71",8401
202411,PF,PJ,Nao informado,SUL,entre 40 e 49 anos,Nao se aplica,QRDN,P2B,Pix,"4588063,05",24381
202411,PJ,PF,NORDESTE,SUDESTE,Nao se aplica,entre 40 e 49 anos,MANU,G2P,Pix,"372149,64",163
202411,PF,PF,Nao informado,SUL,até 19 anos,entre 40 e 49 anos,MANU,P2P,Pix,"7787,78",90
202411,PF,PF,SUDESTE,NORTE,mais de 60 anos,entre 50 e 59 anos,MANU,P2P,Pix,"3145995,54",4100
202411,PJ,PF,CENTRO-OESTE,CENTRO-OESTE,Nao se aplica,entre 20 e 29 anos,MANU,G2P,Pix,"5756986,14",3241
202411,PF,PF,NORDESTE,Nao informado,entre 50 e 59 anos,entre 30 e 39 anos,MANU,P2P,Pix,"474009,45",5811
202411,PF,PF,SUDESTE,NORDESTE,entre 30 e 39 anos,entre 30 e 39 anos,QRDN,P2P,Pix,"7448329,73",246111
202411,PF,PF,SUL,CENTRO-OESTE,entre 30 e 39 anos,entre 40 e 49 anos,QRES,P2P,Pix,"759543,88",12576
202411,PJ,PF,Nao informado,NORTE,Nao se aplica,entre 50 e 59 anos,DICT,B2P,Pix,"158438,88",190
202411,PF,PF,CENTRO-OESTE,CENTRO-OESTE,mais de 60 anos,mais de 60 anos,Nao disponivel,P2P,Nao disponivel,"2285648,9",1787
202411,PJ,PF,SUDESTE,SUL,Nao se aplica,entre 40 e 49 anos,QRES,B2P,Pix,"1845312,99",7064
202411,PF,PF,SUDESTE,SUL,até 19 anos,entre 40 e 49 anos,QRES,P2P,Pix,"311907,02",13803
202411,PF,PJ,SUDESTE,CENTRO-OESTE,entre 20 e 29 anos,Nao se aplica,Nao disponivel,P2G,Nao disponivel,"194,34",3
202411,PF,PF,SUDESTE,SUL,entre 20 e 29 anos,entre 50 e 59 anos,DICT,P2P,Pix,"30496404,41",117017
202411,PJ,PJ,SUDESTE,CENTRO-OESTE,Nao se aplica,Nao se aplica,QRDN,B2B,Pix,"8483449954,18",1710848
202411,PF,PF,SUDESTE,SUDESTE,entre 40 e 49 anos,entre 40 e 49 anos,INIC,P2P,Pix,"20087053,77",29276
202411,PF,PF,Nao informado,SUDESTE,até 19 anos,mais de 60 anos,MANU,P2P,Pix,"10515,76",27
202411,PJ,PF,SUL,SUL,Nao se aplica,mais de 60 anos,QRDN,B2P,Pix,"3479856,41",34243
202411,PF,PF,Nao informado,SUDESTE,Nao informado,mais de 60 anos,QRES,P2P,Pix,"788,8",10
202411,PF,PJ,NORTE,CENTRO-OESTE,mais de 60 anos,Nao se aplica,MANU,P2G,Pix,44130,2
202411,PF,PJ,NORTE,SUL,entre 40 e 49 anos,Nao se aplica,QRDN,P2B,Pix,"190403634,28",2259864
202411,PF,PF,NORTE,NORTE,Nao informado,até 19 anos,MANU,P2P,Pix,640,5
202411,PF,PF,SUDESTE,SUDESTE,entre 50 e 59 anos,mais de 60 anos,MANU,P2P,Pix,"828703710,66",1465050
202411,PF,PF,SUL,SUDESTE,entre 40 e 49 anos,entre 30 e 39 anos,QRDN,P2P,Pix,"1045527,22",21444
202411,PF,PF,SUL,CENTRO-OESTE,entre 40 e 49 anos,entre 20 e 29 anos,MANU,P2P,Pix,"2128022,19",11360
202411,PF,PJ,CENTRO-OESTE,CENTRO-OESTE,mais de 60 anos,Nao se aplica,Nao disponivel,P2G,Nao disponivel,703,2
202411,PJ,PJ,SUDESTE,CENTRO-OESTE,Nao se aplica,Nao se aplica,DICT,G2B,Pix,"2954647,3",215
202411,PF,PF,NORTE,SUDESTE,entre 20 e 29 anos,entre 50 e 59 anos,QRDN,P2P,Pix,"572872,44",22081
202411,PF,PF,SUL,NORDESTE,entre 20 e 29 anos,entre 40 e 49 anos,MANU,P2P,Pix,"3302026,89",17592
202411,PF,PF,NORDESTE,NORDESTE,até 19 anos,entre 50 e 59 anos,Nao disponivel,P2P,Nao disponivel,"1195524,77",12239
202411,PF,PF,Nao informado,SUDESTE,entre 40 e 49 anos,mais de 60 anos,DICT,P2P,Pix,"8368079,53",6385
202411,PJ,PF,SUL,Nao informado,Nao se aplica,até 19 anos,QRES,B2P,Pix,2041,14
202411,PF,PF,SUL,NORDESTE,entre 50 e 59 anos,até 19 anos,QRDN,P2P,Pix,"16385,97",325
202411,PF,PF,Nao informado,Nao informado,até 19 anos,mais de 60 anos,Nao disponivel,P2P,Nao disponivel,577,3
202411,PF,PF,Nao informado,NORTE,até 19 anos,entre 20 e 29 anos,QRES,P2P,Pix,"3580,2",109
202411,PJ,PF,SUL,NORDESTE,Nao se aplica,entre 30 e 39 anos,DICT,G2P,Pix,"44138,89",778
202411,PF,PF,NORDESTE,SUDESTE,até 19 anos,mais de 60 anos,DICT,P2P,Pix,"4683604,23",53612
202411,PF,PJ,Nao informado,SUL,Nao informado,Nao se aplica,MANU,P2B,Pix,"12900,33",35
202411,PF,PJ,CENTRO-OESTE,Nao informado,entre 40 e 49 anos,Nao se aplica,DICT,P2B,Pix,"447802,14",39
202411,PF,PF,Nao informado,Nao informado,entre 30 e 39 anos,entre 50 e 59 anos,DICT,P2P,Pix,"493440,2",1755
202411,PJ,PF,NORTE,Nao informado,Nao se aplica,entre 30 e 39 anos,QRDN,B2P,Pix,"3383,25",71
202411,PF,PF,SUDESTE,SUDESTE,até 19 anos,Nao informado,DICT,P2P,Pix,20,1
202411,PF,PF,SUDESTE,NORDESTE,mais de 60 anos,entre 20 e 29 anos,QRES,P2P,Pix,"1710763,04",19501
202411,PF,PF,CENTRO-OESTE,NORDESTE,entre 20 e 29 anos,até 19 anos,DICT,P2P,Pix,"7990599,35",95751
202411,PF,PF,NORTE,NORDESTE,entre 30 e 39 anos,entre 30 e 39 anos,DICT,P2P,Pix,"111839492,17",471957
202411,PF,PJ,SUDESTE,NORDESTE,até 19 anos,Nao se aplica,QRES,P2B,Pix Saque,"726,35",3
202411,PF,PF,NORTE,CENTRO-OESTE,entre 30 e 39 anos,entre 40 e 49 anos,QRDN,P2P,Pix,"1706958,96",50422
202411,PF,PF,CENTRO-OESTE,SUL,entre 20 e 29 anos,até 19 anos,Nao disponivel,P2P,Nao disponivel,"11482,84",379
202411,PF,PF,SUL,Nao informado,entre 30 e 39 anos,entre 50 e 59 anos,QRDN,P2P,Pix,"5223,09",91
202411,PF,PF,NORDESTE,NORTE,entre 30 e 39 anos,entre 50 e 59 anos,MANU,P2P,Pix,"5639876,09",32702
202411,PF,PJ,CENTRO-OESTE,SUL,mais de 60 anos,Nao se aplica,MANU,P2G,Pix,"6565,32",2
202411,PF,PF,CENTRO-OESTE,CENTRO-OESTE,mais de 60 anos,entre 50 e 59 anos,QRES,P2P,Pix,"7384170,96",75252
202411,PF,PF,NORTE,SUL,entre 40 e 49 anos,entre 30 e 39 anos,QRDN,P2P,Pix,"333090,94",9844
202411,PF,PF,Nao informado,SUDESTE,mais de 60 anos,entre 40 e 49 anos,QRES,P2P,Pix,"40941,34",259
202411,PF,PF,CENTRO-OESTE,SUDESTE,entre 30 e 39 anos,até 19 anos,Nao disponivel,P2P,Nao disponivel,"24874,63",621
202411,PF,PF,SUL,NORDESTE,entre 30 e 39 anos,entre 30 e 39 anos,MANU,P2P,Pix,"10042329,54",53586
202411,PF,PF,SUDESTE,SUDESTE,entre 20 e 29 anos,mais de 60 anos,QRES,P2P,Pix,"57717712,02",1412888
202411,PF,PF,CENTRO-OESTE,SUDESTE,entre 40 e 49 anos,até 19 anos,Nao disponivel,P2P,Nao disponivel,"14298,7",635
202411,PJ,PF,CENTRO-OESTE,NORTE,Nao se aplica,mais de 60 anos,MANU,B2P,Pix,"24551614,58",2457
202411,PF,PF,NORDESTE,SUL,entre 20 e 29 anos,entre 20 e 29 anos,Nao disponivel,P2P,Nao disponivel,"380084,03",1863
202411,PF,PJ,NORTE,SUL,entre 30 e 39 anos,Nao se aplica,MANU,P2G,Pix,"785,88",23
202411,PF,PF,NORTE,NORTE,entre 40 e 49 anos,entre 40 e 49 anos,Nao disponivel,P2P,Nao disponivel,"6159863,01",15205
202411,PF,PF,SUDESTE,NORDESTE,entre 20 e 29 anos,mais de 60 anos,QRES,P2P,Pix,"1871489,42",59227
202411,PF,PF,NORTE,SUDESTE,entre 20 e 29 anos,entre 30 e 39 anos,DICT,P2P,Pix,"50739086,28",277686
202411,PF,PF,SUL,CENTRO-OESTE,até 19 anos,entre 50 e 59 anos,QRES,P2P,Pix,"43879,47",1822
202411,PF,PF,Nao informado,SUL,entre 20 e 29 anos,até 19 anos,DICT,P2P,Pix,"88738,11",900
202411,PF,PF,Nao informado,NORTE,até 19 anos,entre 40 e 49 anos,QRDN,P2P,Pix,"1451,09",106
202411,PF,PF,CENTRO-OESTE,SUDESTE,mais de 60 anos,entre 50 e 59 anos,DICT,P2P,Pix,"53819064,85",70999
202411,PJ,PF,SUDESTE,Nao informado,Nao se aplica,até 19 anos,QRES,B2P,Pix,1387,13
202411,PF,PJ,SUL,SUDESTE,entre 20 e 29 anos,Nao se aplica,Nao disponivel,P2B,Nao disponivel,"1821920,27",2024
202411,PF,PF,SUL,SUL,até 19 anos,mais de 60 anos,Nao disponivel,P2P,Nao disponivel,"368131,61",2098
202411,PF,PF,SUL,NORTE,mais de 60 anos,entre 40 e 49 anos,Nao disponivel,P2P,Nao disponivel,"18703,26",30
202411,PJ,PF,SUL,NORTE,Nao se aplica,até 19 anos,QRES,B2P,Pix,"24398,12",280
202411,PF,PF,NORDESTE,NORTE,entre 20 e 29 anos,até 19 anos,QRDN,P2P,Pix,"74616,77",2921
202411,PF,PJ,NORDESTE,SUDESTE,entre 50 e 59 anos,Nao se aplica,DICT,P2B,Pix,"217038565,63",236557
202411,PJ,PF,SUDESTE,NORTE,Nao se aplica,entre 40 e 49 anos,QRES,B2P,Pix,"915029,21",5027
202411,PJ,PJ,CENTRO-OESTE,NORDESTE,Nao se aplica,Nao se aplica,DICT,B2G,Pix,"21686,03",7
202411,PF,PJ,SUL,CENTRO-OESTE,mais de 60 anos,Nao se aplica,QRDN,P2B,Pix Saque,"13564,08",56
202411,PF,PF,Nao informado,NORDESTE,até 19 anos,entre 50 e 59 anos,Nao disponivel,P2P,Nao disponivel,80,1
202411,PJ,PF,Nao informado,NORDESTE,Nao se aplica,mais de 60 anos,MANU,B2P,Pix,"67929,26",14
202411,PF,PJ,CENTRO-OESTE,SUDESTE,mais de 60 anos,Nao se aplica,MANU,P2G,Pix,"2775,07",8
202411,PF,PF,NORDESTE,CENTRO-OESTE,entre 50 e 59 anos,mais de 60 anos,DICT,P2P,Pix,"11485321,24",27311
202411,PF,PF,CENTRO-OESTE,CENTRO-OESTE,entre 20 e 29 anos,entre 40 e 49 anos,MANU,P2P,Pix,"202029521,43",980491
202411,PF,PF,CENTRO-OESTE,Nao informado,entre 30 e 39 anos,entre 50 e 59 anos,Nao disponivel,P2P,Nao disponivel,"20913,31",9
202411,PF,PJ,CENTRO-OESTE,CENTRO-OESTE,entre 40 e 49 anos,Nao se aplica,Nao disponivel,P2B,Nao disponivel,"8936430,66",3821
202411,PJ,PF,NORDESTE,SUDESTE,Nao se aplica,até 19 anos,QRES,B2P,Pix,"231546,8",1214
202411,PJ,PF,NORDESTE,NORDESTE,Nao se aplica,mais de 60 anos,QRES,B2P,Pix,"20342316,51",172325
202411,PF,PF,CENTRO-OESTE,SUDESTE,entre 40 e 49 anos,até 19 anos,QRDN,P2P,Pix,"51984,5",1526
202411,PF,PF,Nao informado,NORDESTE,entre 50 e 59 anos,entre 40 e 49 anos,MANU,P2P,Pix,"472322,22",857
202411,PF,PF,CENTRO-OESTE,SUL,entre 30 e 39 anos,entre 20 e 29 anos,QRDN,P2P,Pix,"238725,47",6096
202411,PF,PF,SUL,NORDESTE,entre 20 e 29 anos,entre 50 e 59 anos,Nao disponivel,P2P,Nao disponivel,"59880,52",176
202411,PF,PF,NORDESTE,NORTE,mais de 60 anos,mais de 60 anos,QRDN,P2P,Pix,"32638,69",843
202411,PF,PF,NORTE,SUL,entre 40 e 49 anos,mais de 60 anos,Nao disponivel,P2P,Nao disponivel,"26768,4",46
202411,PF,PF,NORTE,NORDESTE,mais de 60 anos,entre 50 e 59 anos,Nao disponivel,P2P,Nao disponivel,"2211,8",16
202411,PF,PF,NORDESTE,SUL,entre 20 e 29 anos,até 19 anos,QRES,P2P,Pix,"170537,69",4246
202411,PF,PJ,SUL,CENTRO-OESTE,entre 40 e 49 anos,Nao se aplica,MANU,P2B,Pix,"8414895,84",6887
202411,PF,PF,CENTRO-OESTE,CENTRO-OESTE,entre 30 e 39 anos,entre 40 e 49 anos,Nao disponivel,P2P,Nao disponivel,"3635288,45",13413
202411,PF,PF,CENTRO-OESTE,Nao informado,entre 50 e 59 anos,entre 30 e 39 anos,DICT,P2P,Pix,"1116317,17",2906
202411,PJ,PJ,Nao informado,NORDESTE,Nao se aplica,Nao se aplica,DICT,G2B,Pix,24683,6
202411,PF,PJ,NORTE,SUDESTE,entre 20 e 29 anos,Nao se aplica,QRES,P2B,Pix Saque,"297,4",2
202411,PJ,PF,SUDESTE,CENTRO-OESTE,Nao se aplica,entre 20 e 29 anos,DICT,G2P,Pix,"100634,82",57
202411,PF,PF,NORDESTE,Nao informado,entre 40 e 49 anos,Nao informado,QRES,P2P,Pix,7,2
202411,PF,PF,SUL,CENTRO-OESTE,entre 20 e 29 anos,até 19 anos,DICT,P2P,Pix,"2654702,47",22121
202411,PF,PF,NORTE,SUL,entre 50 e 59 anos,mais de 60 anos,Nao disponivel,P2P,Nao disponivel,"6182,18",21
202411,PF,PF,NORTE,SUL,entre 50 e 59 anos,entre 40 e 49 anos,Nao disponivel,P2P,Nao disponivel,"15059,89",45
202411,PF,PF,SUDESTE,SUL,até 19 anos,entre 30 e 39 anos,INIC,P2P,Pix,35,1
202411,PF,PF,NORDESTE,NORTE,até 19 anos,entre 30 e 39 anos,QRES,P2P,Pix,"431287,33",18828
202411,PF,PF,NORDESTE,SUDESTE,entre 50 e 59 anos,entre 20 e 29 anos,QRES,P2P,Pix,"2058904,09",24360
202411,PF,PF,CENTRO-OESTE,SUL,entre 30 e 39 anos,mais de 60 anos,Nao disponivel,P2P,Nao disponivel,"27276,08",116
202411,PF,PF,NORDESTE,CENTRO-OESTE,entre 40 e 49 anos,entre 20 e 29 anos,DICT,P2P,Pix,"39648768,1",223948
202411,PF,PF,NORDESTE,SUL,entre 40 e 49 anos,entre 50 e 59 anos,Nao disponivel,P2P,Nao disponivel,"33078,35",153
202411,PJ,PF,SUL,Nao informado,Nao se aplica,mais de 60 anos,MANU,B2P,Pix,"2295519,94",350
202411,PF,PJ,CENTRO-OESTE,SUDESTE,entre 20 e 29 anos,Nao se aplica,QRES,P2G,Pix,"23993,78",301
202411,PF,PJ,SUDESTE,CENTRO-OESTE,entre 30 e 39 anos,Nao se aplica,MANU,P2B,Pix,"22702986,1",29889
202411,PF,PF,NORTE,SUL,entre 20 e 29 anos,entre 40 e 49 anos,Nao disponivel,P2P,Nao disponivel,"79001,25",446
202411,PF,PF,NORTE,NORDESTE,entre 20 e 29 anos,entre 30 e 39 anos,QRDN,P2P,Pix,"2243169,45",81546
202411,PF,PF,NORTE,CENTRO-OESTE,mais de 60 anos,entre 40 e 49 anos,QRDN,P2P,Pix,"128194,49",2238
202411,PF,PF,NORDESTE,SUDESTE,mais de 60 anos,até 19 anos,DICT,P2P,Pix,"5389480,56",38249
202411,PF,PF,SUDESTE,NORTE,entre 40 e 49 anos,mais de 60 anos,Nao disponivel,P2P,Nao disponivel,28557,117
202411,PF,PF,NORDESTE,NORDESTE,até 19 anos,até 19 anos,INIC,P2P,Pix,"887535,25",4883
202411,PJ,PF,SUDESTE,SUDESTE,Nao se aplica,mais de 60 anos,MANU,B2P,Pix,"7622023491,45",2121280
202411,PF,PF,CENTRO-OESTE,SUDESTE,entre 50 e 59 anos,até 19 anos,QRES,P2P,Pix,"122356,58",1216
202411,PF,PF,CENTRO-OESTE,Nao informado,entre 40 e 49 anos,até 19 anos,MANU,P2P,Pix,9092,61
202411,PF,PF,NORDESTE,SUL,entre 20 e 29 anos,entre 30 e 39 anos,INIC,P2P,Pix,"49,9",1
202411,PF,PF,CENTRO-OESTE,SUDESTE,entre 20 e 29 anos,entre 40 e 49 anos,QRDN,P2P,Pix,"1144877,94",34475
202411,PF,PF,NORDESTE,SUL,mais de 60 anos,entre 40 e 49 anos,DICT,P2P,Pix,"13852528,36",24171
202411,PF,PF,NORTE,SUL,mais de 60 anos,entre 20 e 29 anos,Nao disponivel,P2P,Nao disponivel,"2822,33",22
202411,PF,PF,NORTE,Nao informado,entre 50 e 59 anos,entre 40 e 49 anos,Nao disponivel,P2P,Nao disponivel,62,2
202411,PJ,PJ,NORTE,SUL,Nao se aplica,Nao se aplica,QRES,B2B,Pix,"5839503,16",20888
202411,PF,PJ,CENTRO-OESTE,CENTRO-OESTE,entre 50 e 59 anos,Nao se aplica,QRDN,P2B,Pix Troco,"74479,73",236
202411,PF,PF,Nao informado,SUL,mais de 60 anos,mais de 60 anos,DICT,P2P,Pix,"1112710,01",989
202411,PF,PF,NORDESTE,CENTRO-OESTE,até 19 anos,entre 30 e 39 anos,DICT,P2P,Pix,"7843225,43",88162
202411,PJ,PF,SUL,SUDESTE,Nao se aplica,entre 20 e 29 anos,DICT,B2P,Pix,"567203461,63",1409492
202411,PJ,PF,NORDESTE,NORDESTE,Nao se aplica,mais de 60 anos,MANU,G2P,Pix,"63477851,2",2524
202411,PF,PJ,NORDESTE,Nao informado,até 19 anos,Nao se aplica,DICT,P2B,Pix,"9111,08",242
202411,PF,PF,NORDESTE,SUDESTE,mais de 60 anos,entre 20 e 29 anos,DICT,P2P,Pix,"39390402,08",129634
202411,PF,PF,Nao informado,SUDESTE,mais de 60 anos,até 19 anos,QRES,P2P,Pix,"961,8",18
202411,PF,PF,NORTE,NORDESTE,mais de 60 anos,entre 30 e 39 anos,Nao disponivel,P2P,Nao disponivel,"38956,23",50
202411,PF,PF,SUL,CENTRO-OESTE,até 19 anos,entre 40 e 49 anos,Nao disponivel,P2P,Nao disponivel,"14290,19",129
202411,PF,PF,SUDESTE,SUL,entre 30 e 39 anos,entre 30 e 39 anos,DICT,P2P,Pix,"158846719,45",509669
202411,PJ,PF,CENTRO-OESTE,SUDESTE,Nao se aplica,entre 50 e 59 anos,Nao disponivel,B2P,Nao disponivel,"539798,09",2134
202411,PF,PF,NORDESTE,CENTRO-OESTE,entre 20 e 29 anos,até 19 anos,DICT,P2P,Pix,"9366883,25",112719
202411,PF,PJ,SUDESTE,SUL,mais de 60 anos,Nao se aplica,MANU,P2B,Pix,"40755306,73",11908
202411,PF,PF,NORTE,SUL,entre 30 e 39 anos,mais de 60 anos,QRES,P2P,Pix,"314879,75",8407
202411,PJ,PJ,NORDESTE,SUL,Nao se aplica,Nao se aplica,QRDN,B2G,Pix,"2238836,13",705
202411,PF,PF,CENTRO-OESTE,CENTRO-OESTE,entre 30 e 39 anos,mais de 60 anos,MANU,P2P,Pix,"203520430,48",394865
202411,PF,PJ,NORTE,SUL,entre 20 e 29 anos,Nao se aplica,DICT,P2G,Pix,"2279,66",14
202411,PJ,PF,Nao informado,CENTRO-OESTE,Nao se aplica,entre 50 e 59 anos,Nao disponivel,B2P,Nao disponivel,"1271,54",2
202411,PF,PF,SUL,SUDESTE,até 19 anos,entre 20 e 29 anos,QRDN,P2P,Pix,"197909,23",7601
202411,PF,PF,SUDESTE,SUL,até 19 anos,entre 40 e 49 anos,MANU,P2P,Pix,"1053108,67",7707
202411,PF,PF,NORDESTE,SUDESTE,entre 30 e 39 anos,entre 50 e 59 anos,Nao disponivel,P2P,Nao disponivel,"524986,22",2069
202411,PF,PF,NORTE,Nao informado,mais de 60 anos,entre 50 e 59 anos,QRES,P2P,Pix,"7637,66",62
202411,PJ,PF,NORTE,SUDESTE,Nao se aplica,entre 50 e 59 anos,MANU,G2P,Pix,"3864,67",3
202411,PF,PF,Nao informado,NORDESTE,Nao informado,entre 20 e 29 anos,QRDN,P2P,Pix,"89,5",3
202411,PF,PJ,NORTE,SUL,entre 20 e 29 anos,Nao se aplica,MANU,P2B,Pix,"4677424,96",20196
202411,PJ,PF,CENTRO-OESTE,Nao informado,Nao se aplica,entre 20 e 29 anos,DICT,G2P,Pix,"9565,98",3
202411,PF,PF,Nao informado,Nao informado,entre 30 e 39 anos,até 19 anos,QRES,P2P,Pix,"2454,74",34
202411,PF,PJ,SUL,SUDESTE,entre 40 e 49 anos,Nao se aplica,QRDN,P2B,Pix Troco,"593,16",3
202411,PF,PF,NORDESTE,NORDESTE,Nao informado,até 19 anos,DICT,P2P,Pix,"951,2",19
202411,PF,PJ,SUDESTE,NORDESTE,entre 40 e 49 anos,Nao se aplica,MANU,P2G,Pix,"9785,26",14
202411,PF,PF,SUL,SUL,entre 40 e 49 anos,até 19 anos,Nao disponivel,P2P,Nao disponivel,"549128,78",4954
202411,PF,PJ,Nao informado,NORTE,Nao informado,Nao se aplica,QRES,P2B,Pix,"752,63",22
202411,PJ,PF,SUL,NORDESTE,Nao se aplica,entre 50 e 59 anos,QRES,B2P,Pix,"533575,38",4559
202411,PF,PF,Nao informado,NORDESTE,Nao informado,entre 40 e 49 anos,DICT,P2P,Pix,"7374,96",51
202411,PF,PJ,CENTRO-OESTE,SUDESTE,mais de 60 anos,Nao se aplica,INIC,P2B,Pix,"1710,26",130
202411,PF,PF,NORTE,NORTE,entre 50 e 59 anos,entre 30 e 39 anos,Nao disponivel,P2P,Nao disponivel,"858695,41",3696
202411,PF,PJ,SUL,NORTE,entre 30 e 39 anos,Nao se aplica,Nao disponivel,P2B,Nao disponivel,"57848,81",62
202411,PF,PF,NORTE,NORDESTE,entre 50 e 59 anos,entre 30 e 39 anos,DICT,P2P,Pix,"42654215,01",148348
202411,PF,PJ,SUL,NORDESTE,entre 20 e 29 anos,Nao se aplica,QRES,P2B,Pix,"5472366,68",101413
202411,PJ,PF,Nao informado,NORDESTE,Nao se aplica,entre 30 e 39 anos,QRES,B2P,Pix,"21943,55",93
202411,PF,PF,CENTRO-OESTE,NORDESTE,entre 30 e 39 anos,entre 20 e 29 anos,Nao disponivel,P2P,Nao disponivel,"273769,75",1770
202411,PJ,PJ,SUDESTE,NORTE,Nao se aplica,Nao se aplica,Nao disponivel,B2B,Nao disponivel,"8078042,33",28652
202411,PF,PF,SUL,SUDESTE,entre 40 e 49 anos,até 19 anos,QRDN,P2P,Pix,"37435,5",896
202411,PJ,PJ,CENTRO-OESTE,SUL,Nao se aplica,Nao se aplica,QRES,B2B,Pix,"16416795,88",39699
202411,PF,PF,SUL,NORTE,mais de 60 anos,entre 30 e 39 anos,DICT,P2P,Pix,"14563213,69",32266
202411,PJ,PF,SUL,Nao informado,Nao se aplica,entre 20 e 29 anos,DICT,G2P,Pix,"4784,09",55
202411,PF,PF,NORTE,CENTRO-OESTE,mais de 60 anos,entre 50 e 59 anos,QRDN,P2P,Pix,"61781,48",1310
202411,PF,PF,NORTE,NORDESTE,até 19 anos,entre 40 e 49 anos,MANU,P2P,Pix,"806642,93",10349
202411,PF,PF,Nao informado,Nao informado,até 19 anos,entre 50 e 59 anos,MANU,P2P,Pix,"55759,58",144
202411,PF,PJ,SUDESTE,NORDESTE,até 19 anos,Nao se aplica,MANU,P2B,Pix,"1223181,03",7247
202411,PF,PF,SUL,SUDESTE,entre 30 e 39 anos,mais de 60 anos,MANU,P2P,Pix,"13122001,28",19925
202411,PF,PF,NORDESTE,CENTRO-OESTE,entre 30 e 39 anos,entre 20 e 29 anos,QRDN,P2P,Pix,1467678,44355
202411,PF,PF,NORDESTE,SUDESTE,até 19 anos,até 19 anos,QRDN,P2P,Pix,"100375,51",4860
202411,PF,PF,SUDESTE,SUL,mais de 60 anos,entre 20 e 29 anos,QRES,P2P,Pix,"396905,79",3517
202411,PF,PF,NORTE,CENTRO-OESTE,até 19 anos,entre 30 e 39 anos,QRDN,P2P,Pix,"349772,73",14264
202411,PF,PF,SUL,NORTE,entre 50 e 59 anos,até 19 anos,Nao disponivel,P2P,Nao disponivel,"734,54",87
202411,PF,PF,SUL,SUDESTE,entre 30 e 39 anos,até 19 anos,DICT,P2P,Pix,"8033237,66",66047
202411,PF,PJ,NORTE,NORDESTE,entre 40 e 49 anos,Nao se aplica,Nao disponivel,P2B,Nao disponivel,"69267,14",132
202411,PF,PF,CENTRO-OESTE,SUDESTE,até 19 anos,entre 50 e 59 anos,Nao disponivel,P2P,Nao disponivel,"42109,76",293
202411,PJ,PF,NORTE,NORTE,Nao se aplica,entre 50 e 59 anos,QRDN,G2P,Pix,52,3
202411,PF,PF,Nao informado,CENTRO-OESTE,até 19 anos,entre 20 e 29 anos,QRES,P2P,Pix,"5402,04",48
202411,PF,PJ,Nao informado,NORDESTE,entre 50 e 59 anos,Nao se aplica,QRDN,P2B,Pix,"1046084,75",12021
202411,PJ,PF,SUL,NORDESTE,Nao se aplica,até 19 anos,Nao disponivel,B2P,Nao disponivel,"1973279,56",25463
202411,PF,PF,NORDESTE,NORDESTE,até 19 anos,até 19 anos,Nao disponivel,P2P,Nao disponivel,"5048138,77",99823
202411,PJ,PF,CENTRO-OESTE,Nao informado,Nao se aplica,mais de 60 anos,Nao disponivel,B2P,Nao disponivel,"6797,86",8
202411,PF,PF,CENTRO-OESTE,NORTE,entre 20 e 29 anos,entre 40 e 49 anos,QRDN,P2P,Pix,"685158,55",24752
202411,PF,PF,NORTE,SUL,mais de 60 anos,mais de 60 anos,QRES,P2P,Pix,"43744,57",468
202411,PF,PF,NORDESTE,NORDESTE,entre 30 e 39 anos,mais de 60 anos,Nao disponivel,P2P,Nao disponivel,"4603116,44",12552
202411,PF,PF,NORDESTE,NORDESTE,entre 40 e 49 anos,até 19 anos,Nao disponivel,P2P,Nao disponivel,"779593,42",12202
202411,PF,PF,Nao informado,NORTE,até 19 anos,entre 50 e 59 anos,DICT,P2P,Pix,"23459,46",186
202411,PF,PF,Nao informado,Nao informado,entre 20 e 29 anos,entre 30 e 39 anos,QRES,P2P,Pix,"32352,05",787
202411,PF,PF,SUDESTE,SUL,entre 50 e 59 anos,mais de 60 anos,Nao disponivel,P2P,Nao disponivel,"264875,22",162
202411,PF,PF,Nao informado,NORTE,entre 30 e 39 anos,até 19 anos,Nao disponivel,P2P,Nao disponivel,"48,9",4
202411,PJ,PF,SUL,CENTRO-OESTE,Nao se aplica,entre 40 e 49 anos,DICT,G2P,Pix,"40093,29",244
202411,PF,PF,NORTE,NORTE,entre 50 e 59 anos,entre 20 e 29 anos,QRES,P2P,Pix,"12280725,28",219630
202411,PF,PF,Nao informado,NORDESTE,mais de 60 anos,entre 50 e 59 anos,Nao disponivel,P2P,Nao disponivel,231,1
202411,PF,PF,Nao informado,SUDESTE,entre 30 e 39 anos,entre 40 e 49 anos,QRDN,P2P,Pix,"47768,71",1424
202411,PJ,PF,CENTRO-OESTE,CENTRO-OESTE,Nao se aplica,até 19 anos,QRDN,G2P,Pix,300,1
202411,PF,PJ,NORDESTE,CENTRO-OESTE,mais de 60 anos,Nao se aplica,QRES,P2B,Pix,"7438660,81",20716
202411,PF,PF,NORDESTE,SUDESTE,entre 20 e 29 anos,entre 20 e 29 anos,QRES,P2P,Pix,"10895825,97",301560
202411,PF,PF,NORDESTE,Nao informado,entre 50 e 59 anos,entre 40 e 49 anos,Nao disponivel,P2P,Nao disponivel,"5804,79",7
202411,PJ,PF,SUDESTE,SUL,Nao se aplica,entre 50 e 59 anos,DICT,G2P,Pix,"61085,64",35
202411,PF,PF,SUDESTE,NORDESTE,entre 30 e 39 anos,entre 20 e 29 anos,QRDN,P2P,Pix,"5832276,33",183662
202411,PF,PF,Nao informado,Nao informado,mais de 60 anos,mais de 60 anos,QRDN,P2P,Pix,1268,7
202411,PJ,PF,Nao informado,CENTRO-OESTE,Nao se aplica,entre 40 e 49 anos,MANU,B2P,Pix,"573949,24",28
202411,PF,PJ,SUL,SUL,entre 30 e 39 anos,Nao se aplica,MANU,P2B,Pix,"568406466,43",1360839
202411,PF,PF,NORDESTE,NORDESTE,até 19 anos,entre 20 e 29 anos,DICT,P2P,Pix,"410584032,4",6075116
202411,PF,PJ,SUDESTE,SUDESTE,até 19 anos,Nao se aplica,MANU,P2G,Pix,"91862,44",168
202411,PF,PF,CENTRO-OESTE,CENTRO-OESTE,Nao informado,entre 20 e 29 anos,MANU,P2P,Pix,"575,51",9
202411,PF,PF,CENTRO-OESTE,CENTRO-OESTE,entre 50 e 59 anos,entre 20 e 29 anos,MANU,P2P,Pix,"93151038,81",428244
202411,PF,PF,Nao informado,SUDESTE,entre 30 e 39 anos,entre 30 e 39 anos,QRDN,P2P,Pix,"50315,78",1360
202411,PF,PF,CENTRO-OESTE,NORDESTE,mais de 60 anos,mais de 60 anos,MANU,P2P,Pix,"2117179,64",3827
202411,PF,PF,NORDESTE,NORTE,entre 20 e 29 anos,entre 40 e 49 anos,DICT,P2P,Pix,"40815127,72",228609
202411,PJ,PF,NORDESTE,NORDESTE,Nao se aplica,entre 40 e 49 anos,Nao disponivel,G2P,Nao disponivel,"225,82",2
202411,PJ,PF,CENTRO-OESTE,CENTRO-OESTE,Nao se aplica,entre 30 e 39 anos,MANU,B2P,Pix,"678252555,38",430722
202411,PF,PF,SUL,NORDESTE,entre 50 e 59 anos,entre 20 e 29 anos,DICT,P2P,Pix,"17334909,29",87966
202411,PF,PF,SUL,CENTRO-OESTE,entre 50 e 59 anos,entre 20 e 29 anos,Nao disponivel,P2P,Nao disponivel,"22972,38",79
202411,PF,PJ,NORDESTE,NORDESTE,entre 40 e 49 anos,Nao se aplica,INIC,P2B,Pix,"1145,88",7
202411,PF,PF,NORDESTE,CENTRO-OESTE,entre 20 e 29 anos,entre 50 e 59 anos,QRDN,P2P,Pix,"1560680,08",61931
202411,PF,PJ,CENTRO-OESTE,SUL,entre 30 e 39 anos,Nao se aplica,QRDN,P2B,Pix,"373245230,76",3291848
202411,PF,PF,NORDESTE,SUL,mais de 60 anos,entre 20 e 29 anos,DICT,P2P,Pix,"5426597,81",17923
202411,PF,PJ,Nao informado,SUDESTE,entre 20 e 29 anos,Nao se aplica,DICT,P2B,Pix,"8986708,08",6746
202411,PF,PJ,SUL,Nao informado,entre 20 e 29 anos,Nao se aplica,QRES,P2B,Pix,"1423,06",30
202411,PF,PF,NORDESTE,NORTE,entre 30 e 39 anos,entre 30 e 39 anos,QRDN,P2P,Pix,"1828018,37",58445
202411,PJ,PF,Nao informado,NORDESTE,Nao se aplica,entre 30 e 39 anos,Nao disponivel,B2P,Nao disponivel,"22311,6",20
202411,PF,PF,CENTRO-OESTE,SUL,entre 30 e 39 anos,até 19 anos,Nao disponivel,P2P,Nao disponivel,"10544,13",202
202411,PF,PF,SUL,SUDESTE,mais de 60 anos,mais de 60 anos,QRES,P2P,Pix,"305863,47",2202
202411,PF,PF,NORDESTE,NORTE,até 19 anos,entre 40 e 49 anos,DICT,P2P,Pix,"4046276,57",46107
202411,PF,PF,SUDESTE,Nao informado,entre 20 e 29 anos,Nao informado,Nao disponivel,P2P,Nao disponivel,"28,5",5
202411,PF,PF,Nao informado,NORDESTE,entre 20 e 29 anos,entre 40 e 49 anos,QRDN,P2P,Pix,"39470,26",2031
202411,PF,PJ,SUDESTE,SUDESTE,entre 30 e 39 anos,Nao se aplica,INIC,P2B,Pix,"178835,21",3982
202411,PJ,PF,SUL,SUL,Nao se aplica,entre 20 e 29 anos,QRES,G2P,Pix,209,1
202411,PF,PJ,NORDESTE,NORDESTE,entre 50 e 59 anos,Nao se aplica,QRES,P2B,Pix,"397349484,67",2964476
202411,PF,PJ,NORTE,SUL,entre 40 e 49 anos,Nao se aplica,QRES,P2G,Pix,"11855,52",118
202411,PF,PF,NORDESTE,NORDESTE,entre 20 e 29 anos,entre 40 e 49 anos,INIC,P2P,Pix,10,1
202411,PF,PF,NORDESTE,NORTE,entre 50 e 59 anos,entre 50 e 59 anos,DICT,P2P,Pix,"18635491,48",56505
202411,PJ,PJ,NORTE,SUL,Nao se aplica,Nao se aplica,MANU,B2G,Pix,"13348,33",3
202411,PF,PF,NORTE,CENTRO-OESTE,entre 20 e 29 anos,entre 40 e 49 anos,DICT,P2P,Pix,"41144533,23",214386
202411,PF,PJ,NORTE,SUL,mais de 60 anos,Nao se aplica,QRDN,P2B,Pix,"27970624,52",243791
202411,PF,PF,NORTE,CENTRO-OESTE,até 19 anos,entre 40 e 49 anos,DICT,P2P,Pix,"4398140,8",39769
202411,PF,PF,NORTE,Nao informado,entre 20 e 29 anos,entre 40 e 49 anos,QRDN,P2P,Pix,"20807,47",825
202411,PF,PF,Nao informado,NORTE,até 19 anos,entre 20 e 29 anos,Nao disponivel,P2P,Nao disponivel,300,6
202411,PF,PF,CENTRO-OESTE,SUDESTE,entre 20 e 29 anos,entre 20 e 29 anos,QRES,P2P,Pix,"2600046,9",60595
202411,PF,PJ,NORDESTE,SUDESTE,entre 20 e 29 anos,Nao se aplica,MANU,P2B,Pix,"46225592,09",164979
202411,PF,PJ,NORDESTE,Nao informado,mais de 60 anos,Nao se aplica,Nao disponivel,P2B,Nao disponivel,20,1
202411,PF,PF,SUDESTE,Nao informado,entre 20 e 29 anos,entre 20 e 29 anos,Nao disponivel,P2P,Nao disponivel,"19369,9",53
202411,PF,PF,NORTE,Nao informado,entre 50 e 59 anos,até 19 anos,DICT,P2P,Pix,"59741,07",271
202411,PF,PJ,NORDESTE,CENTRO-OESTE,entre 20 e 29 anos,Nao se aplica,DICT,P2B,Pix,"91707896,8",218671
202411,PF,PF,SUL,NORDESTE,entre 40 e 49 anos,entre 40 e 49 anos,DICT,P2P,Pix,"37061916,8",128788
202411,PF,PJ,SUDESTE,SUL,até 19 anos,Nao se aplica,MANU,P2G,Pix,"526,2",3
202411,PF,PF,CENTRO-OESTE,Nao informado,entre 50 e 59 anos,até 19 anos,MANU,P2P,Pix,421,4
202411,PF,PJ,Nao informado,SUDESTE,mais de 60 anos,Nao se aplica,QRDN,P2G,Pix,"42135,19",88
202411,PF,PJ,Nao informado,Nao informado,até 19 anos,Nao se aplica,QRDN,P2B,Pix,"15467,05",959
202411,PF,PJ,NORTE,NORTE,entre 20 e 29 anos,Nao se aplica,INIC,P2B,Pix,173,5
202411,PF,PF,SUL,Nao informado,mais de 60 anos,mais de 60 anos,QRES,P2P,Pix,"5718,89",85
202411,PF,PJ,Nao informado,SUDESTE,entre 40 e 49 anos,Nao se aplica,DICT,P2B,Pix,"28282853,77",11909
202411,PF,PJ,NORTE,SUDESTE,até 19 anos,Nao se aplica,QRES,P2B,Pix,"13148795,42",206551
202411,PJ,PJ,SUL,CENTRO-OESTE,Nao se aplica,Nao se aplica,MANU,B2B,Pix,"994601407,32",60444
202411,PF,PF,NORTE,SUDESTE,entre 30 e 39 anos,entre 20 e 29 anos,QRES,P2P,Pix,"2136872,36",32056
202411,PF,PF,SUL,SUDESTE,entre 20 e 29 anos,mais de 60 anos,Nao disponivel,P2P,Nao disponivel,"568502,34",296
202411,PJ,PF,SUL,NORDESTE,Nao se aplica,entre 20 e 29 anos,DICT,G2P,Pix,"36374,81",674
202411,PF,PF,NORTE,Nao informado,entre 40 e 49 anos,entre 40 e 49 anos,MANU,P2P,Pix,"488129,69",2631
202411,PJ,PJ,NORDESTE,NORTE,Nao se aplica,Nao se aplica,MANU,B2G,Pix,"153347,73",10
202411,PJ,PF,SUL,NORDESTE,Nao se aplica,entre 50 e 59 anos,QRDN,B2P,Pix,"162385,16",2433
202411,PF,PF,NORDESTE,SUDESTE,entre 50 e 59 anos,mais de 60 anos,DICT,P2P,Pix,"52333705,96",124944
202411,PF,PJ,SUL,Nao informado,entre 40 e 49 anos,Nao se aplica,MANU,P2B,Pix,"504228,33",4
202411,PF,PF,Nao informado,Nao informado,entre 30 e 39 anos,entre 30 e 39 anos,MANU,P2P,Pix,"21541109,31",34994
202411,PF,PF,SUDESTE,SUDESTE,até 19 anos,Nao informado,QRDN,P2P,Pix,"628,77",24
202411,PF,PF,SUDESTE,SUDESTE,até 19 anos,entre 20 e 29 anos,QRDN,P2P,Pix,"13919019,27",691542
202411,PF,PF,SUDESTE,NORTE,Nao informado,entre 30 e 39 anos,Nao disponivel,P2P,Nao disponivel,22,1
202411,PF,PF,CENTRO-OESTE,CENTRO-OESTE,entre 40 e 49 anos,mais de 60 anos,Nao disponivel,P2P,Nao disponivel,"1770026,73",3447
202411,PF,PF,SUL,Nao informado,entre 40 e 49 anos,entre 20 e 29 anos,Nao disponivel,P2P,Nao disponivel,"61,49",6
202411,PF,PF,SUDESTE,NORTE,entre 30 e 39 anos,até 19 anos,QRES,P2P,Pix,"164792,63",4245
202411,PJ,PF,NORTE,NORDESTE,Nao se aplica,entre 20 e 29 anos,MANU,B2P,Pix,"4958991,54",6779
202411,PF,PJ,NORDESTE,CENTRO-OESTE,entre 20 e 29 anos,Nao se aplica,QRDN,P2B,Pix Saque,"304883,71",1029
202411,PF,PJ,SUDESTE,SUL,entre 50 e 59 anos,Nao se aplica,QRES,P2B,Pix,"149156305,53",679685
202411,PF,PF,CENTRO-OESTE,Nao informado,até 19 anos,entre 20 e 29 anos,MANU,P2P,Pix,"51257,8",164
202411,PF,PF,NORTE,Nao informado,até 19 anos,entre 40 e 49 anos,DICT,P2P,Pix,"112577,35",1351
202411,PJ,PF,SUDESTE,NORTE,Nao se aplica,entre 30 e 39 anos,MANU,B2P,Pix,"432158127,22",1108166
202411,PF,PF,NORTE,SUL,entre 20 e 29 anos,entre 20 e 29 anos,QRDN,P2P,Pix,"554961,05",19507
202411,PJ,PF,CENTRO-OESTE,SUL,Nao se aplica,entre 20 e 29 anos,QRES,B2P,Pix,"930401,4",1694
202411,PF,PF,NORDESTE,SUL,entre 40 e 49 anos,entre 20 e 29 anos,QRES,P2P,Pix,"507952,91",9476
202411,PF,PF,Nao informado,NORTE,entre 20 e 29 anos,entre 40 e 49 anos,Nao disponivel,P2P,Nao disponivel,"2801,43",15
202411,PJ,PF,NORTE,NORDESTE,Nao se aplica,mais de 60 anos,DICT,B2P,Pix,"40218705,12",43825
202411,PF,PF,SUL,NORTE,até 19 anos,entre 20 e 29 anos,Nao disponivel,P2P,Nao disponivel,"22241,6",406
202411,PF,PF,NORDESTE,NORDESTE,entre 50 e 59 anos,entre 50 e 59 anos,QRES,P2P,Pix,"156132851,32",1316710
202411,PF,PF,SUDESTE,SUDESTE,mais de 60 anos,entre 40 e 49 anos,INIC,P2P,Pix,30,1
202411,PF,PJ,NORTE,NORTE,entre 30 e 39 anos,Nao se aplica,DICT,P2B,Pix,"1732612089,93",3327365
202411,PF,PJ,Nao informado,Nao informado,entre 50 e 59 anos,Nao se aplica,QRDN,P2B,Pix,"41185,46",270
202411,PF,PJ,NORDESTE,NORDESTE,entre 40 e 49 anos,Nao se aplica,DICT,P2G,Pix,"621517,56",2094
202411,PJ,PJ,NORDESTE,SUDESTE,Nao se aplica,Nao se aplica,Nao disponivel,B2G,Nao disponivel,"264,98",1
202411,PF,PF,SUDESTE,Nao informado,entre 40 e 49 anos,mais de 60 anos,QRDN,P2P,Pix,"1765,64",75
202411,PF,PF,CENTRO-OESTE,Nao informado,entre 50 e 59 anos,entre 30 e 39 anos,QRES,P2P,Pix,"92850,16",253
202411,PF,PJ,SUDESTE,NORDESTE,entre 30 e 39 anos,Nao se aplica,MANU,P2G,Pix,"9273,25",24
202411,PJ,PJ,NORDESTE,SUDESTE,Nao se aplica,Nao se aplica,MANU,B2B,Pix,"6751333330,8",130741
202411,PF,PF,SUDESTE,SUDESTE,entre 50 e 59 anos,entre 50 e 59 anos,QRDN,P2P,Pix,"27776581,55",678247
202411,PF,PF,NORDESTE,NORDESTE,entre 30 e 39 anos,entre 30 e 39 anos,DICT,P2P,Pix,"20389522738,09",65106690
202411,PF,PF,Nao informado,NORTE,Nao informado,entre 30 e 39 anos,QRDN,P2P,Pix,"91,96",6
202411,PF,PF,NORTE,SUDESTE,entre 50 e 59 anos,entre 30 e 39 anos,MANU,P2P,Pix,"5701544,14",19784
202411,PF,PJ,NORTE,SUL,entre 20 e 29 anos,Nao se aplica,MANU,P2G,Pix,2110,6
202411,PF,PF,SUDESTE,SUDESTE,Nao informado,entre 40 e 49 anos,QRDN,P2P,Pix,36,2
202411,PF,PF,NORTE,SUL,entre 40 e 49 anos,até 19 anos,QRES,P2P,Pix,"43931,34",1072
202411,PJ,PF,SUDESTE,SUL,Nao se aplica,entre 40 e 49 anos,QRDN,B2P,Pix,"335191,09",3181
202411,PF,PF,SUDESTE,SUDESTE,até 19 anos,entre 40 e 49 anos,QRDN,P2P,Pix,"17221710,77",1078866
202411,PF,PF,NORTE,CENTRO-OESTE,até 19 anos,entre 20 e 29 anos,DICT,P2P,Pix,"6014197,46",62470
202411,PJ,PF,NORDESTE,CENTRO-OESTE,Nao se aplica,entre 50 e 59 anos,MANU,G2P,Pix,"68575,49",22
202411,PF,PJ,CENTRO-OESTE,CENTRO-OESTE,entre 20 e 29 anos,Nao se aplica,QRES,P2G,Pix,"609176,7",7602
202411,PF,PF,SUDESTE,Nao informado,até 19 anos,entre 30 e 39 anos,QRDN,P2P,Pix,"3269,36",82
202411,PF,PF,NORTE,CENTRO-OESTE,entre 20 e 29 anos,entre 40 e 49 anos,QRES,P2P,Pix,"2220496,24",61008
202411,PF,PJ,SUDESTE,NORDESTE,entre 40 e 49 anos,Nao se aplica,QRES,P2B,Pix,"45631407,67",552334
202411,PF,PJ,SUL,NORDESTE,mais de 60 anos,Nao se aplica,QRDN,P2G,Pix,"426409,77",275
202411,PF,PF,NORTE,SUDESTE,até 19 anos,entre 30 e 39 anos,QRES,P2P,Pix,"327434,39",11287
202411,PF,PJ,SUDESTE,SUL,entre 40 e 49 anos,Nao se aplica,DICT,P2B,Pix,"384519007,37",353913
202411,PF,PF,SUDESTE,Nao informado,mais de 60 anos,entre 30 e 39 anos,QRES,P2P,Pix,"272456,46",221
202411,PJ,PJ,CENTRO-OESTE,NORDESTE,Nao se aplica,Nao se aplica,QRDN,G2G,Pix,"69,52",1
202411,PF,PF,CENTRO-OESTE,CENTRO-OESTE,mais de 60 anos,entre 50 e 59 anos,Nao disponivel,P2P,Nao disponivel,"608880,07",1140
202411,PF,PF,SUL,CENTRO-OESTE,entre 40 e 49 anos,entre 40 e 49 anos,DICT,P2P,Pix,"43459042,53",79649
202411,PF,PJ,Nao informado,SUL,mais de 60 anos,Nao se aplica,DICT,P2B,Pix,"3842976,58",1846
202411,PF,PF,SUDESTE,NORDESTE,entre 40 e 49 anos,mais de 60 anos,QRES,P2P,Pix,"3022538,81",64948
202411,PF,PF,Nao informado,NORDESTE,entre 30 e 39 anos,mais de 60 anos,MANU,P2P,Pix,"496382,68",828
202411,PF,PF,NORTE,CENTRO-OESTE,entre 20 e 29 anos,entre 50 e 59 anos,DICT,P2P,Pix,"22500588,83",109660
202411,PF,PJ,SUDESTE,SUDESTE,entre 30 e 39 anos,Nao se aplica,DICT,P2B,Pix,"9895860543,32",19398485
202411,PF,PJ,SUL,NORTE,entre 20 e 29 anos,Nao se aplica,Nao disponivel,P2B,Nao disponivel,"80331,05",68
202411,PF,PF,NORTE,SUDESTE,até 19 anos,mais de 60 anos,DICT,P2P,Pix,"888476,55",8318
202411,PF,PJ,NORDESTE,SUDESTE,entre 30 e 39 anos,Nao se aplica,QRES,P2B,Pix Saque,"6119,63",47
202411,PF,PF,SUDESTE,SUL,entre 40 e 49 anos,mais de 60 anos,MANU,P2P,Pix,"17723861,33",18209
202411,PF,PJ,NORDESTE,NORDESTE,entre 40 e 49 anos,Nao se aplica,QRDN,P2B,Pix,"2029148132,28",32580940
202411,PF,PJ,NORTE,CENTRO-OESTE,mais de 60 anos,Nao se aplica,QRDN,P2B,Pix,"17367549,07",73886
202411,PF,PF,CENTRO-OESTE,SUDESTE,até 19 anos,entre 50 e 59 anos,QRES,P2P,Pix,"222979,5",8906
202411,PF,PF,Nao informado,SUL,até 19 anos,entre 50 e 59 anos,QRES,P2P,Pix,"1115,63",83
202411,PF,PF,CENTRO-OESTE,SUL,até 19 anos,entre 30 e 39 anos,DICT,P2P,Pix,"2389931,17",19959
202411,PF,PJ,CENTRO-OESTE,NORTE,mais de 60 anos,Nao se aplica,QRDN,P2G,Pix,"1005973,96",959
202411,PF,PJ,Nao informado,SUL,mais de 60 anos,Nao se aplica,QRDN,P2G,Pix,"403098,24",89
202411,PJ,PF,NORDESTE,Nao informado,Nao se aplica,entre 40 e 49 anos,DICT,B2P,Pix,"6118342,61",6897
202411,PF,PF,Nao informado,SUDESTE,entre 40 e 49 anos,até 19 anos,DICT,P2P,Pix,"397527,52",2055
202411,PF,PF,CENTRO-OESTE,SUL,até 19 anos,entre 30 e 39 anos,QRES,P2P,Pix,"154020,27",4520
202411,PF,PF,SUL,SUL,entre 30 e 39 anos,entre 30 e 39 anos,DICT,P2P,Pix,"10830364964,92",22955012
202411,PF,PF,NORTE,NORDESTE,entre 20 e 29 anos,entre 20 e 29 anos,INIC,P2P,Pix,12,1
202411,PF,PJ,NORDESTE,Nao informado,entre 30 e 39 anos,Nao se aplica,QRES,P2B,Pix,"35584,21",506
202411,PF,PJ,SUDESTE,NORDESTE,mais de 60 anos,Nao se aplica,QRDN,P2B,Pix,"118155539,04",2940230
202411,PF,PF,Nao informado,SUDESTE,até 19 anos,entre 40 e 49 anos,QRES,P2P,Pix,"4664,85",181
202411,PF,PJ,Nao informado,Nao informado,entre 40 e 49 anos,Nao se aplica,QRDN,P2B,Pix,"119379,16",824
202411,PJ,PF,NORDESTE,SUDESTE,Nao se aplica,Nao informado,DICT,B2P,Pix,"207,07",7
202411,PF,PF,NORTE,NORDESTE,mais de 60 anos,Nao informado,DICT,P2P,Pix,5,1
202411,PJ,PF,NORTE,NORDESTE,Nao se aplica,entre 40 e 49 anos,DICT,G2P,Pix,"48835,13",63
202411,PF,PF,NORTE,CENTRO-OESTE,entre 30 e 39 anos,entre 20 e 29 anos,Nao disponivel,P2P,Nao disponivel,"79577,52",613
202411,PF,PF,CENTRO-OESTE,NORDESTE,entre 30 e 39 anos,mais de 60 anos,MANU,P2P,Pix,"5153335,36",16694
202411,PF,PF,SUL,SUL,até 19 anos,entre 20 e 29 anos,QRES,P2P,Pix,"7352171,77",196193
202411,PF,PJ,SUL,CENTRO-OESTE,entre 50 e 59 anos,Nao se aplica,QRES,P2B,Pix,"6670382,41",24706
202411,PF,PF,NORTE,SUDESTE,entre 30 e 39 anos,entre 40 e 49 anos,QRDN,P2P,Pix,"1122527,26",32988
202411,PF,PJ,SUDESTE,Nao informado,entre 50 e 59 anos,Nao se aplica,MANU,P2B,Pix,"1334224,61",27
202411,PF,PF,Nao informado,NORDESTE,Nao informado,até 19 anos,QRDN,P2P,Pix,21,1
202411,PF,PF,CENTRO-OESTE,NORTE,entre 40 e 49 anos,mais de 60 anos,Nao disponivel,P2P,Nao disponivel,"18784,14",76
202411,PF,PF,CENTRO-OESTE,SUDESTE,entre 50 e 59 anos,entre 50 e 59 anos,MANU,P2P,Pix,"7903352,65",17335
202411,PF,PJ,NORDESTE,Nao informado,entre 20 e 29 anos,Nao se aplica,Nao disponivel,P2B,Nao disponivel,277,5
202411,PF,PF,SUDESTE,SUL,entre 20 e 29 anos,entre 30 e 39 anos,Nao disponivel,P2P,Nao disponivel,"416421,3",2065
202411,PJ,PF,NORDESTE,NORTE,Nao se aplica,até 19 anos,Nao disponivel,B2P,Nao disponivel,"171694,31",6780
202411,PF,PJ,SUDESTE,CENTRO-OESTE,mais de 60 anos,Nao se aplica,QRES,P2B,Pix Saque,470,1
202411,PF,PJ,NORDESTE,SUDESTE,mais de 60 anos,Nao se aplica,QRDN,P2B,Pix,"521769689,03",5165168
202411,PJ,PF,NORTE,SUDESTE,Nao se aplica,entre 50 e 59 anos,QRES,B2P,Pix,"1112385,22",3245
202411,PF,PJ,SUL,SUDESTE,entre 30 e 39 anos,Nao se aplica,MANU,P2B,Pix,"46987933,85",67424
202411,PF,PF,SUL,SUDESTE,mais de 60 anos,entre 30 e 39 anos,DICT,P2P,Pix,"60484401,82",109088
202411,PF,PF,NORDESTE,CENTRO-OESTE,entre 50 e 59 anos,até 19 anos,Nao disponivel,P2P,Nao disponivel,"2241,8",134
202411,PF,PJ,SUL,NORTE,entre 50 e 59 anos,Nao se aplica,MANU,P2B,Pix,"809872,21",1389
202411,PF,PF,CENTRO-OESTE,CENTRO-OESTE,entre 30 e 39 anos,entre 30 e 39 anos,MANU,P2P,Pix,"2297853471,56",5988488
202411,PF,PF,SUDESTE,NORDESTE,mais de 60 anos,entre 40 e 49 anos,MANU,P2P,Pix,"16072165,15",45492
202411,PF,PF,NORTE,SUDESTE,até 19 anos,entre 20 e 29 anos,QRDN,P2P,Pix,"124154,15",6014
202411,PF,PF,Nao informado,NORDESTE,entre 20 e 29 anos,entre 40 e 49 anos,Nao disponivel,P2P,Nao disponivel,"6686,88",20
202411,PJ,PJ,SUDESTE,NORDESTE,Nao se aplica,Nao se aplica,QRES,G2B,Pix,"2396,7",4
202411,PF,PF,NORDESTE,SUDESTE,mais de 60 anos,entre 20 e 29 anos,MANU,P2P,Pix,"3775925,93",21932
202411,PF,PJ,NORDESTE,NORDESTE,entre 30 e 39 anos,Nao se aplica,QRDN,P2B,Pix,"2848168020,73",50705902
202411,PF,PF,SUL,NORTE,entre 40 e 49 anos,até 19 anos,QRES,P2P,Pix,"36943,03",1150
202411,PJ,PF,SUDESTE,SUL,Nao se aplica,até 19 anos,Nao disponivel,B2P,Nao disponivel,"10726664,95",198824
202411,PF,PF,NORTE,NORTE,entre 30 e 39 anos,entre 40 e 49 anos,MANU,P2P,Pix,"298984457,94",1935128
202411,PF,PF,SUDESTE,SUL,entre 40 e 49 anos,entre 50 e 59 anos,QRDN,P2P,Pix,"465583,69",11622
202411,PJ,PJ,SUL,CENTRO-OESTE,Nao se aplica,Nao se aplica,QRDN,B2B,Pix,"2413837794,12",853458
202411,PF,PJ,NORTE,NORDESTE,até 19 anos,Nao se aplica,QRES,P2B,Pix,"960807,85",24593
202411,PF,PF,Nao informado,SUDESTE,até 19 anos,entre 30 e 39 anos,QRDN,P2P,Pix,"1776,59",101
202411,PF,PF,Nao informado,CENTRO-OESTE,entre 40 e 49 anos,entre 30 e 39 anos,QRDN,P2P,Pix,"25967,06",308
202411,PF,PF,NORTE,NORDESTE,até 19 anos,mais de 60 anos,INIC,P2P,Pix,"24,99",1
202411,PF,PF,SUDESTE,SUL,entre 20 e 29 anos,até 19 anos,DICT,P2P,Pix,"9104474,56",88589
202411,PF,PF,CENTRO-OESTE,NORDESTE,entre 40 e 49 anos,mais de 60 anos,QRDN,P2P,Pix,"320528,35",8481
202411,PF,PJ,CENTRO-OESTE,CENTRO-OESTE,mais de 60 anos,Nao se aplica,QRDN,P2B,Pix Saque,"2180607,26",10211
202411,PF,PJ,CENTRO-OESTE,NORDESTE,entre 20 e 29 anos,Nao se aplica,DICT,P2B,Pix,"31909660,32",63779
202411,PF,PF,CENTRO-OESTE,Nao informado,entre 40 e 49 anos,entre 50 e 59 anos,MANU,P2P,Pix,"328731,62",323
202411,PF,PF,Nao informado,NORTE,entre 40 e 49 anos,mais de 60 anos,Nao disponivel,P2P,Nao disponivel,300,1
202411,PF,PJ,SUL,NORTE,entre 30 e 39 anos,Nao se aplica,QRDN,P2G,Pix,"396837,77",684
202411,PF,PJ,NORDESTE,SUDESTE,mais de 60 anos,Nao se aplica,QRDN,P2B,Pix Troco,"664,5",5
202411,PF,PF,SUDESTE,CENTRO-OESTE,mais de 60 anos,entre 50 e 59 anos,MANU,P2P,Pix,"17095013,37",8055
202411,PF,PF,SUL,CENTRO-OESTE,entre 40 e 49 anos,entre 30 e 39 anos,Nao disponivel,P2P,Nao disponivel,"61445,06",196
202411,PF,PF,NORDESTE,Nao informado,mais de 60 anos,entre 40 e 49 anos,QRES,P2P,Pix,"17030,08",238
202411,PF,PJ,Nao informado,SUL,entre 40 e 49 anos,Nao se aplica,QRES,P2B,Pix,"8895259,29",5073
202411,PF,PF,SUDESTE,SUL,até 19 anos,entre 50 e 59 anos,QRDN,P2P,Pix,"74603,65",3883
202411,PJ,PF,NORDESTE,SUDESTE,Nao se aplica,entre 50 e 59 anos,QRES,B2P,Pix,"3807504,48",13498
202411,PF,PF,NORDESTE,Nao informado,entre 30 e 39 anos,entre 50 e 59 anos,QRES,P2P,Pix,"33766,57",1184
202411,PF,PJ,CENTRO-OESTE,CENTRO-OESTE,entre 20 e 29 anos,Nao se aplica,Nao disponivel,P2G,Nao disponivel,755,3
202411,PF,PF,CENTRO-OESTE,Nao informado,entre 40 e 49 anos,Nao informado,DICT,P2P,Pix,75,4
202411,PF,PJ,CENTRO-OESTE,CENTRO-OESTE,até 19 anos,Nao se aplica,QRDN,P2G,Pix,"2277061,18",15947
202411,PF,PF,SUL,NORDESTE,entre 20 e 29 anos,entre 20 e 29 anos,QRES,P2P,Pix,"1583430,86",33513
202411,PF,PJ,NORDESTE,SUDESTE,entre 30 e 39 anos,Nao se aplica,INIC,P2B,Pix,"11411,78",772
202411,PF,PF,NORTE,CENTRO-OESTE,mais de 60 anos,mais de 60 anos,QRDN,P2P,Pix,"40542,52",754
202411,PF,PF,CENTRO-OESTE,SUDESTE,mais de 60 anos,entre 40 e 49 anos,MANU,P2P,Pix,"8594875,74",9784
202411,PJ,PF,SUL,Nao informado,Nao se aplica,até 19 anos,Nao disponivel,B2P,Nao disponivel,"1533,81",30
202411,PF,PF,SUDESTE,NORDESTE,entre 50 e 59 anos,entre 50 e 59 anos,Nao disponivel,P2P,Nao disponivel,"122829,79",512
202411,PF,PJ,SUDESTE,NORDESTE,entre 30 e 39 anos,Nao se aplica,QRDN,P2B,Pix Saque,"452927,43",1920
202411,PF,PF,SUL,NORTE,entre 40 e 49 anos,entre 40 e 49 anos,DICT,P2P,Pix,"26576838,88",89610
202411,PF,PF,NORDESTE,SUL,entre 40 e 49 anos,entre 40 e 49 anos,DICT,P2P,Pix,"41670605,21",116338
202411,PF,PF,NORTE,SUL,entre 30 e 39 anos,até 19 anos,DICT,P2P,Pix,"2670786,45",27483
202411,PF,PF,NORTE,NORTE,Nao informado,entre 30 e 39 anos,MANU,P2P,Pix,"2502,6",16
202411,PF,PF,Nao informado,NORDESTE,até 19 anos,entre 20 e 29 anos,DICT,P2P,Pix,"71777,91",1009
202411,PF,PF,SUL,SUDESTE,entre 20 e 29 anos,mais de 60 anos,MANU,P2P,Pix,"5515461,79",13078
202411,PF,PJ,Nao informado,SUL,entre 20 e 29 anos,Nao se aplica,DICT,P2G,Pix,"75,5",7
202411,PF,PF,SUDESTE,SUL,entre 50 e 59 anos,até 19 anos,MANU,P2P,Pix,"771585,52",5105
202411,PF,PJ,CENTRO-OESTE,NORDESTE,mais de 60 anos,Nao se aplica,QRDN,P2B,Pix,"25979624,97",596276
202411,PF,PF,Nao informado,Nao informado,entre 40 e 49 anos,entre 50 e 59 anos,QRES,P2P,Pix,"9399,06",200
202411,PF,PF,CENTRO-OESTE,Nao informado,até 19 anos,entre 30 e 39 anos,QRDN,P2P,Pix,"2798,5",118
202411,PJ,PF,CENTRO-OESTE,CENTRO-OESTE,Nao se aplica,entre 40 e 49 anos,QRES,G2P,Pix,"836,24",6
202411,PJ,PJ,NORDESTE,CENTRO-OESTE,Nao se aplica,Nao se aplica,Nao disponivel,B2B,Nao disponivel,"868149,91",3643
202411,PF,PF,NORDESTE,SUDESTE,entre 20 e 29 anos,até 19 anos,QRDN,P2P,Pix,"511630,99",17197
202411,PF,PF,SUL,NORDESTE,entre 40 e 49 anos,entre 50 e 59 anos,MANU,P2P,Pix,"2049885,63",7560
202411,PF,PJ,SUDESTE,SUDESTE,entre 50 e 59 anos,Nao se aplica,QRDN,P2B,Pix,"4686796109,74",58878093
202411,PF,PF,SUL,SUL,entre 30 e 39 anos,entre 40 e 49 anos,DICT,P2P,Pix,"2147537837,29",7213993
202411,PF,PF,Nao informado,Nao informado,entre 50 e 59 anos,entre 30 e 39 anos,QRDN,P2P,Pix,"1131,5",31
202411,PF,PF,Nao informado,NORDESTE,entre 20 e 29 anos,entre 30 e 39 anos,MANU,P2P,Pix,"491598,9",2070
202411,PF,PJ,CENTRO-OESTE,NORTE,entre 40 e 49 anos,Nao se aplica,QRDN,P2G,Pix,"1609960,16",2436
202411,PF,PF,CENTRO-OESTE,CENTRO-OESTE,entre 30 e 39 anos,entre 20 e 29 anos,MANU,P2P,Pix,"182245563,53",987095
202411,PJ,PJ,SUDESTE,CENTRO-OESTE,Nao se aplica,Nao se aplica,QRDN,B2B,Pix Troco,948,3
202411,PJ,PJ,NORTE,SUL,Nao se aplica,Nao se aplica,MANU,G2B,Pix,"1714092,3",33
202411,PJ,PF,Nao informado,SUDESTE,Nao se aplica,até 19 anos,MANU,B2P,Pix,"9588,5",20
202411,PF,PF,NORDESTE,Nao informado,entre 50 e 59 anos,entre 30 e 39 anos,DICT,P2P,Pix,"1851918,15",11784
202411,PF,PF,SUL,SUL,entre 30 e 39 anos,entre 50 e 59 anos,QRES,P2P,Pix,"30887519,35",522251
202411,PF,PF,NORTE,NORDESTE,entre 20 e 29 anos,entre 20 e 29 anos,DICT,P2P,Pix,"67148399,04",486043
202411,PF,PJ,NORTE,SUDESTE,entre 50 e 59 anos,Nao se aplica,MANU,P2G,Pix,600,3
202411,PF,PF,Nao informado,CENTRO-OESTE,entre 50 e 59 anos,entre 50 e 59 anos,Nao disponivel,P2P,Nao disponivel,56,1
202411,PF,PF,NORTE,NORTE,Nao informado,entre 50 e 59 anos,QRDN,P2P,Pix,315,10
202411,PF,PJ,SUDESTE,CENTRO-OESTE,entre 30 e 39 anos,Nao se aplica,QRDN,P2B,Pix Saque,"135213,67",522
202411,PJ,PF,SUL,Nao informado,Nao se aplica,entre 50 e 59 anos,MANU,B2P,Pix,"3124105,26",491
202411,PF,PF,NORTE,NORTE,até 19 anos,mais de 60 anos,QRDN,P2P,Pix,"1587068,31",110623
202411,PF,PF,Nao informado,CENTRO-OESTE,entre 30 e 39 anos,entre 30 e 39 anos,MANU,P2P,Pix,"506935,95",1118
202411,PJ,PJ,NORDESTE,NORTE,Nao se aplica,Nao se aplica,Nao disponivel,B2B,Nao disponivel,"2004794,28",2259
202411,PF,PF,SUDESTE,NORTE,até 19 anos,mais de 60 anos,Nao disponivel,P2P,Nao disponivel,"8007,66",116
202411,PF,PF,NORDESTE,Nao informado,entre 30 e 39 anos,entre 30 e 39 anos,Nao disponivel,P2P,Nao disponivel,"16197,43",54
202411,PF,PF,NORDESTE,SUL,entre 50 e 59 anos,entre 30 e 39 anos,QRDN,P2P,Pix,"119935,17",2922
202411,PF,PF,NORTE,SUDESTE,mais de 60 anos,entre 50 e 59 anos,QRES,P2P,Pix,"233689,82",2317
202411,PF,PF,NORTE,SUDESTE,entre 20 e 29 anos,entre 50 e 59 anos,MANU,P2P,Pix,"3499847,21",17338
202411,PF,PJ,CENTRO-OESTE,CENTRO-OESTE,entre 40 e 49 anos,Nao se aplica,DICT,P2B,Pix Saque,"53,5",1
202411,PF,PF,NORTE,SUL,entre 50 e 59 anos,entre 20 e 29 anos,MANU,P2P,Pix,"996547,84",7270
202411,PJ,PF,SUL,CENTRO-OESTE,Nao se aplica,entre 30 e 39 anos,INIC,B2P,Pix,3,1
202411,PF,PJ,SUDESTE,SUDESTE,até 19 anos,Nao se aplica,INIC,P2B,Pix,"1448,06",28
202411,PJ,PF,NORDESTE,SUDESTE,Nao se aplica,entre 20 e 29 anos,QRES,B2P,Pix,"3542442,48",12206
202411,PF,PF,NORDESTE,SUDESTE,até 19 anos,entre 20 e 29 anos,QRES,P2P,Pix,"1735580,07",80759
202411,PJ,PJ,NORDESTE,SUDESTE,Nao se aplica,Nao se aplica,DICT,G2B,Pix,"34099556,7",385
202411,PF,PJ,SUL,SUDESTE,entre 40 e 49 anos,Nao se aplica,QRES,P2B,Pix,"459065904,36",2368142
202411,PJ,PF,NORDESTE,Nao informado,Nao se aplica,mais de 60 anos,QRES,B2P,Pix,"1594,45",44
202411,PF,PF,CENTRO-OESTE,SUDESTE,mais de 60 anos,entre 40 e 49 anos,QRDN,P2P,Pix,"233749,52",2757
202411,PF,PF,NORTE,NORTE,entre 50 e 59 anos,entre 40 e 49 anos,DICT,P2P,Pix,"880218792,32",3489067
202411,PF,PJ,NORDESTE,NORTE,entre 30 e 39 anos,Nao se aplica,QRDN,P2G,Pix,"1056451,07",2387
202411,PJ,PJ,NORTE,CENTRO-OESTE,Nao se aplica,Nao se aplica,QRDN,G2B,Pix,"4028036,78",240
202411,PJ,PF,SUDESTE,SUL,Nao se aplica,entre 50 e 59 anos,MANU,B2P,Pix,"525533687,42",585406
202411,PF,PF,NORDESTE,NORDESTE,até 19 anos,Nao informado,QRES,P2P,Pix,35,3
202411,PF,PF,NORTE,NORDESTE,entre 40 e 49 anos,entre 20 e 29 anos,QRDN,P2P,Pix,"1352847,49",34884
202411,PF,PJ,NORDESTE,CENTRO-OESTE,entre 20 e 29 anos,Nao se aplica,Nao disponivel,P2B,Nao disponivel,"510182,55",737
202411,PF,PF,SUL,Nao informado,entre 20 e 29 anos,entre 40 e 49 anos,DICT,P2P,Pix,"1498008,84",3894
202411,PF,PF,CENTRO-OESTE,NORDESTE,entre 20 e 29 anos,entre 20 e 29 anos,INIC,P2P,Pix,"13,5",2
202411,PF,PJ,SUDESTE,SUDESTE,entre 20 e 29 anos,Nao se aplica,DICT,P2G,Pix,"2869890,16",10073
202411,PF,PJ,Nao informado,NORDESTE,entre 50 e 59 anos,Nao se aplica,QRDN,P2B,Pix Saque,"5591,99",19
202411,PF,PF,NORTE,NORTE,entre 40 e 49 anos,entre 20 e 29 anos,DICT,P2P,Pix,"1079026939,84",6561522
202411,PF,PJ,NORTE,SUDESTE,até 19 anos,Nao se aplica,QRDN,P2G,Pix,"7415,18",53
202411,PJ,PJ,NORTE,NORTE,Nao se aplica,Nao se aplica,QRES,G2B,Pix,"285749,6",288
202411,PF,PJ,SUDESTE,CENTRO-OESTE,entre 20 e 29 anos,Nao se aplica,QRES,P2B,Pix,"61929292,82",215954
202411,PF,PF,SUDESTE,Nao informado,entre 30 e 39 anos,Nao informado,QRES,P2P,Pix,"21,1",17
202411,PJ,PJ,NORTE,SUDESTE,Nao se aplica,Nao se aplica,QRES,B2B,Pix,"302899412,39",195903
202411,PF,PF,NORDESTE,NORDESTE,entre 30 e 39 anos,mais de 60 anos,QRDN,P2P,Pix,"32293603,69",1141279
202411,PF,PF,Nao informado,SUDESTE,Nao informado,até 19 anos,MANU,P2P,Pix,"3220,79",29
202411,PF,PF,NORDESTE,Nao informado,entre 50 e 59 anos,entre 20 e 29 anos,QRDN,P2P,Pix,"4008,02",230
202411,PF,PF,NORDESTE,SUDESTE,entre 20 e 29 anos,Nao informado,INIC,P2P,Pix,"535,95",4
202411,PJ,PJ,NORDESTE,NORTE,Nao se aplica,Nao se aplica,QRDN,B2G,Pix,"3208679,89",2181
202411,PF,PF,NORDESTE,NORTE,entre 40 e 49 anos,entre 20 e 29 anos,MANU,P2P,Pix,"5257381,53",49001
202411,PF,PJ,NORDESTE,NORDESTE,mais de 60 anos,Nao se aplica,Nao disponivel,P2B,Nao disponivel,"4053329,31",1138
202411,PJ,PF,Nao informado,SUDESTE,Nao se aplica,mais de 60 anos,Nao disponivel,B2P,Nao disponivel,150,2
202411,PF,PF,NORTE,NORDESTE,Nao informado,entre 30 e 39 anos,QRES,P2P,Pix,13,1
202411,PF,PF,CENTRO-OESTE,NORTE,até 19 anos,até 19 anos,QRES,P2P,Pix,"44642,14",3159
202411,PF,PF,NORDESTE,Nao informado,entre 40 e 49 anos,até 19 anos,QRES,P2P,Pix,"2143,41",42
202411,PJ,PF,SUL,NORDESTE,Nao se aplica,até 19 anos,QRES,B2P,Pix,"331621,42",842
202411,PF,PF,CENTRO-OESTE,SUL,entre 20 e 29 anos,entre 50 e 59 anos,MANU,P2P,Pix,"2086404,15",6609
202411,PF,PF,NORDESTE,NORTE,mais de 60 anos,entre 30 e 39 anos,DICT,P2P,Pix,"21315804,2",57091
202411,PF,PF,NORTE,SUDESTE,entre 50 e 59 anos,entre 50 e 59 anos,MANU,P2P,Pix,"3197255,11",9781
202411,PJ,PF,SUDESTE,Nao informado,Nao se aplica,entre 50 e 59 anos,QRES,B2P,Pix,"86633,17",84
202411,PF,PJ,CENTRO-OESTE,Nao informado,entre 40 e 49 anos,Nao se aplica,QRES,P2B,Pix,"4189,38",27
202411,PF,PF,Nao informado,CENTRO-OESTE,até 19 anos,mais de 60 anos,QRES,P2P,Pix,"321,82",16
202411,PF,PF,SUL,NORTE,entre 30 e 39 anos,entre 20 e 29 anos,DICT,P2P,Pix,"32083391,34",191432
202411,PF,PJ,NORTE,NORDESTE,entre 30 e 39 anos,Nao se aplica,QRDN,P2G,Pix,"633786,43",1853
202411,PF,PJ,SUDESTE,CENTRO-OESTE,até 19 anos,Nao se aplica,QRDN,P2B,Pix Saque,"17559,64",47
202411,PF,PF,SUL,Nao informado,mais de 60 anos,entre 40 e 49 anos,DICT,P2P,Pix,"2902917,73",2256
202411,PJ,PF,SUDESTE,CENTRO-OESTE,Nao se aplica,entre 30 e 39 anos,DICT,G2P,Pix,"218194,5",103
202411,PF,PF,SUDESTE,SUDESTE,até 19 anos,até 19 anos,Nao disponivel,P2P,Nao disponivel,"9451187,35",156768
202411,PJ,PJ,SUDESTE,SUL,Nao se aplica,Nao se aplica,QRDN,B2B,Pix Saque,"1558436,09",1380
202411,PF,PF,SUL,Nao informado,entre 50 e 59 anos,mais de 60 anos,DICT,P2P,Pix,"663051,32",774
202411,PJ,PJ,SUL,NORTE,Nao se aplica,Nao se aplica,QRDN,B2B,Pix Saque,"821,68",5
202411,PF,PF,SUDESTE,CENTRO-OESTE,entre 40 e 49 anos,mais de 60 anos,MANU,P2P,Pix,"14605518,16",14603
202411,PF,PF,SUDESTE,NORTE,Nao informado,entre 30 e 39 anos,DICT,P2P,Pix,300,1
202411,PF,PF,SUDESTE,CENTRO-OESTE,entre 40 e 49 anos,entre 50 e 59 anos,QRES,P2P,Pix,"1057343,96",19874
202411,PF,PF,Nao informado,NORDESTE,entre 50 e 59 anos,entre 30 e 39 anos,QRES,P2P,Pix,"44546,49",465
202411,PF,PF,CENTRO-OESTE,SUDESTE,entre 40 e 49 anos,entre 40 e 49 anos,MANU,P2P,Pix,"18199055,64",50091
202411,PF,PF,SUDESTE,SUDESTE,mais de 60 anos,até 19 anos,MANU,P2P,Pix,"37911809,03",300355
202411,PF,PF,CENTRO-OESTE,CENTRO-OESTE,mais de 60 anos,entre 20 e 29 anos,QRES,P2P,Pix,"4699640,63",40364
202411,PF,PF,NORDESTE,SUDESTE,entre 20 e 29 anos,Nao informado,QRES,P2P,Pix,"3460293,57",4755
202411,PF,PF,CENTRO-OESTE,NORTE,mais de 60 anos,mais de 60 anos,QRDN,P2P,Pix,"28622,46",518
202411,PF,PF,SUL,NORTE,entre 20 e 29 anos,entre 40 e 49 anos,MANU,P2P,Pix,"2550988,8",13744
202411,PF,PJ,NORDESTE,SUL,até 19 anos,Nao se aplica,QRDN,P2B,Pix Saque,"1119788,02",2263
202411,PF,PF,CENTRO-OESTE,Nao informado,entre 40 e 49 anos,mais de 60 anos,QRES,P2P,Pix,"14613,07",125
202411,PF,PF,NORDESTE,CENTRO-OESTE,entre 30 e 39 anos,entre 50 e 59 anos,QRDN,P2P,Pix,"1326808,25",48058
202411,PF,PF,NORTE,SUL,entre 40 e 49 anos,entre 20 e 29 anos,MANU,P2P,Pix,"2223142,44",17369
202411,PF,PF,NORTE,SUL,entre 30 e 39 anos,entre 30 e 39 anos,Nao disponivel,P2P,Nao disponivel,"161154,9",544
202411,PF,PF,NORTE,SUDESTE,mais de 60 anos,entre 40 e 49 anos,QRDN,P2P,Pix,"104695,93",1872
202411,PF,PF,NORTE,NORDESTE,entre 20 e 29 anos,até 19 anos,MANU,P2P,Pix,"1105189,14",16870
202411,PJ,PJ,SUL,SUDESTE,Nao se aplica,Nao se aplica,MANU,G2B,Pix,"14400640,4",351
202411,PF,PJ,SUDESTE,SUL,entre 40 e 49 anos,Nao se aplica,QRDN,P2G,Pix,"2838955,41",4989
202411,PJ,PF,Nao informado,Nao informado,Nao se aplica,até 19 anos,MANU,B2P,Pix,1022,14
202411,PF,PF,NORTE,CENTRO-OESTE,entre 50 e 59 anos,entre 40 e 49 anos,QRES,P2P,Pix,802422,10122
202411,PF,PF,SUL,Nao informado,até 19 anos,entre 20 e 29 anos,QRDN,P2P,Pix,"718,44",19
202411,PJ,PF,SUDESTE,SUL,Nao se aplica,entre 30 e 39 anos,MANU,G2P,Pix,"31021,64",38
202411,PF,PJ,Nao informado,SUDESTE,entre 50 e 59 anos,Nao se aplica,QRDN,P2G,Pix,"127174,56",154
202411,PF,PJ,NORDESTE,NORDESTE,entre 20 e 29 anos,Nao se aplica,Nao disponivel,P2B,Nao disponivel,"10861067,64",13837
202411,PF,PJ,NORTE,SUL,até 19 anos,Nao se aplica,QRDN,P2G,Pix,"15237,14",77
202411,PF,PF,NORTE,SUL,entre 30 e 39 anos,mais de 60 anos,DICT,P2P,Pix,"13838964,78",41628
202411,PF,PF,SUL,SUL,mais de 60 anos,entre 20 e 29 anos,DICT,P2P,Pix,"672486613,37",1828991
202411,PF,PJ,CENTRO-OESTE,CENTRO-OESTE,entre 40 e 49 anos,Nao se aplica,QRDN,P2B,Pix,"728404215,07",8491612
202411,PF,PF,NORDESTE,SUL,até 19 anos,entre 30 e 39 anos,QRES,P2P,Pix,"212096,97",9105
202411,PF,PF,NORDESTE,SUDESTE,entre 20 e 29 anos,entre 20 e 29 anos,DICT,P2P,Pix,"292098190,71",2173826
202411,PF,PF,NORDESTE,Nao informado,entre 20 e 29 anos,mais de 60 anos,MANU,P2P,Pix,"81334,06",236
202411,PJ,PJ,NORTE,SUL,Nao se aplica,Nao se aplica,QRES,G2B,Pix,"4004,75",2
202411,PJ,PF,CENTRO-OESTE,NORTE,Nao se aplica,entre 50 e 59 anos,DICT,G2P,Pix,"1232026,43",689
202411,PF,PF,Nao informado,SUL,entre 30 e 39 anos,até 19 anos,DICT,P2P,Pix,"224535,83",797
202411,PJ,PF,SUL,NORDESTE,Nao se aplica,mais de 60 anos,MANU,G2P,Pix,1059,1
202411,PF,PF,CENTRO-OESTE,SUL,entre 40 e 49 anos,até 19 anos,QRDN,P2P,Pix,"76795,15",313
202411,PF,PF,NORTE,SUDESTE,entre 30 e 39 anos,Nao informado,QRES,P2P,Pix,"878954,55",852
202411,PF,PF,NORDESTE,SUDESTE,entre 20 e 29 anos,mais de 60 anos,DICT,P2P,Pix,"59689305,62",321255
202411,PF,PJ,SUL,CENTRO-OESTE,mais de 60 anos,Nao se aplica,DICT,P2G,Pix,"36913,76",10
202411,PF,PF,NORTE,SUL,mais de 60 anos,entre 40 e 49 anos,MANU,P2P,Pix,"818555,77",2492
202411,PF,PJ,NORTE,Nao informado,até 19 anos,Nao se aplica,QRES,P2B,Pix,"1247,03",39
202411,PF,PJ,SUDESTE,NORTE,mais de 60 anos,Nao se aplica,QRDN,P2B,Pix Saque,"6069,67",55
202411,PF,PJ,SUL,SUDESTE,até 19 anos,Nao se aplica,QRES,P2G,Pix,"810,51",14
202411,PF,PF,NORDESTE,SUL,até 19 anos,entre 50 e 59 anos,Nao disponivel,P2P,Nao disponivel,"22832,45",127
202411,PF,PF,NORTE,SUDESTE,mais de 60 anos,entre 20 e 29 anos,DICT,P2P,Pix,"9050578,81",26998
202411,PJ,PF,SUL,NORTE,Nao se aplica,mais de 60 anos,Nao disponivel,B2P,Nao disponivel,"746945,89",1786
202411,PF,PJ,Nao informado,Nao informado,entre 30 e 39 anos,Nao se aplica,QRDN,P2G,Pix,"286,97",6
202411,PF,PF,Nao informado,NORDESTE,entre 20 e 29 anos,entre 40 e 49 anos,QRES,P2P,Pix,"73145,34",2190
202411,PJ,PJ,CENTRO-OESTE,SUDESTE,Nao se aplica,Nao se aplica,DICT,B2G,Pix,"264926,58",55
202411,PJ,PF,Nao informado,NORDESTE,Nao se aplica,entre 50 e 59 anos,QRDN,B2P,Pix,"4317,14",61
202411,PF,PF,NORDESTE,SUL,entre 50 e 59 anos,entre 20 e 29 anos,MANU,P2P,Pix,"1122689,75",8822
202411,PJ,PF,NORTE,SUL,Nao se aplica,entre 50 e 59 anos,MANU,B2P,Pix,"4294114,96",761
202411,PF,PJ,CENTRO-OESTE,NORTE,entre 50 e 59 anos,Nao se aplica,QRDN,P2B,Pix Saque,"29789,44",133
202411,PJ,PJ,NORDESTE,SUDESTE,Nao se aplica,Nao se aplica,DICT,B2G,Pix,"676053,22",30
202411,PF,PJ,Nao informado,NORDESTE,entre 40 e 49 anos,Nao se aplica,QRDN,P2B,Pix,"2560297,87",24604
202411,PJ,PF,SUL,CENTRO-OESTE,Nao se aplica,entre 50 e 59 anos,DICT,B2P,Pix,"80825047,17",94208
202411,PJ,PJ,Nao informado,CENTRO-OESTE,Nao se aplica,Nao se aplica,QRES,B2G,Pix,"83,64",2
202411,PF,PF,NORTE,NORDESTE,até 19 anos,entre 40 e 49 anos,Nao disponivel,P2P,Nao disponivel,"21558,1",396
202411,PF,PF,SUL,SUDESTE,mais de 60 anos,entre 20 e 29 anos,QRES,P2P,Pix,"1175232,81",4664
202411,PJ,PF,CENTRO-OESTE,SUL,Nao se aplica,entre 20 e 29 anos,Nao disponivel,B2P,Nao disponivel,"327751,41",1512
202411,PF,PF,NORTE,SUDESTE,entre 40 e 49 anos,mais de 60 anos,DICT,P2P,Pix,"22132825,1",44546
202411,PF,PF,NORDESTE,CENTRO-OESTE,entre 30 e 39 anos,entre 50 e 59 anos,MANU,P2P,Pix,"8270693,44",49446
202411,PF,PJ,CENTRO-OESTE,SUL,entre 20 e 29 anos,Nao se aplica,MANU,P2G,Pix,"2117,86",9
202411,PF,PF,Nao informado,NORTE,até 19 anos,mais de 60 anos,QRES,P2P,Pix,"665,29",36
202411,PF,PF,SUDESTE,SUL,até 19 anos,entre 40 e 49 anos,Nao disponivel,P2P,Nao disponivel,"85934,66",683
202411,PF,PF,NORDESTE,NORDESTE,entre 40 e 49 anos,mais de 60 anos,DICT,P2P,Pix,"1320564182,69",4674635
202411,PJ,PF,SUL,Nao informado,Nao se aplica,entre 40 e 49 anos,DICT,G2P,Pix,"2141,02",51
202411,PF,PJ,SUDESTE,Nao informado,entre 20 e 29 anos,Nao se aplica,QRDN,P2B,Pix,"1082259,97",9991
202411,PF,PJ,NORTE,NORTE,entre 50 e 59 anos,Nao se aplica,MANU,P2B,Pix,"132003802,89",327167
202411,PF,PJ,CENTRO-OESTE,SUDESTE,entre 50 e 59 anos,Nao se aplica,QRDN,P2B,Pix Saque,"72498,9",466
202411,PF,PF,SUDESTE,Nao informado,mais de 60 anos,entre 40 e 49 anos,DICT,P2P,Pix,"7608271,31",5854
202411,PF,PF,CENTRO-OESTE,Nao informado,entre 30 e 39 anos,entre 20 e 29 anos,QRES,P2P,Pix,"31078,05",358
202411,PJ,PF,NORDESTE,SUL,Nao se aplica,até 19 anos,MANU,B2P,Pix,"1040240,07",9931
202411,PF,PF,SUDESTE,SUL,até 19 anos,mais de 60 anos,MANU,P2P,Pix,"318220,48",2019
202411,PF,PF,NORTE,NORTE,entre 40 e 49 anos,até 19 anos,QRDN,P2P,Pix,"1389668,64",46837
202411,PJ,PF,NORTE,NORTE,Nao se aplica,entre 50 e 59 anos,QRES,G2P,Pix,92,2
202411,PJ,PF,NORTE,NORTE,Nao se aplica,entre 20 e 29 anos,DICT,B2P,Pix,"1757342787,64",2669930
202411,PF,PF,SUDESTE,SUL,entre 50 e 59 anos,mais de 60 anos,MANU,P2P,Pix,"9550543,38",12282
202411,PF,PJ,NORDESTE,SUDESTE,entre 20 e 29 anos,Nao se aplica,INIC,P2B,Pix,"4184,73",283
202411,PF,PF,NORDESTE,NORDESTE,mais de 60 anos,mais de 60 anos,MANU,P2P,Pix,"1010365331,09",1522914
202411,PF,PJ,SUDESTE,SUL,Nao informado,Nao se aplica,QRDN,P2B,Pix,26,1
202411,PF,PJ,Nao informado,CENTRO-OESTE,mais de 60 anos,Nao se aplica,DICT,P2B,Pix,"1595608,33",766
202411,PJ,PJ,NORTE,SUL,Nao se aplica,Nao se aplica,MANU,B2B,Pix,"327568026,73",6258
202411,PJ,PJ,NORDESTE,CENTRO-OESTE,Nao se aplica,Nao se aplica,QRDN,G2B,Pix,"10692437,02",674
202411,PF,PJ,NORDESTE,NORDESTE,Nao informado,Nao se aplica,QRES,P2B,Pix,"2205,68",27
202411,PF,PF,SUDESTE,SUL,até 19 anos,entre 20 e 29 anos,QRES,P2P,Pix,"519863,5",26643
202411,PF,PF,Nao informado,NORDESTE,entre 40 e 49 anos,entre 40 e 49 anos,QRES,P2P,Pix,"107319,2",1347
202411,PF,PJ,NORDESTE,CENTRO-OESTE,até 19 anos,Nao se aplica,DICT,P2G,Pix,"175,2",3
202411,PF,PF,Nao informado,NORDESTE,Nao informado,entre 40 e 49 anos,MANU,P2P,Pix,"3393,46",18
202411,PF,PF,CENTRO-OESTE,SUL,entre 40 e 49 anos,até 19 anos,QRES,P2P,Pix,"38289,66",822
202411,PF,PF,Nao informado,NORTE,mais de 60 anos,entre 50 e 59 anos,Nao disponivel,P2P,Nao disponivel,525,3
202411,PF,PJ,SUDESTE,CENTRO-OESTE,mais de 60 anos,Nao se aplica,DICT,P2G,Pix,"823558,33",28
202411,PF,PF,SUL,NORDESTE,mais de 60 anos,entre 20 e 29 anos,QRES,P2P,Pix,"291686,58",2788
202411,PF,PF,SUDESTE,Nao informado,entre 30 e 39 anos,mais de 60 anos,MANU,P2P,Pix,"1534605,85",870
202411,PF,PJ,NORDESTE,NORTE,até 19 anos,Nao se aplica,MANU,P2B,Pix,"230742,16",2122
202411,PF,PF,SUDESTE,NORDESTE,entre 30 e 39 anos,entre 50 e 59 anos,QRDN,P2P,Pix,"2734659,29",99113
202411,PF,PF,SUDESTE,NORTE,entre 30 e 39 anos,entre 30 e 39 anos,Nao disponivel,P2P,Nao disponivel,"350099,46",1204
202411,PF,PF,Nao informado,NORTE,entre 40 e 49 anos,entre 50 e 59 anos,MANU,P2P,Pix,"274712,59",695
202411,PJ,PF,SUL,CENTRO-OESTE,Nao se aplica,até 19 anos,Nao disponivel,B2P,Nao disponivel,"1564739,65",10202
202411,PJ,PF,SUDESTE,SUL,Nao se aplica,entre 30 e 39 anos,QRES,B2P,Pix,3399519,9994
202411,PF,PF,Nao informado,NORDESTE,entre 50 e 59 anos,mais de 60 anos,QRES,P2P,Pix,"17047,76",216
202411,PF,PJ,Nao informado,NORTE,mais de 60 anos,Nao se aplica,QRDN,P2G,Pix,"986,44",7
202411,PF,PF,NORTE,CENTRO-OESTE,entre 40 e 49 anos,mais de 60 anos,DICT,P2P,Pix,"23933272,5",44123
202411,PF,PF,CENTRO-OESTE,NORDESTE,entre 20 e 29 anos,entre 50 e 59 anos,QRES,P2P,Pix,"1047452,03",34428
202411,PJ,PF,CENTRO-OESTE,NORDESTE,Nao se aplica,mais de 60 anos,QRES,B2P,Pix,"302036,83",1900
202411,PF,PF,SUDESTE,SUL,entre 20 e 29 anos,mais de 60 anos,DICT,P2P,Pix,"18102444,34",58205
202411,PF,PF,SUDESTE,NORTE,entre 40 e 49 anos,entre 20 e 29 anos,Nao disponivel,P2P,Nao disponivel,"172102,44",593
202411,PF,PF,CENTRO-OESTE,CENTRO-OESTE,até 19 anos,entre 20 e 29 anos,Nao disponivel,P2P,Nao disponivel,"1324688,27",12769
202411,PF,PF,NORDESTE,SUL,mais de 60 anos,entre 30 e 39 anos,QRDN,P2P,Pix,"59524,52",967
202411,PF,PJ,SUL,CENTRO-OESTE,entre 40 e 49 anos,Nao se aplica,QRDN,P2G,Pix,"87338561,01",233758
202411,PF,PF,SUDESTE,SUL,entre 30 e 39 anos,até 19 anos,QRES,P2P,Pix,"248505,16",4033
202411,PF,PF,NORDESTE,Nao informado,mais de 60 anos,entre 40 e 49 anos,MANU,P2P,Pix,"659644,3",694
202411,PF,PF,SUL,SUDESTE,até 19 anos,Nao informado,QRDN,P2P,Pix,"6,1",1
202411,PF,PF,SUDESTE,SUL,entre 50 e 59 anos,entre 40 e 49 anos,QRDN,P2P,Pix,"374291,76",7040
202411,PF,PJ,CENTRO-OESTE,NORTE,entre 40 e 49 anos,Nao se aplica,MANU,P2B,Pix,"7051468,16",10062
202411,PF,PF,Nao informado,NORTE,entre 40 e 49 anos,entre 50 e 59 anos,DICT,P2P,Pix,"868259,38",2486
202411,PJ,PF,CENTRO-OESTE,CENTRO-OESTE,Nao se aplica,até 19 anos,QRDN,B2P,Pix,"350059,43",6062
202411,PF,PF,SUL,CENTRO-OESTE,entre 50 e 59 anos,entre 40 e 49 anos,QRDN,P2P,Pix,"188327,56",2908
202411,PF,PF,SUDESTE,NORTE,até 19 anos,entre 50 e 59 anos,DICT,P2P,Pix,"969355,88",9542
202411,PF,PJ,CENTRO-OESTE,SUDESTE,até 19 anos,Nao se aplica,QRDN,P2B,Pix,"169340089,21",3667214
202411,PF,PF,SUL,CENTRO-OESTE,entre 30 e 39 anos,entre 20 e 29 anos,QRDN,P2P,Pix,"332777,29",6116
202411,PF,PF,NORTE,NORTE,entre 40 e 49 anos,entre 30 e 39 anos,MANU,P2P,Pix,"266575434,07",1783954
202411,PF,PJ,SUL,CENTRO-OESTE,entre 20 e 29 anos,Nao se aplica,QRDN,P2B,Pix Saque,"29930,88",73
202411,PJ,PF,SUDESTE,CENTRO-OESTE,Nao se aplica,entre 50 e 59 anos,QRES,B2P,Pix,"667900,25",3185
202411,PJ,PF,CENTRO-OESTE,CENTRO-OESTE,Nao se aplica,até 19 anos,MANU,B2P,Pix,"22381035,43",62340
202411,PF,PF,SUDESTE,CENTRO-OESTE,entre 20 e 29 anos,até 19 anos,QRDN,P2P,Pix,"121259,84",3557
202411,PF,PF,Nao informado,SUL,entre 40 e 49 anos,entre 20 e 29 anos,QRDN,P2P,Pix,"6573,29",167
202411,PF,PF,SUDESTE,SUL,mais de 60 anos,até 19 anos,Nao disponivel,P2P,Nao disponivel,"2391,25",201
202411,PF,PF,SUDESTE,CENTRO-OESTE,entre 30 e 39 anos,entre 20 e 29 anos,MANU,P2P,Pix,"9432110,3",53703
202411,PF,PF,Nao informado,NORDESTE,entre 50 e 59 anos,entre 50 e 59 anos,Nao disponivel,P2P,Nao disponivel,16,1
202411,PF,PF,NORDESTE,NORDESTE,Nao informado,mais de 60 anos,QRDN,P2P,Pix,18,2
202411,PF,PF,NORDESTE,SUDESTE,entre 40 e 49 anos,até 19 anos,QRDN,P2P,Pix,"266849,33",6198
202411,PF,PF,NORTE,NORTE,até 19 anos,entre 40 e 49 anos,Nao disponivel,P2P,Nao disponivel,"1237477,25",8627
202411,PF,PF,SUDESTE,NORDESTE,até 19 anos,mais de 60 anos,QRES,P2P,Pix,"372808,12",21965
202411,PF,PJ,Nao informado,SUL,mais de 60 anos,Nao se aplica,QRDN,P2B,Pix,"996271,19",3732
202411,PF,PF,NORTE,Nao informado,entre 20 e 29 anos,entre 40 e 49 anos,Nao disponivel,P2P,Nao disponivel,"3566,8",23
202411,PF,PJ,SUL,SUDESTE,até 19 anos,Nao se aplica,QRDN,P2B,Pix Saque,"42637,61",239
202411,PF,PF,CENTRO-OESTE,SUL,entre 40 e 49 anos,entre 30 e 39 anos,QRDN,P2P,Pix,"302690,15",6850
202411,PJ,PF,SUDESTE,NORDESTE,Nao se aplica,entre 50 e 59 anos,Nao disponivel,G2P,Nao disponivel,6112,18
202411,PF,PF,NORTE,SUL,entre 30 e 39 anos,entre 30 e 39 anos,QRDN,P2P,Pix,"651069,65",21198
202411,PF,PJ,SUDESTE,NORDESTE,Nao informado,Nao se aplica,QRES,P2B,Pix,10,1
202411,PF,PF,SUL,CENTRO-OESTE,até 19 anos,entre 50 e 59 anos,DICT,P2P,Pix,"1016644,12",6833
202411,PF,PJ,NORTE,CENTRO-OESTE,Nao informado,Nao se aplica,QRES,P2B,Pix,"535,06",2
202411,PF,PF,Nao informado,CENTRO-OESTE,entre 40 e 49 anos,até 19 anos,QRES,P2P,Pix,"2866,74",34
202411,PF,PF,CENTRO-OESTE,SUL,mais de 60 anos,entre 40 e 49 anos,QRES,P2P,Pix,"173484,73",1324
202411,PF,PF,Nao informado,NORDESTE,Nao informado,entre 20 e 29 anos,QRES,P2P,Pix,"58,6",7
202411,PF,PJ,NORDESTE,CENTRO-OESTE,entre 20 e 29 anos,Nao se aplica,QRDN,P2G,Pix,"29697659,77",237481
202411,PF,PF,SUL,NORDESTE,entre 20 e 29 anos,mais de 60 anos,DICT,P2P,Pix,"4064215,25",17515
202411,PJ,PF,SUL,SUDESTE,Nao se aplica,entre 50 e 59 anos,QRES,B2P,Pix,"3238713,16",12235
202411,PF,PF,CENTRO-OESTE,Nao informado,até 19 anos,entre 20 e 29 anos,QRES,P2P,Pix,"4069,92",193
202411,PF,PF,NORTE,SUDESTE,mais de 60 anos,entre 30 e 39 anos,Nao disponivel,P2P,Nao disponivel,"12253,07",51
202411,PF,PF,SUL,NORDESTE,entre 50 e 59 anos,até 19 anos,MANU,P2P,Pix,"162898,16",1906
202411,PF,PF,NORTE,NORDESTE,entre 50 e 59 anos,entre 50 e 59 anos,DICT,P2P,Pix,"23464431,46",68162
202411,PF,PF,NORTE,CENTRO-OESTE,entre 30 e 39 anos,entre 50 e 59 anos,QRES,P2P,Pix,"1379726,69",33110
202411,PF,PF,NORDESTE,Nao informado,mais de 60 anos,entre 30 e 39 anos,MANU,P2P,Pix,"347262,37",2238
202411,PF,PF,CENTRO-OESTE,SUL,entre 20 e 29 anos,entre 30 e 39 anos,DICT,P2P,Pix,"24319474,13",101725
202411,PJ,PJ,CENTRO-OESTE,CENTRO-OESTE,Nao se aplica,Nao se aplica,DICT,G2G,Pix,"29202366,39",465
202411,PJ,PF,Nao informado,NORTE,Nao se aplica,entre 30 e 39 anos,QRDN,B2P,Pix,580,10
202411,PF,PF,SUDESTE,SUDESTE,entre 50 e 59 anos,até 19 anos,QRES,P2P,Pix,"6379768,75",84094
202411,PF,PF,SUL,NORDESTE,até 19 anos,mais de 60 anos,MANU,P2P,Pix,"81704,69",652
202411,PF,PF,SUL,Nao informado,mais de 60 anos,mais de 60 anos,DICT,P2P,Pix,"669027,86",736
202411,PF,PF,CENTRO-OESTE,NORTE,até 19 anos,entre 30 e 39 anos,QRDN,P2P,Pix,"182615,5",8347
202411,PF,PF,SUDESTE,SUL,entre 50 e 59 anos,entre 40 e 49 anos,MANU,P2P,Pix,11564373,26462
202411,PJ,PJ,SUDESTE,SUDESTE,Nao se aplica,Nao se aplica,MANU,B2G,Pix,"193798789,48",4525
202411,PF,PF,SUL,SUDESTE,até 19 anos,Nao informado,INIC,P2P,Pix,"70,24",1
202411,PJ,PJ,Nao informado,CENTRO-OESTE,Nao se aplica,Nao se aplica,DICT,B2G,Pix,"83,5",1
202411,PF,PJ,NORTE,SUDESTE,entre 30 e 39 anos,Nao se aplica,QRES,P2B,Pix Saque,"1053,99",4
202411,PF,PF,Nao informado,SUL,entre 40 e 49 anos,até 19 anos,DICT,P2P,Pix,"233126,05",932
202411,PF,PJ,Nao informado,NORTE,até 19 anos,Nao se aplica,DICT,P2B,Pix,"767373,09",120
202411,PF,PF,SUDESTE,CENTRO-OESTE,entre 50 e 59 anos,entre 50 e 59 anos,QRDN,P2P,Pix,"310251,25",6304
202411,PF,PF,NORTE,NORTE,entre 50 e 59 anos,entre 50 e 59 anos,QRES,P2P,Pix,"44132633,36",455881
202411,PF,PF,NORDESTE,CENTRO-OESTE,mais de 60 anos,mais de 60 anos,MANU,P2P,Pix,"3543822,06",2703
202411,PF,PF,NORDESTE,SUDESTE,entre 20 e 29 anos,entre 30 e 39 anos,QRDN,P2P,Pix,"8710220,96",330757
202411,PF,PJ,SUL,NORDESTE,entre 50 e 59 anos,Nao se aplica,Nao disponivel,P2B,Nao disponivel,"133752,56",58
202411,PF,PF,SUDESTE,NORDESTE,até 19 anos,mais de 60 anos,DICT,P2P,Pix,"2818766,45",38282
202411,PF,PJ,Nao informado,SUDESTE,mais de 60 anos,Nao se aplica,Nao disponivel,P2B,Nao disponivel,171,1
202411,PJ,PF,Nao informado,SUL,Nao se aplica,mais de 60 anos,QRDN,B2P,Pix,"7520,81",10
202411,PF,PJ,Nao informado,NORDESTE,entre 20 e 29 anos,Nao se aplica,DICT,P2B,Pix,"3350835,72",3406
202411,PF,PF,SUL,CENTRO-OESTE,até 19 anos,entre 30 e 39 anos,MANU,P2P,Pix,"325431,63",2629
202411,PF,PF,Nao informado,NORDESTE,entre 50 e 59 anos,entre 40 e 49 anos,DICT,P2P,Pix,"2259057,48",4295
202411,PF,PJ,NORDESTE,SUDESTE,até 19 anos,Nao se aplica,QRES,P2G,Pix,"6274,92",86
202411,PF,PF,SUDESTE,Nao informado,até 19 anos,entre 50 e 59 anos,MANU,P2P,Pix,"56204,91",106
202411,PF,PF,CENTRO-OESTE,SUDESTE,entre 40 e 49 anos,até 19 anos,QRES,P2P,Pix,"274078,27",3501
202411,PJ,PF,SUDESTE,SUDESTE,Nao se aplica,Nao informado,QRES,B2P,Pix,"2957110,82",903
202411,PF,PF,SUDESTE,NORTE,entre 50 e 59 anos,mais de 60 anos,QRES,P2P,Pix,"193339,95",3550
202411,PF,PJ,SUL,NORDESTE,entre 20 e 29 anos,Nao se aplica,INIC,P2B,Pix,"54,9",1
202411,PF,PF,SUDESTE,SUDESTE,mais de 60 anos,mais de 60 anos,QRDN,P2P,Pix,"9223650,88",158318
202411,PF,PF,Nao informado,SUL,entre 40 e 49 anos,entre 50 e 59 anos,QRDN,P2P,Pix,"8928,16",238
202411,PF,PF,SUL,SUDESTE,entre 20 e 29 anos,entre 30 e 39 anos,QRES,P2P,Pix,"3731983,54",62266
202411,PF,PF,CENTRO-OESTE,SUL,entre 30 e 39 anos,entre 50 e 59 anos,QRDN,P2P,Pix,"240142,28",6152
202411,PJ,PF,SUL,Nao informado,Nao se aplica,entre 20 e 29 anos,QRES,B2P,Pix,"58122,7",357
202411,PF,PJ,CENTRO-OESTE,NORTE,entre 20 e 29 anos,Nao se aplica,MANU,P2B,Pix,"2790323,85",9364
202411,PF,PF,NORDESTE,Nao informado,entre 20 e 29 anos,até 19 anos,QRDN,P2P,Pix,"32,8",1
202411,PF,PJ,NORDESTE,SUL,entre 40 e 49 anos,Nao se aplica,QRES,P2B,Pix,"69693275,62",444771
202411,PF,PF,SUL,NORDESTE,entre 20 e 29 anos,entre 30 e 39 anos,Nao disponivel,P2P,Nao disponivel,"106628,21",857
202411,PF,PF,NORTE,SUL,até 19 anos,entre 40 e 49 anos,QRDN,P2P,Pix,"93560,77",4730
202411,PF,PF,SUDESTE,CENTRO-OESTE,entre 40 e 49 anos,até 19 anos,Nao disponivel,P2P,Nao disponivel,"24141,99",715
202411,PF,PF,CENTRO-OESTE,SUL,entre 50 e 59 anos,entre 30 e 39 anos,DICT,P2P,Pix,"22943839,53",51369
202411,PF,PF,NORDESTE,NORTE,mais de 60 anos,mais de 60 anos,Nao disponivel,P2P,Nao disponivel,"4334,3",33
202411,PF,PF,CENTRO-OESTE,NORTE,até 19 anos,até 19 anos,DICT,P2P,Pix,"1694989,63",47220
202411,PJ,PF,NORTE,CENTRO-OESTE,Nao se aplica,mais de 60 anos,DICT,B2P,Pix,"55045094,4",25573
202411,PJ,PF,SUL,NORDESTE,Nao se aplica,entre 40 e 49 anos,Nao disponivel,B2P,Nao disponivel,"4772240,01",19526
202411,PF,PF,NORDESTE,SUL,mais de 60 anos,até 19 anos,Nao disponivel,P2P,Nao disponivel,"1399,68",204
202411,PF,PF,SUL,SUDESTE,entre 50 e 59 anos,entre 40 e 49 anos,MANU,P2P,Pix,"8123175,17",22850
202411,PF,PF,NORDESTE,Nao informado,entre 50 e 59 anos,entre 40 e 49 anos,QRES,P2P,Pix,66223,657
202411,PF,PF,SUL,Nao informado,até 19 anos,mais de 60 anos,QRES,P2P,Pix,"6752,91",584
202411,PF,PF,NORTE,Nao informado,entre 50 e 59 anos,mais de 60 anos,QRES,P2P,Pix,"3564,55",115
202411,PJ,PJ,SUL,CENTRO-OESTE,Nao se aplica,Nao se aplica,QRES,B2B,Pix,"14613839,54",15842
202411,PJ,PF,SUL,SUDESTE,Nao se aplica,entre 30 e 39 anos,QRES,B2P,Pix,"8786987,36",24208
202411,PF,PF,NORDESTE,Nao informado,entre 40 e 49 anos,mais de 60 anos,QRES,P2P,Pix,"16522,67",274
202411,PF,PF,NORDESTE,Nao informado,entre 20 e 29 anos,entre 20 e 29 anos,QRES,P2P,Pix,"66079,35",1840
202411,PF,PJ,SUL,Nao informado,mais de 60 anos,Nao se aplica,QRDN,P2B,Pix,"58181,42",385
202411,PF,PF,NORDESTE,CENTRO-OESTE,entre 20 e 29 anos,até 19 anos,MANU,P2P,Pix,"2101097,54",26840
202411,PF,PF,Nao informado,NORDESTE,entre 40 e 49 anos,entre 30 e 39 anos,MANU,P2P,Pix,"663185,23",1784
202411,PJ,PF,Nao informado,NORDESTE,Nao se aplica,entre 20 e 29 anos,MANU,B2P,Pix,"172292,8",143
202411,PF,PF,CENTRO-OESTE,NORTE,entre 30 e 39 anos,entre 20 e 29 anos,DICT,P2P,Pix,"62958670,65",276813
202411,PF,PF,SUDESTE,SUDESTE,entre 30 e 39 anos,entre 20 e 29 anos,Nao disponivel,P2P,Nao disponivel,"17243510,66",95234
202411,PJ,PF,SUDESTE,Nao informado,Nao se aplica,entre 30 e 39 anos,DICT,B2P,Pix,"28399204,09",28335
202411,PF,PJ,NORTE,NORTE,entre 50 e 59 anos,Nao se aplica,QRES,P2G,Pix,"189911,47",1592
202411,PF,PJ,Nao informado,Nao informado,mais de 60 anos,Nao se aplica,QRDN,P2G,Pix,"50,4",1
202411,PF,PF,SUDESTE,NORDESTE,entre 50 e 59 anos,entre 40 e 49 anos,QRDN,P2P,Pix,"1987021,09",55473
202411,PF,PF,Nao informado,SUL,entre 30 e 39 anos,entre 40 e 49 anos,DICT,P2P,Pix,"4036680,28",7176
202411,PF,PJ,NORTE,SUDESTE,mais de 60 anos,Nao se aplica,QRDN,P2B,Pix Troco,"476,31",3
202411,PF,PF,SUDESTE,Nao informado,mais de 60 anos,entre 30 e 39 anos,DICT,P2P,Pix,"7464177,85",5096
202411,PF,PF,NORTE,NORTE,mais de 60 anos,entre 20 e 29 anos,QRES,P2P,Pix,"5013445,74",69023
202411,PF,PF,Nao informado,NORTE,entre 30 e 39 anos,entre 30 e 39 anos,DICT,P2P,Pix,"4316678,28",15345
202411,PF,PF,NORDESTE,NORDESTE,entre 40 e 49 anos,até 19 anos,QRES,P2P,Pix,"11547283,63",228070
202411,PF,PJ,SUL,SUL,entre 40 e 49 anos,Nao se aplica,INIC,P2B,Pix,"78805,65",319
202411,PJ,PJ,CENTRO-OESTE,SUL,Nao se aplica,Nao se aplica,MANU,B2B,Pix,"915859396,16",25344
202411,PF,PF,SUDESTE,Nao informado,até 19 anos,Nao informado,DICT,P2P,Pix,"2689,57",72
202411,PF,PJ,CENTRO-OESTE,CENTRO-OESTE,entre 30 e 39 anos,Nao se aplica,DICT,P2B,Pix,"2656272460,7",4302429
202411,PF,PF,CENTRO-OESTE,NORDESTE,entre 30 e 39 anos,até 19 anos,QRDN,P2P,Pix,"108709,7",2802
202411,PF,PF,SUDESTE,Nao informado,entre 50 e 59 anos,até 19 anos,QRES,P2P,Pix,1349,20
202411,PF,PF,Nao informado,NORTE,entre 30 e 39 anos,entre 40 e 49 anos,QRES,P2P,Pix,"71849,31",1101
202411,PF,PF,CENTRO-OESTE,SUDESTE,entre 50 e 59 anos,mais de 60 anos,MANU,P2P,Pix,"12027669,88",10629
202411,PJ,PF,NORTE,CENTRO-OESTE,Nao se aplica,entre 50 e 59 anos,DICT,G2P,Pix,"9788,14",14
202411,PF,PF,SUL,CENTRO-OESTE,entre 20 e 29 anos,mais de 60 anos,Nao disponivel,P2P,Nao disponivel,"61965,59",64
202411,PF,PF,CENTRO-OESTE,SUL,entre 50 e 59 anos,entre 20 e 29 anos,DICT,P2P,Pix,"13866377,53",36060
202411,PF,PF,SUL,NORTE,entre 40 e 49 anos,mais de 60 anos,MANU,P2P,Pix,"1226519,17",2905
202411,PF,PF,SUDESTE,SUL,entre 20 e 29 anos,até 19 anos,MANU,P2P,Pix,"1458136,4",16297
202411,PF,PJ,SUL,SUDESTE,entre 30 e 39 anos,Nao se aplica,QRDN,P2B,Pix Troco,"327,75",3
202411,PJ,PF,Nao informado,Nao informado,Nao se aplica,entre 50 e 59 anos,QRES,B2P,Pix,"1055,34",38
202411,PF,PF,SUL,SUDESTE,até 19 anos,entre 40 e 49 anos,MANU,P2P,Pix,"1021878,58",9055
202411,PF,PF,NORDESTE,SUDESTE,entre 50 e 59 anos,até 19 anos,DICT,P2P,Pix,"9038802,72",78350
202411,PF,PF,NORDESTE,NORDESTE,até 19 anos,entre 20 e 29 anos,QRES,P2P,Pix,"28374891,22",1213253
202411,PF,PF,CENTRO-OESTE,CENTRO-OESTE,até 19 anos,entre 40 e 49 anos,MANU,P2P,Pix,"32618040,54",287535
202411,PF,PJ,SUDESTE,SUL,mais de 60 anos,Nao se aplica,QRDN,P2B,Pix Troco,"5380,67",7
202411,PF,PF,NORTE,CENTRO-OESTE,entre 30 e 39 anos,mais de 60 anos,MANU,P2P,Pix,"19556549,89",13131
202411,PF,PF,NORDESTE,NORDESTE,mais de 60 anos,entre 50 e 59 anos,QRDN,P2P,Pix,"7867070,2",188741
202411,PF,PF,Nao informado,NORTE,entre 50 e 59 anos,mais de 60 anos,QRES,P2P,Pix,"2772,98",79
202411,PJ,PJ,NORDESTE,NORDESTE,Nao se aplica,Nao se aplica,QRES,B2B,Pix,"916483477,39",1407359
202411,PJ,PF,SUDESTE,SUDESTE,Nao se aplica,até 19 anos,Nao disponivel,B2P,Nao disponivel,"37126228,64",780887
202411,PF,PF,SUDESTE,Nao informado,mais de 60 anos,entre 40 e 49 anos,Nao disponivel,P2P,Nao disponivel,"2762,1",10
202411,PF,PF,SUDESTE,Nao informado,mais de 60 anos,entre 40 e 49 anos,QRES,P2P,Pix,"50075,32",204
202411,PF,PF,Nao informado,NORTE,entre 40 e 49 anos,entre 30 e 39 anos,DICT,P2P,Pix,"2424445,1",8383
202411,PF,PJ,SUDESTE,CENTRO-OESTE,entre 30 e 39 anos,Nao se aplica,INIC,P2B,Pix,"21283,92",76
202411,PF,PJ,NORTE,SUL,entre 30 e 39 anos,Nao se aplica,MANU,P2B,Pix,"8575508,07",20836
202411,PF,PF,NORTE,Nao informado,até 19 anos,entre 50 e 59 anos,Nao disponivel,P2P,Nao disponivel,84,2
202411,PF,PF,NORDESTE,CENTRO-OESTE,até 19 anos,mais de 60 anos,QRES,P2P,Pix,"114095,97",6409
202411,PF,PJ,SUL,SUDESTE,entre 40 e 49 anos,Nao se aplica,DICT,P2G,Pix,"124802,2",169
202411,PJ,PJ,SUDESTE,SUDESTE,Nao se aplica,Nao se aplica,Nao disponivel,G2G,Nao disponivel,"8563,11",3
202411,PF,PF,NORTE,NORTE,mais de 60 anos,entre 30 e 39 anos,QRES,P2P,Pix,"9455502,62",134008
202411,PJ,PF,NORTE,NORDESTE,Nao se aplica,entre 20 e 29 anos,DICT,G2P,Pix,"68451,7",65
202411,PF,PF,NORDESTE,SUDESTE,entre 40 e 49 anos,entre 50 e 59 anos,DICT,P2P,Pix,"152617762,97",576742
202411,PJ,PF,CENTRO-OESTE,Nao informado,Nao se aplica,entre 50 e 59 anos,QRDN,B2P,Pix,"3389,39",56
202411,PF,PF,Nao informado,Nao informado,até 19 anos,entre 40 e 49 anos,Nao disponivel,P2P,Nao disponivel,690,2
202411,PF,PF,SUDESTE,SUDESTE,mais de 60 anos,entre 20 e 29 anos,DICT,P2P,Pix,"1943434198,23",6416271
202411,PJ,PJ,NORTE,SUDESTE,Nao se aplica,Nao se aplica,QRES,B2G,Pix,"2493,05",19
202411,PF,PF,NORTE,SUL,entre 40 e 49 anos,mais de 60 anos,DICT,P2P,Pix,"12047278,04",27607
202411,PF,PJ,NORDESTE,NORDESTE,entre 20 e 29 anos,Nao se aplica,QRDN,P2B,Pix,"2351260177,47",49471729
202411,PF,PF,NORDESTE,Nao informado,entre 30 e 39 anos,entre 30 e 39 anos,QRES,P2P,Pix,"68558,83",1834
202411,PF,PF,SUDESTE,SUL,entre 40 e 49 anos,entre 20 e 29 anos,MANU,P2P,Pix,"7931870,25",43566
202411,PJ,PJ,SUDESTE,SUDESTE,Nao se aplica,Nao se aplica,Nao disponivel,G2B,Nao disponivel,"154181,33",165
202411,PF,PF,SUL,NORTE,entre 20 e 29 anos,mais de 60 anos,Nao disponivel,P2P,Nao disponivel,"17226,71",53
202411,PF,PF,CENTRO-OESTE,SUDESTE,entre 20 e 29 anos,até 19 anos,QRDN,P2P,Pix,"74350,51",2563
202411,PF,PF,SUL,CENTRO-OESTE,entre 40 e 49 anos,até 19 anos,Nao disponivel,P2P,Nao disponivel,"15094,12",162
202411,PF,PF,SUL,Nao informado,mais de 60 anos,entre 20 e 29 anos,QRES,P2P,Pix,"28833,73",79
202411,PF,PF,SUL,SUL,entre 20 e 29 anos,mais de 60 anos,Nao disponivel,P2P,Nao disponivel,"1508339,71",4693
202411,PF,PJ,CENTRO-OESTE,CENTRO-OESTE,até 19 anos,Nao se aplica,QRDN,P2B,Pix Saque,"1084573,11",2579
202411,PF,PF,NORTE,SUDESTE,entre 40 e 49 anos,Nao informado,QRES,P2P,Pix,"583766,29",533
202411,PJ,PJ,SUDESTE,NORDESTE,Nao se aplica,Nao se aplica,QRDN,B2B,Pix,"305243682,23",341900
202411,PF,PF,SUDESTE,NORDESTE,mais de 60 anos,entre 50 e 59 anos,Nao disponivel,P2P,Nao disponivel,"79589,43",207
202411,PF,PJ,SUL,SUL,entre 30 e 39 anos,Nao se aplica,QRES,P2G,Pix,"1706015,2",16661
202411,PF,PJ,CENTRO-OESTE,SUL,entre 30 e 39 anos,Nao se aplica,QRES,P2G,Pix,"5343,4",60
202411,PF,PF,CENTRO-OESTE,NORDESTE,entre 50 e 59 anos,entre 30 e 39 anos,MANU,P2P,Pix,"6753640,31",35065
202411,PF,PF,SUL,SUL,entre 20 e 29 anos,mais de 60 anos,MANU,P2P,Pix,"130483309,27",473122
202411,PF,PJ,NORDESTE,SUDESTE,entre 40 e 49 anos,Nao se aplica,DICT,P2B,Pix,"449646063,14",524579
202411,PF,PJ,NORTE,NORDESTE,entre 40 e 49 anos,Nao se aplica,QRDN,P2B,Pix Saque,"428843,27",1880
202411,PF,PJ,SUL,CENTRO-OESTE,entre 20 e 29 anos,Nao se aplica,QRDN,P2G,Pix,"27553663,35",197988
202411,PF,PF,SUDESTE,NORTE,entre 40 e 49 anos,entre 40 e 49 anos,QRDN,P2P,Pix,"513947,68",15249
202411,PF,PF,SUL,Nao informado,entre 20 e 29 anos,entre 50 e 59 anos,MANU,P2P,Pix,"152520,61",409
202411,PF,PF,SUL,SUDESTE,entre 20 e 29 anos,entre 20 e 29 anos,Nao disponivel,P2P,Nao disponivel,"563044,33",4027
202411,PF,PF,Nao informado,NORDESTE,mais de 60 anos,entre 40 e 49 anos,Nao disponivel,P2P,Nao disponivel,1427,3
202411,PJ,PF,NORTE,NORTE,Nao se aplica,entre 50 e 59 anos,MANU,G2P,Pix,"2050345,64",922
202411,PJ,PJ,NORDESTE,NORDESTE,Nao se aplica,Nao se aplica,QRES,G2G,Pix,500000,15
202411,PF,PF,SUL,NORDESTE,entre 40 e 49 anos,entre 20 e 29 anos,MANU,P2P,Pix,"3131307,99",24549
202411,PF,PF,NORDESTE,NORTE,entre 40 e 49 anos,entre 50 e 59 anos,QRES,P2P,Pix,"1201077,98",32409
202411,PF,PJ,CENTRO-OESTE,SUDESTE,entre 30 e 39 anos,Nao se aplica,Nao disponivel,P2B,Nao disponivel,"4546408,08",1203
202411,PJ,PF,NORTE,SUDESTE,Nao se aplica,Nao informado,QRES,B2P,Pix,"341466,2",128
202411,PF,PJ,SUDESTE,SUDESTE,entre 30 e 39 anos,Nao se aplica,QRES,P2G,Pix,"7943254,66",53326
202411,PF,PF,Nao informado,NORTE,entre 50 e 59 anos,entre 50 e 59 anos,QRES,P2P,Pix,"5504,42",172
202411,PF,PF,CENTRO-OESTE,SUDESTE,entre 50 e 59 anos,até 19 anos,QRDN,P2P,Pix,"18927,16",524
202411,PF,PF,SUDESTE,SUDESTE,entre 40 e 49 anos,entre 40 e 49 anos,DICT,P2P,Pix,"30250283555,82",64335153
202411,PJ,PJ,CENTRO-OESTE,SUDESTE,Nao se aplica,Nao se aplica,QRES,B2B,Pix,"651836122,92",423301
202411,PJ,PF,Nao informado,Nao informado,Nao se aplica,mais de 60 anos,QRDN,B2P,Pix,153,2
202411,PF,PF,SUDESTE,NORDESTE,entre 30 e 39 anos,entre 50 e 59 anos,DICT,P2P,Pix,"135450985,91",554287
202411,PF,PF,NORTE,NORTE,mais de 60 anos,mais de 60 anos,MANU,P2P,Pix,"262560510,11",525908
202411,PF,PF,Nao informado,SUDESTE,entre 30 e 39 anos,entre 40 e 49 anos,DICT,P2P,Pix,"7810367,48",12653
202411,PF,PF,NORDESTE,Nao informado,mais de 60 anos,até 19 anos,Nao disponivel,P2P,Nao disponivel,"102,9",2
202411,PF,PF,CENTRO-OESTE,CENTRO-OESTE,entre 50 e 59 anos,Nao informado,DICT,P2P,Pix,3148,11
202411,PF,PF,CENTRO-OESTE,CENTRO-OESTE,entre 20 e 29 anos,até 19 anos,QRDN,P2P,Pix,"2217723,07",51261
202411,PF,PF,CENTRO-OESTE,CENTRO-OESTE,entre 50 e 59 anos,entre 30 e 39 anos,MANU,P2P,Pix,"143294632,73",489953
202411,PF,PF,Nao informado,SUL,entre 50 e 59 anos,até 19 anos,QRDN,P2P,Pix,"44,46",2
202411,PF,PF,Nao informado,NORDESTE,entre 40 e 49 anos,entre 50 e 59 anos,DICT,P2P,Pix,"1806332,48",4055
202411,PF,PF,SUL,CENTRO-OESTE,entre 20 e 29 anos,entre 30 e 39 anos,QRES,P2P,Pix,"661585,01",13456
202411,PF,PF,NORDESTE,CENTRO-OESTE,entre 50 e 59 anos,entre 40 e 49 anos,DICT,P2P,Pix,"30954226,4",101467
202411,PF,PF,Nao informado,NORTE,mais de 60 anos,até 19 anos,QRES,P2P,Pix,"61,5",3
202411,PF,PF,NORDESTE,CENTRO-OESTE,entre 40 e 49 anos,entre 50 e 59 anos,QRES,P2P,Pix,"1232401,68",28760
202411,PF,PF,NORDESTE,Nao informado,mais de 60 anos,Nao informado,MANU,P2P,Pix,50,1
202411,PF,PJ,SUDESTE,NORDESTE,entre 20 e 29 anos,Nao se aplica,DICT,P2G,Pix,"55258,49",41
202411,PF,PF,SUL,NORTE,entre 50 e 59 anos,Nao informado,DICT,P2P,Pix,900,1
202411,PJ,PF,NORTE,CENTRO-OESTE,Nao se aplica,entre 50 e 59 anos,MANU,B2P,Pix,"16856653,38",2125
202411,PF,PJ,SUDESTE,CENTRO-OESTE,entre 20 e 29 anos,Nao se aplica,QRDN,P2B,Pix Saque,"144038,79",316
202411,PF,PF,SUDESTE,NORTE,mais de 60 anos,até 19 anos,MANU,P2P,Pix,"172970,5",1150
202411,PF,PJ,NORDESTE,SUDESTE,entre 40 e 49 anos,Nao se aplica,INIC,P2B,Pix,"11906,12",925
202411,PF,PF,SUDESTE,SUL,entre 20 e 29 anos,entre 20 e 29 anos,MANU,P2P,Pix,"16851300,7",111171
202411,PF,PF,NORTE,SUDESTE,entre 40 e 49 anos,até 19 anos,QRES,P2P,Pix,"223997,41",2311
202411,PF,PF,NORDESTE,NORDESTE,entre 20 e 29 anos,entre 50 e 59 anos,QRDN,P2P,Pix,"51356865,94",2300094
202411,PF,PF,NORDESTE,SUL,até 19 anos,entre 20 e 29 anos,Nao disponivel,P2P,Nao disponivel,"77196,21",777
202411,PF,PF,Nao informado,NORTE,Nao informado,entre 20 e 29 anos,QRDN,P2P,Pix,185,9
202411,PF,PF,SUL,SUDESTE,entre 20 e 29 anos,entre 40 e 49 anos,DICT,P2P,Pix,"55302778,7",247739
202411,PF,PF,Nao informado,Nao informado,entre 50 e 59 anos,mais de 60 anos,DICT,P2P,Pix,"217446,28",259
202411,PJ,PF,CENTRO-OESTE,NORTE,Nao se aplica,entre 50 e 59 anos,Nao disponivel,B2P,Nao disponivel,"279756,13",496
202411,PF,PF,SUDESTE,SUDESTE,até 19 anos,entre 40 e 49 anos,MANU,P2P,Pix,"164491038,41",1559238
202411,PF,PF,NORTE,SUDESTE,entre 30 e 39 anos,entre 40 e 49 anos,DICT,P2P,Pix,"59851736,06",217690
202411,PF,PF,Nao informado,SUL,até 19 anos,até 19 anos,MANU,P2P,Pix,"2716,38",116
202411,PF,PF,SUL,Nao informado,entre 30 e 39 anos,Nao informado,DICT,P2P,Pix,"936,68",4
202411,PF,PF,SUDESTE,SUL,entre 20 e 29 anos,entre 20 e 29 anos,QRES,P2P,Pix,"2531047,17",54614
202411,PF,PF,SUDESTE,SUL,entre 30 e 39 anos,até 19 anos,Nao disponivel,P2P,Nao disponivel,"33197,59",484
202411,PF,PJ,SUDESTE,SUDESTE,entre 40 e 49 anos,Nao se aplica,MANU,P2G,Pix,"2232425,32",3224
202411,PJ,PF,SUL,Nao informado,Nao se aplica,entre 30 e 39 anos,DICT,G2P,Pix,"14512,51",90
202411,PJ,PJ,SUL,SUDESTE,Nao se aplica,Nao se aplica,QRDN,B2G,Pix,"21971762,17",12949
202411,PF,PF,NORTE,SUL,entre 20 e 29 anos,mais de 60 anos,QRDN,P2P,Pix,"267214,88",9411
202411,PF,PF,CENTRO-OESTE,NORTE,entre 30 e 39 anos,entre 30 e 39 anos,QRDN,P2P,Pix,"1077069,76",29872
202411,PF,PF,Nao informado,NORTE,entre 30 e 39 anos,entre 40 e 49 anos,DICT,P2P,Pix,"2738959,15",8348
202411,PJ,PJ,SUL,SUL,Nao se aplica,Nao se aplica,QRDN,G2B,Pix,"535768,84",592
202411,PF,PJ,NORTE,SUL,até 19 anos,Nao se aplica,QRES,P2B,Pix,2551181,42807
202411,PJ,PF,CENTRO-OESTE,SUDESTE,Nao se aplica,até 19 anos,QRDN,B2P,Pix,"30298,75",320
202411,PF,PJ,NORTE,CENTRO-OESTE,até 19 anos,Nao se aplica,Nao disponivel,P2B,Nao disponivel,"54375,89",121
202411,PF,PJ,NORDESTE,CENTRO-OESTE,até 19 anos,Nao se aplica,QRDN,P2B,Pix Saque,"43588,65",116
202411,PF,PJ,SUL,NORDESTE,entre 40 e 49 anos,Nao se aplica,MANU,P2B,Pix,"4677736,46",8357
202411,PJ,PF,Nao informado,NORTE,Nao se aplica,entre 50 e 59 anos,Nao disponivel,B2P,Nao disponivel,"1019,99",2
202411,PF,PF,Nao informado,Nao informado,entre 30 e 39 anos,mais de 60 anos,MANU,P2P,Pix,"90028,25",256
202411,PF,PJ,CENTRO-OESTE,CENTRO-OESTE,entre 30 e 39 anos,Nao se aplica,QRDN,P2B,Pix Troco,"47182,25",98
202411,PF,PJ,NORDESTE,SUDESTE,mais de 60 anos,Nao se aplica,QRES,P2B,Pix,"142130757,25",795636
202411,PF,PF,SUDESTE,SUDESTE,entre 50 e 59 anos,mais de 60 anos,DICT,P2P,Pix,"2564575091,15",6576639
202411,PJ,PF,Nao informado,SUL,Nao se aplica,até 19 anos,Nao disponivel,B2P,Nao disponivel,"680,1",10
202411,PF,PF,NORDESTE,NORDESTE,entre 50 e 59 anos,até 19 anos,Nao disponivel,P2P,Nao disponivel,"370438,26",4129
202411,PF,PF,CENTRO-OESTE,SUL,entre 20 e 29 anos,até 19 anos,QRDN,P2P,Pix,"25310,33",603
202411,PF,PF,SUDESTE,SUL,mais de 60 anos,entre 50 e 59 anos,MANU,P2P,Pix,"9975771,76",9193
202411,PF,PF,CENTRO-OESTE,SUL,entre 20 e 29 anos,entre 20 e 29 anos,MANU,P2P,Pix,"4530028,18",29352
202411,PF,PF,Nao informado,SUL,entre 50 e 59 anos,mais de 60 anos,DICT,P2P,Pix,"1513992,39",1445
202411,PF,PJ,NORDESTE,SUDESTE,entre 50 e 59 anos,Nao se aplica,QRDN,P2B,Pix Saque,"267295,36",1309
202411,PF,PF,Nao informado,SUDESTE,entre 40 e 49 anos,até 19 anos,Nao disponivel,P2P,Nao disponivel,"107,65",3
202411,PF,PJ,SUDESTE,NORDESTE,entre 40 e 49 anos,Nao se aplica,INIC,P2B,Pix,2,1
202411,PF,PF,NORDESTE,NORDESTE,entre 40 e 49 anos,entre 40 e 49 anos,Nao disponivel,P2P,Nao disponivel,"28591397,63",54826
202411,PF,PF,SUL,NORDESTE,mais de 60 anos,entre 20 e 29 anos,Nao disponivel,P2P,Nao disponivel,"10052,89",76
202411,PJ,PJ,NORDESTE,Nao informado,Nao se aplica,Nao se aplica,Nao disponivel,B2B,Nao disponivel,"9467,13",81
202411,PF,PF,SUDESTE,SUL,entre 30 e 39 anos,mais de 60 anos,DICT,P2P,Pix,"43107288,31",87022
202411,PF,PF,SUDESTE,SUL,entre 30 e 39 anos,entre 50 e 59 anos,QRES,P2P,Pix,"1294325,73",24096
202411,PF,PF,SUDESTE,SUL,até 19 anos,até 19 anos,MANU,P2P,Pix,"602017,47",16898
202411,PJ,PF,Nao informado,SUL,Nao se aplica,entre 20 e 29 anos,QRES,B2P,Pix,"1537,88",13
202411,PF,PF,NORTE,SUL,entre 30 e 39 anos,até 19 anos,Nao disponivel,P2P,Nao disponivel,"7657,82",111
202411,PF,PF,CENTRO-OESTE,NORTE,mais de 60 anos,até 19 anos,DICT,P2P,Pix,"2172090,11",8595
202411,PF,PF,SUDESTE,Nao informado,entre 50 e 59 anos,entre 50 e 59 anos,QRES,P2P,Pix,"74225,83",246
202411,PJ,PJ,NORDESTE,NORDESTE,Nao se aplica,Nao se aplica,QRDN,B2G,Pix,"269070124,26",224147
202411,PF,PF,SUDESTE,CENTRO-OESTE,entre 50 e 59 anos,entre 20 e 29 anos,QRES,P2P,Pix,"782208,24",7512
202411,PF,PF,Nao informado,NORDESTE,até 19 anos,entre 30 e 39 anos,DICT,P2P,Pix,"111476,79",782
202411,PF,PF,NORTE,NORDESTE,entre 20 e 29 anos,mais de 60 anos,MANU,P2P,Pix,"1750805,04",11042
202411,PJ,PF,SUL,Nao informado,Nao se aplica,entre 20 e 29 anos,Nao disponivel,B2P,Nao disponivel,"47456,18",179
202411,PF,PF,CENTRO-OESTE,SUL,entre 50 e 59 anos,entre 50 e 59 anos,MANU,P2P,Pix,"2117330,05",4316
202411,PJ,PF,SUDESTE,NORDESTE,Nao se aplica,mais de 60 anos,DICT,G2P,Pix,"56694,96",36
202411,PF,PF,NORDESTE,CENTRO-OESTE,mais de 60 anos,entre 40 e 49 anos,DICT,P2P,Pix,"48285636,53",60161
202411,PJ,PJ,NORDESTE,SUL,Nao se aplica,Nao se aplica,MANU,G2B,Pix,"8058107,6",296
202411,PF,PF,NORDESTE,SUL,até 19 anos,entre 20 e 29 anos,QRDN,P2P,Pix,"85850,43",5097
202411,PJ,PF,CENTRO-OESTE,Nao informado,Nao se aplica,entre 50 e 59 anos,Nao disponivel,B2P,Nao disponivel,"8667,74",13
202411,PF,PF,Nao informado,CENTRO-OESTE,entre 20 e 29 anos,entre 20 e 29 anos,DICT,P2P,Pix,"816444,63",3916
202411,PJ,PF,SUL,SUL,Nao se aplica,entre 40 e 49 anos,QRES,G2P,Pix,"413,8",3
202411,PJ,PF,SUL,CENTRO-OESTE,Nao se aplica,entre 50 e 59 anos,QRES,B2P,Pix,"220211,74",1120
202411,PF,PF,Nao informado,SUDESTE,entre 50 e 59 anos,mais de 60 anos,DICT,P2P,Pix,"4921936,01",3978
202411,PJ,PF,SUDESTE,NORDESTE,Nao se aplica,entre 30 e 39 anos,MANU,G2P,Pix,"96249,25",80
202411,PJ,PF,Nao informado,SUDESTE,Nao se aplica,até 19 anos,QRDN,B2P,Pix,"86,3",2
202411,PF,PF,Nao informado,NORDESTE,entre 20 e 29 anos,entre 50 e 59 anos,MANU,P2P,Pix,"215061,49",1031
202411,PF,PF,SUL,SUL,entre 30 e 39 anos,entre 50 e 59 anos,QRDN,P2P,Pix,"10207770,32",293700
202411,PF,PF,SUL,SUDESTE,mais de 60 anos,entre 20 e 29 anos,QRDN,P2P,Pix,"146303,67",1603
202411,PF,PF,SUL,SUDESTE,mais de 60 anos,entre 40 e 49 anos,MANU,P2P,Pix,"7817490,05",10540
202411,PF,PF,SUDESTE,NORDESTE,entre 20 e 29 anos,entre 20 e 29 anos,QRES,P2P,Pix,"9034501,02",215667
202411,PF,PF,CENTRO-OESTE,NORTE,entre 20 e 29 anos,entre 20 e 29 anos,MANU,P2P,Pix,"10087085,59",79683
202411,PJ,PF,SUL,NORDESTE,Nao se aplica,mais de 60 anos,Nao disponivel,B2P,Nao disponivel,"1779447,28",4907
202411,PJ,PF,SUL,SUDESTE,Nao se aplica,mais de 60 anos,QRES,B2P,Pix,"2258388,53",5838
202411,PF,PF,NORTE,NORTE,Nao informado,até 19 anos,DICT,P2P,Pix,867,11
202411,PF,PF,NORTE,Nao informado,até 19 anos,entre 40 e 49 anos,MANU,P2P,Pix,"45456,56",488
202411,PF,PF,SUDESTE,SUDESTE,até 19 anos,mais de 60 anos,QRES,P2P,Pix,"9248288,71",477159
202411,PJ,PF,SUDESTE,Nao informado,Nao se aplica,mais de 60 anos,MANU,G2P,Pix,2100,1
202411,PJ,PF,CENTRO-OESTE,NORTE,Nao se aplica,mais de 60 anos,QRDN,B2P,Pix,"28146,64",533
202411,PF,PJ,NORDESTE,CENTRO-OESTE,entre 20 e 29 anos,Nao se aplica,INIC,P2B,Pix,"17356,19",132
202411,PJ,PJ,Nao informado,SUDESTE,Nao se aplica,Nao se aplica,DICT,B2B,Pix,"23103532,22",2192
202411,PJ,PF,Nao informado,NORTE,Nao se aplica,entre 50 e 59 anos,QRDN,B2P,Pix,300,5
202411,PF,PF,NORDESTE,SUL,entre 50 e 59 anos,até 19 anos,MANU,P2P,Pix,"150829,73",1670
202411,PJ,PF,SUDESTE,SUDESTE,Nao se aplica,mais de 60 anos,QRES,G2P,Pix,"605,81",4
202411,PF,PF,NORDESTE,SUL,mais de 60 anos,entre 50 e 59 anos,QRDN,P2P,Pix,"23540,8",472
202411,PF,PF,NORTE,SUL,entre 40 e 49 anos,entre 30 e 39 anos,MANU,P2P,Pix,"3796075,1",20432
202411,PF,PF,NORDESTE,Nao informado,até 19 anos,entre 20 e 29 anos,QRES,P2P,Pix,"10849,74",522
202411,PF,PF,NORTE,SUL,até 19 anos,entre 30 e 39 anos,QRDN,P2P,Pix,"139759,75",6025
202411,PF,PF,SUDESTE,CENTRO-OESTE,entre 20 e 29 anos,entre 20 e 29 anos,QRES,P2P,Pix,"2005537,57",45699
202411,PF,PF,NORTE,NORTE,entre 50 e 59 anos,entre 30 e 39 anos,MANU,P2P,Pix,"134348833,38",932278
202411,PF,PF,NORTE,Nao informado,entre 50 e 59 anos,entre 30 e 39 anos,QRES,P2P,Pix,"45629,6",500
202411,PF,PJ,NORTE,NORTE,entre 30 e 39 anos,Nao se aplica,MANU,P2B,Pix Saque,1040,3
202411,PF,PF,Nao informado,Nao informado,entre 40 e 49 anos,entre 30 e 39 anos,DICT,P2P,Pix,"1586379,23",3848
202411,PF,PF,Nao informado,CENTRO-OESTE,entre 50 e 59 anos,entre 30 e 39 anos,Nao disponivel,P2P,Nao disponivel,"587,88",3
202411,PF,PF,Nao informado,SUL,mais de 60 anos,mais de 60 anos,MANU,P2P,Pix,"602719,86",201
202411,PJ,PF,SUL,NORDESTE,Nao se aplica,entre 30 e 39 anos,MANU,B2P,Pix,"103015945,6",135491
202411,PF,PJ,NORDESTE,CENTRO-OESTE,entre 30 e 39 anos,Nao se aplica,QRDN,P2B,Pix Saque,"202140,72",1077
202411,PF,PF,NORDESTE,CENTRO-OESTE,entre 30 e 39 anos,entre 30 e 39 anos,INIC,P2P,Pix,50,1
202411,PF,PJ,SUL,NORDESTE,até 19 anos,Nao se aplica,QRDN,P2B,Pix Saque,"4996,98",23
202411,PJ,PF,SUDESTE,SUDESTE,Nao se aplica,entre 40 e 49 anos,Nao disponivel,G2P,Nao disponivel,"175794,49",770
202411,PF,PF,Nao informado,NORDESTE,entre 50 e 59 anos,entre 40 e 49 anos,QRDN,P2P,Pix,"16703,19",381
202411,PF,PF,NORDESTE,NORDESTE,entre 50 e 59 anos,entre 40 e 49 anos,DICT,P2P,Pix,"2346088392,12",9528827
202411,PF,PF,Nao informado,NORDESTE,até 19 anos,mais de 60 anos,QRES,P2P,Pix,"2523,78",124
202411,PF,PJ,SUDESTE,SUL,entre 50 e 59 anos,Nao se aplica,MANU,P2B,Pix,"41343692,58",24215
202411,PF,PJ,CENTRO-OESTE,CENTRO-OESTE,mais de 60 anos,Nao se aplica,QRDN,P2G,Pix,"50469118,29",74523
202411,PF,PJ,Nao informado,NORDESTE,entre 40 e 49 anos,Nao se aplica,QRDN,P2B,Pix Saque,"8693,55",26
202411,PF,PJ,NORDESTE,CENTRO-OESTE,até 19 anos,Nao se aplica,INIC,P2B,Pix,"2310,9",21
202411,PJ,PJ,NORDESTE,NORDESTE,Nao se aplica,Nao se aplica,MANU,B2B,Pix,"26773298415,33",9936914
202411,PJ,PJ,NORDESTE,NORDESTE,Nao se aplica,Nao se aplica,QRDN,G2G,Pix,"415974,64",83
202411,PJ,PJ,CENTRO-OESTE,SUL,Nao se aplica,Nao se aplica,QRDN,B2B,Pix Saque,"133267,68",168
202411,PF,PF,CENTRO-OESTE,SUDESTE,entre 20 e 29 anos,até 19 anos,Nao disponivel,P2P,Nao disponivel,"71889,63",1282
202411,PJ,PF,NORDESTE,NORDESTE,Nao se aplica,até 19 anos,QRDN,B2P,Pix,"1019975,36",17410
202411,PF,PF,NORDESTE,CENTRO-OESTE,entre 30 e 39 anos,entre 30 e 39 anos,Nao disponivel,P2P,Nao disponivel,"349810,77",1615
202411,PF,PJ,NORDESTE,NORTE,até 19 anos,Nao se aplica,Nao disponivel,P2B,Nao disponivel,"12653,35",67
202411,PF,PF,SUDESTE,NORTE,entre 30 e 39 anos,entre 40 e 49 anos,MANU,P2P,Pix,"8412540,94",25039
202411,PF,PF,Nao informado,CENTRO-OESTE,mais de 60 anos,até 19 anos,QRES,P2P,Pix,1649,7
202411,PF,PJ,NORDESTE,SUL,entre 40 e 49 anos,Nao se aplica,DICT,P2G,Pix,"20474,26",55
202411,PF,PJ,SUL,SUDESTE,entre 20 e 29 anos,Nao se aplica,QRES,P2G,Pix,"24331,24",169
202411,PF,PF,NORDESTE,SUDESTE,Nao informado,entre 30 e 39 anos,MANU,P2P,Pix,300,1
202411,PF,PJ,SUL,SUL,até 19 anos,Nao se aplica,QRDN,P2B,Pix Troco,"7954,69",16
202411,PF,PF,SUL,SUL,até 19 anos,entre 30 e 39 anos,Nao disponivel,P2P,Nao disponivel,"1060930,18",11353
202411,PF,PF,SUL,SUL,mais de 60 anos,entre 50 e 59 anos,Nao disponivel,P2P,Nao disponivel,"786822,55",1482
202411,PJ,PF,NORDESTE,SUDESTE,Nao se aplica,Nao informado,QRES,B2P,Pix,"1498266,48",544
202411,PJ,PJ,NORDESTE,Nao informado,Nao se aplica,Nao se aplica,MANU,G2B,Pix,4000,1
202411,PF,PF,SUDESTE,NORDESTE,até 19 anos,até 19 anos,QRDN,P2P,Pix,"62909,8",3769
202411,PF,PF,NORTE,CENTRO-OESTE,entre 20 e 29 anos,entre 50 e 59 anos,QRDN,P2P,Pix,"999731,11",36775
202411,PF,PF,Nao informado,NORDESTE,entre 50 e 59 anos,entre 20 e 29 anos,QRDN,P2P,Pix,"9191,76",221
202411,PF,PJ,SUDESTE,CENTRO-OESTE,entre 40 e 49 anos,Nao se aplica,QRDN,P2B,Pix,181662586,1600042
202411,PF,PF,SUL,NORDESTE,até 19 anos,entre 30 e 39 anos,Nao disponivel,P2P,Nao disponivel,"29159,38",382
202411,PF,PF,SUDESTE,NORTE,entre 30 e 39 anos,até 19 anos,DICT,P2P,Pix,"4042627,61",39301
202411,PF,PF,SUL,SUDESTE,entre 20 e 29 anos,mais de 60 anos,QRDN,P2P,Pix,"316647,63",10918
202411,PF,PF,SUL,SUL,entre 40 e 49 anos,entre 20 e 29 anos,DICT,P2P,Pix,"1323904283,91",5810020
202411,PF,PF,CENTRO-OESTE,SUL,entre 30 e 39 anos,entre 30 e 39 anos,QRES,P2P,Pix,"1063017,74",14031
202411,PF,PJ,Nao informado,NORTE,mais de 60 anos,Nao se aplica,MANU,P2B,Pix,"510523,03",74
202411,PF,PF,NORDESTE,Nao informado,entre 20 e 29 anos,até 19 anos,MANU,P2P,Pix,"18173,4",222
202411,PJ,PF,CENTRO-OESTE,CENTRO-OESTE,Nao se aplica,entre 40 e 49 anos,MANU,G2P,Pix,"20793156,77",6181
202411,PF,PF,SUL,CENTRO-OESTE,entre 30 e 39 anos,entre 50 e 59 anos,QRES,P2P,Pix,"331585,41",7326
202411,PF,PF,NORDESTE,SUDESTE,entre 40 e 49 anos,mais de 60 anos,DICT,P2P,Pix,"87318789,08",243150
202411,PF,PF,SUL,SUDESTE,mais de 60 anos,mais de 60 anos,MANU,P2P,Pix,"9975391,76",7533
202411,PF,PF,NORDESTE,CENTRO-OESTE,entre 20 e 29 anos,até 19 anos,INIC,P2P,Pix,20,1
202411,PF,PF,NORDESTE,NORTE,entre 40 e 49 anos,entre 30 e 39 anos,MANU,P2P,Pix,"8183507,01",60774
202411,PF,PF,SUDESTE,SUL,entre 50 e 59 anos,até 19 anos,QRES,P2P,Pix,"92567,77",1271
202411,PJ,PF,SUDESTE,NORDESTE,Nao se aplica,até 19 anos,DICT,G2P,Pix,"10990,68",20
202411,PF,PF,SUDESTE,NORTE,mais de 60 anos,entre 50 e 59 anos,Nao disponivel,P2P,Nao disponivel,"18961,62",47
202411,PF,PJ,SUDESTE,SUDESTE,mais de 60 anos,Nao se aplica,QRDN,P2B,Pix,"2489623134,56",22327491
202411,PF,PF,SUDESTE,SUDESTE,até 19 anos,até 19 anos,INIC,P2P,Pix,"2439025,04",10077
202411,PF,PF,NORTE,SUL,entre 30 e 39 anos,entre 40 e 49 anos,DICT,P2P,Pix,"32525803,15",148454
202411,PF,PF,CENTRO-OESTE,NORDESTE,até 19 anos,entre 30 e 39 anos,DICT,P2P,Pix,"8424393,58",88106
202411,PJ,PF,SUL,NORTE,Nao se aplica,entre 20 e 29 anos,Nao disponivel,B2P,Nao disponivel,"3123830,48",20593
202411,PF,PF,Nao informado,CENTRO-OESTE,mais de 60 anos,entre 40 e 49 anos,DICT,P2P,Pix,"1172225,06",1193
202411,PF,PF,NORDESTE,Nao informado,até 19 anos,entre 50 e 59 anos,QRDN,P2P,Pix,"1233,84",65
202411,PF,PF,SUDESTE,CENTRO-OESTE,entre 20 e 29 anos,mais de 60 anos,Nao disponivel,P2P,Nao disponivel,"476508,67",363
202411,PF,PF,SUL,SUDESTE,entre 40 e 49 anos,entre 20 e 29 anos,QRDN,P2P,Pix,"549845,24",12194
202411,PF,PF,SUDESTE,CENTRO-OESTE,até 19 anos,entre 30 e 39 anos,QRDN,P2P,Pix,"286375,78",7903
202411,PF,PF,NORTE,NORDESTE,entre 20 e 29 anos,entre 40 e 49 anos,Nao disponivel,P2P,Nao disponivel,"157740,23",657
202411,PF,PF,NORTE,Nao informado,mais de 60 anos,entre 50 e 59 anos,DICT,P2P,Pix,"337873,66",729
202411,PF,PJ,Nao informado,CENTRO-OESTE,entre 30 e 39 anos,Nao se aplica,DICT,P2B,Pix,"3785401,28",2895
202411,PF,PJ,SUDESTE,SUDESTE,entre 50 e 59 anos,Nao se aplica,Nao disponivel,P2G,Nao disponivel,"8928,48",4
202411,PF,PJ,CENTRO-OESTE,CENTRO-OESTE,entre 30 e 39 anos,Nao se aplica,Nao disponivel,P2B,Nao disponivel,17853162,7095
202411,PF,PJ,SUL,SUL,mais de 60 anos,Nao se aplica,QRDN,P2G,Pix,"67488645,28",102467
202411,PF,PF,NORTE,Nao informado,entre 20 e 29 anos,mais de 60 anos,Nao disponivel,P2P,Nao disponivel,120,1
202411,PJ,PF,Nao informado,NORDESTE,Nao se aplica,entre 20 e 29 anos,DICT,B2P,Pix,"565521,88",989
202411,PJ,PF,SUL,NORTE,Nao se aplica,entre 40 e 49 anos,Nao disponivel,B2P,Nao disponivel,"1882889,42",7292
202411,PF,PF,SUDESTE,SUDESTE,entre 50 e 59 anos,mais de 60 anos,INIC,P2P,Pix,150,2
202411,PF,PF,Nao informado,SUDESTE,Nao informado,entre 40 e 49 anos,DICT,P2P,Pix,"22108,86",48
202411,PJ,PF,NORDESTE,NORTE,Nao se aplica,entre 20 e 29 anos,DICT,G2P,Pix,"60842,33",55
202411,PF,PF,SUL,CENTRO-OESTE,mais de 60 anos,entre 50 e 59 anos,QRES,P2P,Pix,"99775,91",972
202411,PF,PF,NORTE,NORDESTE,entre 50 e 59 anos,entre 50 e 59 anos,Nao disponivel,P2P,Nao disponivel,"11579,78",84
202411,PF,PF,NORTE,NORTE,entre 20 e 29 anos,entre 20 e 29 anos,INIC,P2P,Pix,"2423983,6",7297
202411,PF,PJ,SUDESTE,CENTRO-OESTE,entre 50 e 59 anos,Nao se aplica,QRDN,P2B,Pix Troco,"433,47",4
202411,PF,PF,NORDESTE,Nao informado,até 19 anos,mais de 60 anos,QRDN,P2P,Pix,"1003,67",44
202411,PJ,PF,SUDESTE,SUL,Nao se aplica,entre 50 e 59 anos,QRDN,B2P,Pix,"128852,38",1783
202411,PF,PF,SUDESTE,SUL,entre 40 e 49 anos,entre 30 e 39 anos,QRDN,P2P,Pix,"938673,26",22629
202411,PF,PF,NORTE,Nao informado,entre 20 e 29 anos,mais de 60 anos,DICT,P2P,Pix,"130363,62",828
202411,PF,PJ,CENTRO-OESTE,Nao informado,mais de 60 anos,Nao se aplica,QRES,P2B,Pix,"5728,3",12
202411,PF,PJ,CENTRO-OESTE,SUL,entre 50 e 59 anos,Nao se aplica,DICT,P2G,Pix,"10856,65",16
202411,PJ,PF,NORTE,CENTRO-OESTE,Nao se aplica,entre 50 e 59 anos,MANU,G2P,Pix,"9470,56",4
202411,PF,PJ,SUDESTE,NORDESTE,entre 40 e 49 anos,Nao se aplica,QRDN,P2B,Pix Saque,"588339,52",2426
202411,PF,PF,SUDESTE,SUDESTE,Nao informado,entre 20 e 29 anos,MANU,P2P,Pix,20,1
202411,PF,PF,CENTRO-OESTE,NORTE,entre 40 e 49 anos,até 19 anos,MANU,P2P,Pix,"802712,21",8270
202411,PF,PF,Nao informado,SUL,entre 40 e 49 anos,entre 50 e 59 anos,QRES,P2P,Pix,"36267,95",360
202411,PF,PJ,Nao informado,CENTRO-OESTE,Nao informado,Nao se aplica,QRDN,P2G,Pix,"75,6",1
202411,PF,PJ,CENTRO-OESTE,NORDESTE,entre 30 e 39 anos,Nao se aplica,QRDN,P2B,Pix,"365467776,78",7147512
202411,PF,PF,NORTE,SUDESTE,entre 20 e 29 anos,entre 50 e 59 anos,Nao disponivel,P2P,Nao disponivel,"60521,97",370
202411,PJ,PJ,NORDESTE,SUL,Nao se aplica,Nao se aplica,DICT,B2B,Pix,"1479887913,79",139609
202411,PF,PF,NORDESTE,NORDESTE,entre 30 e 39 anos,entre 20 e 29 anos,MANU,P2P,Pix,"645376356,87",5321157
202411,PF,PJ,SUL,SUL,até 19 anos,Nao se aplica,QRDN,P2B,Pix,"250763452,86",6664942
202411,PF,PJ,SUL,SUL,entre 50 e 59 anos,Nao se aplica,DICT,P2B,Pix,"2832320869,92",3610958
202411,PF,PF,NORDESTE,SUDESTE,até 19 anos,até 19 anos,QRES,P2P,Pix,"320091,45",23026
202411,PJ,PF,NORDESTE,Nao informado,Nao se aplica,entre 30 e 39 anos,DICT,G2P,Pix,"9591,73",4
202411,PF,PF,SUL,Nao informado,entre 20 e 29 anos,Nao informado,QRES,P2P,Pix,"0,05",3
202411,PF,PF,NORTE,NORDESTE,entre 30 e 39 anos,mais de 60 anos,QRES,P2P,Pix,"1452605,61",29181
202411,PF,PF,NORTE,SUL,mais de 60 anos,entre 40 e 49 anos,QRES,P2P,Pix,"109971,02",1078
202411,PF,PF,CENTRO-OESTE,CENTRO-OESTE,Nao informado,entre 20 e 29 anos,DICT,P2P,Pix,"287,35",4
202411,PF,PJ,SUL,SUDESTE,entre 30 e 39 anos,Nao se aplica,QRES,P2B,Pix Saque,82,1
202411,PF,PF,Nao informado,NORDESTE,entre 40 e 49 anos,entre 20 e 29 anos,QRES,P2P,Pix,"41108,16",577
202411,PF,PF,NORDESTE,SUDESTE,mais de 60 anos,entre 50 e 59 anos,MANU,P2P,Pix,"7599862,34",21228
202411,PF,PF,SUL,CENTRO-OESTE,entre 20 e 29 anos,entre 20 e 29 anos,INIC,P2P,Pix,50,1
202411,PF,PF,Nao informado,NORDESTE,entre 50 e 59 anos,entre 50 e 59 anos,QRDN,P2P,Pix,"13797,41",262
202411,PF,PF,SUL,SUDESTE,entre 20 e 29 anos,entre 30 e 39 anos,QRDN,P2P,Pix,"1246652,81",37916
202411,PF,PF,NORDESTE,Nao informado,entre 20 e 29 anos,entre 30 e 39 anos,MANU,P2P,Pix,"578974,45",5458
202411,PF,PF,NORTE,SUDESTE,mais de 60 anos,mais de 60 anos,QRES,P2P,Pix,"168481,75",1244
202411,PF,PF,SUDESTE,CENTRO-OESTE,entre 30 e 39 anos,entre 30 e 39 anos,QRES,P2P,Pix,"3042642,74",50591
202411,PF,PF,SUL,CENTRO-OESTE,entre 20 e 29 anos,entre 40 e 49 anos,MANU,P2P,Pix,"2568791,03",10796
202411,PF,PF,SUL,SUL,mais de 60 anos,entre 50 e 59 anos,INIC,P2P,Pix,"10823,89",4
202411,PF,PF,Nao informado,SUL,entre 40 e 49 anos,até 19 anos,MANU,P2P,Pix,"68619,72",235
202411,PF,PF,Nao informado,Nao informado,entre 50 e 59 anos,entre 50 e 59 anos,MANU,P2P,Pix,"12652798,17",7754
202411,PF,PJ,NORDESTE,SUL,mais de 60 anos,Nao se aplica,QRES,P2B,Pix,"18344126,6",99916
202411,PJ,PF,SUL,NORTE,Nao se aplica,até 19 anos,DICT,G2P,Pix,"8771,93",46
202411,PF,PF,SUL,Nao informado,entre 30 e 39 anos,entre 40 e 49 anos,QRDN,P2P,Pix,"13215,19",143
202411,PJ,PF,NORTE,SUL,Nao se aplica,mais de 60 anos,DICT,G2P,Pix,"2084,32",2
202411,PF,PF,SUL,SUDESTE,até 19 anos,entre 30 e 39 anos,QRDN,P2P,Pix,"207669,62",8260
202411,PF,PF,NORTE,NORDESTE,até 19 anos,entre 30 e 39 anos,DICT,P2P,Pix,"6082754,02",66352
202411,PJ,PJ,SUDESTE,NORDESTE,Nao se aplica,Nao se aplica,QRES,B2G,Pix,"44177,39",76
202411,PF,PF,SUL,NORDESTE,até 19 anos,mais de 60 anos,DICT,P2P,Pix,"460619,25",5233
202411,PF,PF,SUDESTE,NORDESTE,Nao informado,entre 30 e 39 anos,DICT,P2P,Pix,"62,5",8
202411,PF,PF,CENTRO-OESTE,NORTE,entre 20 e 29 anos,entre 30 e 39 anos,Nao disponivel,P2P,Nao disponivel,"270018,45",974
202411,PF,PJ,NORTE,CENTRO-OESTE,entre 40 e 49 anos,Nao se aplica,QRDN,P2G,Pix,"22925029,49",86795
202411,PF,PJ,CENTRO-OESTE,CENTRO-OESTE,entre 40 e 49 anos,Nao se aplica,QRES,P2B,Pix,"402470898,47",2605624
202411,PF,PF,SUDESTE,SUL,entre 20 e 29 anos,entre 20 e 29 anos,Nao disponivel,P2P,Nao disponivel,"544540,56",3988
202411,PF,PF,Nao informado,CENTRO-OESTE,entre 50 e 59 anos,entre 30 e 39 anos,MANU,P2P,Pix,"244471,27",396
202411,PJ,PF,SUDESTE,SUDESTE,Nao se aplica,entre 40 e 49 anos,MANU,B2P,Pix,"8042824607,06",6510566
202411,PF,PF,SUDESTE,NORTE,entre 40 e 49 anos,entre 20 e 29 anos,MANU,P2P,Pix,"4737331,95",35277
202411,PJ,PF,SUL,Nao informado,Nao se aplica,entre 50 e 59 anos,DICT,G2P,Pix,"25697,61",20
202411,PJ,PF,NORTE,SUDESTE,Nao se aplica,entre 40 e 49 anos,DICT,B2P,Pix,"174837651,31",480053
202411,PF,PF,Nao informado,SUL,entre 50 e 59 anos,entre 20 e 29 anos,QRES,P2P,Pix,"39053,37",86
202411,PF,PF,SUL,NORDESTE,entre 30 e 39 anos,entre 50 e 59 anos,Nao disponivel,P2P,Nao disponivel,"46599,04",166
202411,PF,PJ,CENTRO-OESTE,SUL,entre 30 e 39 anos,Nao se aplica,DICT,P2G,Pix,"8577,05",24
202411,PF,PJ,NORTE,SUL,entre 40 e 49 anos,Nao se aplica,QRDN,P2B,Pix Troco,164,3
202411,PF,PF,NORTE,Nao informado,entre 50 e 59 anos,Nao informado,DICT,P2P,Pix,6608,24
202411,PF,PJ,Nao informado,SUL,mais de 60 anos,Nao se aplica,Nao disponivel,P2B,Nao disponivel,"8,5",1
202411,PJ,PJ,Nao informado,Nao informado,Nao se aplica,Nao se aplica,QRDN,B2G,Pix,"414,73",6
202411,PJ,PF,NORDESTE,SUL,Nao se aplica,entre 20 e 29 anos,DICT,B2P,Pix,"369611627,7",1996295
202411,PJ,PF,SUDESTE,SUL,Nao se aplica,mais de 60 anos,DICT,B2P,Pix,"258076032,92",615757
202411,PJ,PF,Nao informado,Nao informado,Nao se aplica,entre 30 e 39 anos,DICT,B2P,Pix,"275215,27",397
202411,PF,PF,NORTE,NORTE,entre 40 e 49 anos,mais de 60 anos,DICT,P2P,Pix,476912556,1600781
202411,PF,PJ,SUL,SUL,até 19 anos,Nao se aplica,MANU,P2B,Pix,"22665552,25",244921
202411,PF,PF,NORTE,NORDESTE,entre 40 e 49 anos,mais de 60 anos,Nao disponivel,P2P,Nao disponivel,"19835,57",76
202411,PF,PJ,SUL,NORDESTE,mais de 60 anos,Nao se aplica,QRDN,P2B,Pix Saque,"6776,22",48
202411,PF,PF,NORTE,SUL,entre 20 e 29 anos,entre 50 e 59 anos,QRES,P2P,Pix,"677286,48",23747
202411,PF,PF,Nao informado,NORTE,até 19 anos,entre 50 e 59 anos,QRDN,P2P,Pix,"565,67",49
202411,PF,PF,SUDESTE,NORTE,mais de 60 anos,entre 20 e 29 anos,QRES,P2P,Pix,"195806,58",2889
202411,PJ,PF,SUDESTE,SUDESTE,Nao se aplica,entre 50 e 59 anos,MANU,G2P,Pix,"6712866,01",3399
202411,PF,PF,Nao informado,NORDESTE,até 19 anos,mais de 60 anos,MANU,P2P,Pix,"1443,7",46
202411,PF,PJ,NORDESTE,CENTRO-OESTE,entre 50 e 59 anos,Nao se aplica,QRDN,P2B,Pix Saque,"52198,98",358
202411,PF,PF,NORTE,SUDESTE,entre 40 e 49 anos,entre 20 e 29 anos,QRES,P2P,Pix,"1422286,3",16061
202411,PF,PF,NORDESTE,Nao informado,mais de 60 anos,entre 50 e 59 anos,MANU,P2P,Pix,"67424,93",121
202411,PF,PJ,NORDESTE,CENTRO-OESTE,mais de 60 anos,Nao se aplica,Nao disponivel,P2B,Nao disponivel,"283256,58",227
202411,PF,PF,NORTE,NORDESTE,entre 30 e 39 anos,entre 50 e 59 anos,DICT,P2P,Pix,"36133381,3",128373
202411,PF,PF,NORTE,NORDESTE,entre 30 e 39 anos,entre 40 e 49 anos,Nao disponivel,P2P,Nao disponivel,"137852,94",564
202411,PF,PJ,NORDESTE,SUDESTE,entre 30 e 39 anos,Nao se aplica,DICT,P2G,Pix,"65723,94",256
202411,PF,PF,NORTE,CENTRO-OESTE,até 19 anos,entre 50 e 59 anos,QRDN,P2P,Pix,"145692,64",8039
202411,PF,PF,SUL,NORTE,entre 30 e 39 anos,até 19 anos,QRES,P2P,Pix,"108369,56",1690
202411,PF,PJ,NORTE,SUDESTE,entre 30 e 39 anos,Nao se aplica,QRDN,P2B,Pix Troco,90,1
202411,PF,PF,SUDESTE,Nao informado,entre 50 e 59 anos,até 19 anos,QRDN,P2P,Pix,"38,56",1
202411,PF,PJ,CENTRO-OESTE,SUL,mais de 60 anos,Nao se aplica,MANU,P2B,Pix,"31042434,23",2689
202411,PF,PJ,NORDESTE,SUL,entre 50 e 59 anos,Nao se aplica,INIC,P2B,Pix,"13198,81",66
202411,PF,PF,NORTE,NORTE,entre 50 e 59 anos,entre 20 e 29 anos,QRDN,P2P,Pix,"6968024,02",207040
202411,PJ,PJ,NORDESTE,SUDESTE,Nao se aplica,Nao se aplica,QRES,B2B,Pix,"843916924,74",614540
202411,PF,PJ,SUDESTE,SUDESTE,entre 40 e 49 anos,Nao se aplica,MANU,P2B,Pix Saque,"3447,03",21
202411,PF,PF,NORTE,Nao informado,entre 50 e 59 anos,entre 40 e 49 anos,DICT,P2P,Pix,"906253,53",3402
202411,PJ,PF,SUL,SUL,Nao se aplica,entre 40 e 49 anos,QRDN,B2P,Pix,"7456728,64",83539
202411,PF,PF,NORDESTE,NORTE,até 19 anos,entre 40 e 49 anos,QRDN,P2P,Pix,"265116,92",15377
202411,PF,PF,Nao informado,NORDESTE,entre 50 e 59 anos,entre 40 e 49 anos,QRES,P2P,Pix,"45125,02",538
202411,PF,PJ,NORTE,NORTE,entre 40 e 49 anos,Nao se aplica,QRES,P2G,Pix,"320894,16",3066
202411,PJ,PF,Nao informado,SUDESTE,Nao se aplica,mais de 60 anos,DICT,B2P,Pix,"1158299,28",858
202411,PF,PF,SUDESTE,SUDESTE,até 19 anos,entre 50 e 59 anos,QRES,P2P,Pix,"16942001,89",815973
202411,PF,PF,CENTRO-OESTE,CENTRO-OESTE,até 19 anos,entre 50 e 59 anos,QRES,P2P,Pix,"4220671,09",195107
202411,PF,PF,CENTRO-OESTE,NORDESTE,entre 40 e 49 anos,entre 30 e 39 anos,INIC,P2P,Pix,2,1
202411,PF,PF,SUL,NORDESTE,entre 50 e 59 anos,mais de 60 anos,Nao disponivel,P2P,Nao disponivel,"3252,61",37
202411,PF,PF,NORTE,SUL,mais de 60 anos,entre 30 e 39 anos,MANU,P2P,Pix,"1044484,66",4038
202411,PF,PJ,SUDESTE,SUL,mais de 60 anos,Nao se aplica,MANU,P2G,Pix,"72196,66",9
202411,PF,PF,Nao informado,SUDESTE,Nao informado,entre 20 e 29 anos,QRDN,P2P,Pix,77,4
202411,PF,PF,CENTRO-OESTE,NORDESTE,até 19 anos,até 19 anos,QRDN,P2P,Pix,"20313,46",888
202411,PF,PJ,SUDESTE,SUL,entre 30 e 39 anos,Nao se aplica,DICT,P2B,Pix,"370504939,84",397750
202411,PF,PF,NORTE,NORDESTE,mais de 60 anos,entre 40 e 49 anos,DICT,P2P,Pix,"23038512,48",58363
202411,PF,PF,SUL,SUL,entre 50 e 59 anos,até 19 anos,MANU,P2P,Pix,"22771275,59",203086
202411,PF,PF,NORTE,Nao informado,entre 30 e 39 anos,entre 50 e 59 anos,QRDN,P2P,Pix,"10911,46",294
202411,PF,PF,SUDESTE,CENTRO-OESTE,entre 20 e 29 anos,até 19 anos,DICT,P2P,Pix,"7495404,54",74662
202411,PJ,PF,CENTRO-OESTE,CENTRO-OESTE,Nao se aplica,mais de 60 anos,DICT,B2P,Pix,"1524130073,61",842104
202411,PF,PJ,NORDESTE,Nao informado,entre 30 e 39 anos,Nao se aplica,DICT,P2B,Pix,"321308,13",507
202411,PF,PJ,NORTE,SUDESTE,entre 40 e 49 anos,Nao se aplica,INIC,P2B,Pix,"1689,83",159
202411,PJ,PF,SUDESTE,NORDESTE,Nao se aplica,entre 40 e 49 anos,DICT,G2P,Pix,"149113,29",154
202411,PF,PF,SUL,CENTRO-OESTE,mais de 60 anos,entre 50 e 59 anos,Nao disponivel,P2P,Nao disponivel,2765,18
202411,PF,PF,SUDESTE,SUL,entre 40 e 49 anos,entre 20 e 29 anos,QRDN,P2P,Pix,"598592,14",15906
202411,PJ,PF,Nao informado,NORTE,Nao se aplica,entre 30 e 39 anos,Nao disponivel,B2P,Nao disponivel,"57,4",1
202411,PJ,PJ,SUL,CENTRO-OESTE,Nao se aplica,Nao se aplica,QRDN,G2G,Pix,"1451575,87",138
202411,PJ,PF,Nao informado,CENTRO-OESTE,Nao se aplica,entre 30 e 39 anos,QRDN,B2P,Pix,"1584,71",24
202411,PF,PF,NORTE,CENTRO-OESTE,entre 30 e 39 anos,entre 50 e 59 anos,Nao disponivel,P2P,Nao disponivel,"153563,98",225
202411,PJ,PJ,SUL,SUDESTE,Nao se aplica,Nao se aplica,QRDN,G2B,Pix,"373155,67",250
202411,PF,PF,NORDESTE,Nao informado,até 19 anos,entre 50 e 59 anos,Nao disponivel,P2P,Nao disponivel,"10,5",2
202411,PF,PJ,CENTRO-OESTE,CENTRO-OESTE,até 19 anos,Nao se aplica,QRES,P2G,Pix,"74655,82",1008
202411,PF,PF,NORTE,SUL,mais de 60 anos,entre 30 e 39 anos,DICT,P2P,Pix,"11767138,8",24268
202411,PF,PF,SUDESTE,NORTE,mais de 60 anos,entre 40 e 49 anos,MANU,P2P,Pix,"6001258,4",6336
202411,PF,PJ,NORDESTE,NORTE,mais de 60 anos,Nao se aplica,Nao disponivel,P2B,Nao disponivel,"11522,49",9
202411,PJ,PF,NORDESTE,CENTRO-OESTE,Nao se aplica,entre 20 e 29 anos,Nao disponivel,B2P,Nao disponivel,"652193,89",14220
202411,PJ,PF,NORDESTE,CENTRO-OESTE,Nao se aplica,entre 50 e 59 anos,MANU,B2P,Pix,"27089206,57",19707
202411,PJ,PF,NORDESTE,NORTE,Nao se aplica,entre 30 e 39 anos,MANU,G2P,Pix,"48920,32",25
202411,PF,PJ,SUDESTE,CENTRO-OESTE,entre 40 e 49 anos,Nao se aplica,QRES,P2G,Pix,"19962,38",220
202411,PF,PF,NORTE,SUDESTE,entre 40 e 49 anos,Nao informado,DICT,P2P,Pix,10,1
202411,PF,PF,SUL,SUDESTE,entre 40 e 49 anos,entre 30 e 39 anos,MANU,P2P,Pix,"12780057,33",56268
202411,PF,PF,NORTE,CENTRO-OESTE,mais de 60 anos,entre 30 e 39 anos,Nao disponivel,P2P,Nao disponivel,"8949,72",35
202411,PF,PJ,NORTE,CENTRO-OESTE,entre 50 e 59 anos,Nao se aplica,QRDN,P2G,Pix,"15118700,81",47832
202411,PF,PF,Nao informado,CENTRO-OESTE,entre 20 e 29 anos,entre 50 e 59 anos,QRES,P2P,Pix,"16780,09",325
202411,PF,PF,Nao informado,CENTRO-OESTE,até 19 anos,mais de 60 anos,MANU,P2P,Pix,1937,18
202411,PF,PF,NORDESTE,SUL,entre 50 e 59 anos,mais de 60 anos,QRES,P2P,Pix,"115342,63",1673
202411,PF,PF,SUL,SUL,mais de 60 anos,entre 40 e 49 anos,QRDN,P2P,Pix,"3428586,04",41638
202411,PF,PF,NORDESTE,Nao informado,até 19 anos,até 19 anos,DICT,P2P,Pix,"20319,71",577
202411,PJ,PF,NORTE,CENTRO-OESTE,Nao se aplica,entre 30 e 39 anos,DICT,G2P,Pix,"63472,63",69
202411,PJ,PJ,SUL,SUDESTE,Nao se aplica,Nao se aplica,MANU,B2B,Pix,"13401630315,72",356351
202411,PF,PF,CENTRO-OESTE,SUDESTE,entre 40 e 49 anos,entre 40 e 49 anos,QRDN,P2P,Pix,"1071173,63",23721
202411,PF,PF,SUL,CENTRO-OESTE,entre 30 e 39 anos,entre 40 e 49 anos,QRDN,P2P,Pix,"627730,43",10054
202411,PF,PF,Nao informado,SUDESTE,entre 20 e 29 anos,entre 20 e 29 anos,QRDN,P2P,Pix,"15456,26",599
202411,PF,PJ,NORDESTE,SUDESTE,entre 20 e 29 anos,Nao se aplica,QRES,P2G,Pix,"72778,57",1103
202411,PF,PF,NORTE,CENTRO-OESTE,Nao informado,entre 30 e 39 anos,MANU,P2P,Pix,824,2
202411,PJ,PJ,NORDESTE,NORTE,Nao se aplica,Nao se aplica,MANU,B2B,Pix,"281167380,87",28287
202411,PF,PF,SUL,Nao informado,mais de 60 anos,entre 20 e 29 anos,Nao disponivel,P2P,Nao disponivel,130,2
202411,PF,PF,SUDESTE,SUL,mais de 60 anos,entre 20 e 29 anos,Nao disponivel,P2P,Nao disponivel,"25981,04",158
202411,PF,PF,NORTE,NORDESTE,entre 30 e 39 anos,entre 40 e 49 anos,QRDN,P2P,Pix,"2105257,14",61362
202411,PJ,PF,NORTE,SUDESTE,Nao se aplica,entre 20 e 29 anos,Nao disponivel,B2P,Nao disponivel,"124228,49",449
202411,PF,PF,Nao informado,CENTRO-OESTE,entre 50 e 59 anos,entre 50 e 59 anos,QRES,P2P,Pix,"12624,98",127
202411,PF,PF,NORDESTE,NORTE,até 19 anos,até 19 anos,Nao disponivel,P2P,Nao disponivel,"31357,15",2124
202411,PJ,PF,NORDESTE,SUDESTE,Nao se aplica,entre 50 e 59 anos,MANU,G2P,Pix,"364393,28",91
202411,PF,PJ,SUL,SUL,até 19 anos,Nao se aplica,Nao disponivel,P2B,Nao disponivel,"1189810,48",2907
202411,PJ,PF,SUL,CENTRO-OESTE,Nao se aplica,entre 40 e 49 anos,Nao disponivel,B2P,Nao disponivel,"4012671,67",9022
202411,PF,PF,NORTE,SUL,entre 20 e 29 anos,entre 30 e 39 anos,QRES,P2P,Pix,"1552937,57",39483
202411,PJ,PJ,CENTRO-OESTE,NORDESTE,Nao se aplica,Nao se aplica,Nao disponivel,B2G,Nao disponivel,"679,73",1
202411,PF,PF,Nao informado,CENTRO-OESTE,entre 40 e 49 anos,entre 50 e 59 anos,MANU,P2P,Pix,"834263,25",420
202411,PF,PJ,NORDESTE,NORDESTE,entre 40 e 49 anos,Nao se aplica,QRES,P2B,Pix Saque,"67027,81",323
202411,PF,PJ,CENTRO-OESTE,CENTRO-OESTE,mais de 60 anos,Nao se aplica,DICT,P2B,Pix,"1406712678,35",1134920
202411,PF,PF,CENTRO-OESTE,NORDESTE,mais de 60 anos,entre 30 e 39 anos,QRES,P2P,Pix,"630811,4",7439
202411,PF,PF,CENTRO-OESTE,NORDESTE,entre 50 e 59 anos,mais de 60 anos,QRDN,P2P,Pix,"150469,28",3321
202411,PF,PF,SUDESTE,SUDESTE,até 19 anos,entre 50 e 59 anos,MANU,P2P,Pix,"73110677,67",768343
202411,PF,PF,Nao informado,CENTRO-OESTE,até 19 anos,entre 40 e 49 anos,MANU,P2P,Pix,"3428,01",33
202411,PF,PF,NORTE,SUDESTE,até 19 anos,Nao informado,DICT,P2P,Pix,110,1
202411,PJ,PF,SUDESTE,SUDESTE,Nao se aplica,até 19 anos,MANU,G2P,Pix,"448508,55",573
202411,PF,PF,Nao informado,NORDESTE,até 19 anos,até 19 anos,DICT,P2P,Pix,"22212,85",705
202411,PF,PF,NORTE,NORDESTE,entre 50 e 59 anos,Nao informado,QRES,P2P,Pix,11,2
202411,PF,PF,SUL,Nao informado,entre 40 e 49 anos,entre 20 e 29 anos,QRES,P2P,Pix,"64788,97",469
202411,PF,PF,NORDESTE,NORDESTE,entre 20 e 29 anos,entre 40 e 49 anos,QRES,P2P,Pix,"184005026,08",5980425
202411,PF,PF,Nao informado,NORDESTE,até 19 anos,entre 50 e 59 anos,MANU,P2P,Pix,"3591,81",90
202411,PJ,PF,NORTE,SUL,Nao se aplica,entre 40 e 49 anos,QRES,B2P,Pix,"183487,67",908
202411,PF,PF,CENTRO-OESTE,CENTRO-OESTE,entre 50 e 59 anos,entre 50 e 59 anos,Nao disponivel,P2P,Nao disponivel,"5493985,14",5227
202411,PF,PF,CENTRO-OESTE,SUL,entre 50 e 59 anos,mais de 60 anos,QRDN,P2P,Pix,"40379,62",887
202411,PF,PJ,SUL,NORDESTE,entre 30 e 39 anos,Nao se aplica,DICT,P2B,Pix,"47710173,54",63415
202411,PF,PF,CENTRO-OESTE,NORTE,Nao informado,entre 20 e 29 anos,DICT,P2P,Pix,415,7
202411,PF,PF,NORTE,CENTRO-OESTE,entre 40 e 49 anos,entre 30 e 39 anos,DICT,P2P,Pix,"58709085,17",185669
202411,PJ,PJ,SUL,CENTRO-OESTE,Nao se aplica,Nao se aplica,DICT,B2B,Pix,"1061759533,22",136873
202411,PF,PJ,NORDESTE,NORTE,entre 30 e 39 anos,Nao se aplica,MANU,P2B,Pix,"9822486,03",24828
202411,PJ,PF,SUL,CENTRO-OESTE,Nao se aplica,entre 20 e 29 anos,Nao disponivel,B2P,Nao disponivel,"4240592,61",18754
202411,PF,PF,SUDESTE,NORTE,entre 40 e 49 anos,entre 50 e 59 anos,MANU,P2P,Pix,"3286666,35",10539
202411,PJ,PF,SUDESTE,Nao informado,Nao se aplica,entre 30 e 39 anos,MANU,G2P,Pix,"18139,25",3
202411,PF,PF,CENTRO-OESTE,Nao informado,entre 30 e 39 anos,mais de 60 anos,MANU,P2P,Pix,"170667,19",204
202411,PF,PF,NORTE,Nao informado,mais de 60 anos,entre 30 e 39 anos,Nao disponivel,P2P,Nao disponivel,185,3
202411,PF,PF,SUL,SUL,até 19 anos,mais de 60 anos,MANU,P2P,Pix,"9882339,15",98988
202411,PF,PJ,NORDESTE,Nao informado,entre 30 e 39 anos,Nao se aplica,MANU,P2B,Pix,"32079,07",77
202411,PF,PF,NORDESTE,CENTRO-OESTE,entre 40 e 49 anos,entre 30 e 39 anos,Nao disponivel,P2P,Nao disponivel,"124488,26",582
202411,PF,PJ,NORDESTE,CENTRO-OESTE,entre 30 e 39 anos,Nao se aplica,INIC,P2B,Pix,"27955,46",88
202411,PF,PF,NORDESTE,CENTRO-OESTE,entre 20 e 29 anos,entre 40 e 49 anos,Nao disponivel,P2P,Nao disponivel,"197942,7",1156
202411,PF,PF,SUDESTE,SUDESTE,entre 30 e 39 anos,entre 40 e 49 anos,DICT,P2P,Pix,"7072663871,77",27050311
202411,PF,PF,SUDESTE,CENTRO-OESTE,até 19 anos,até 19 anos,Nao disponivel,P2P,Nao disponivel,"61417,75",2999
202411,PF,PJ,NORTE,CENTRO-OESTE,entre 30 e 39 anos,Nao se aplica,DICT,P2G,Pix,"13020,73",12
202411,PF,PJ,SUDESTE,SUDESTE,entre 20 e 29 anos,Nao se aplica,Nao disponivel,P2B,Nao disponivel,"37335315,39",40574
202411,PF,PF,NORDESTE,NORDESTE,entre 50 e 59 anos,entre 20 e 29 anos,QRES,P2P,Pix,"43469708,55",686501
202411,PF,PF,NORTE,CENTRO-OESTE,entre 20 e 29 anos,até 19 anos,QRES,P2P,Pix,"189330,64",4758
202411,PF,PJ,NORTE,NORDESTE,entre 40 e 49 anos,Nao se aplica,QRES,P2G,Pix,"4949,45",108
202411,PF,PF,Nao informado,NORDESTE,entre 50 e 59 anos,entre 50 e 59 anos,MANU,P2P,Pix,"362617,95",797
202411,PF,PJ,Nao informado,CENTRO-OESTE,entre 40 e 49 anos,Nao se aplica,QRES,P2B,Pix,"361476,65",1811
202411,PF,PF,NORDESTE,Nao informado,até 19 anos,entre 40 e 49 anos,DICT,P2P,Pix,"135543,34",1020
202411,PF,PF,NORDESTE,CENTRO-OESTE,entre 50 e 59 anos,entre 50 e 59 anos,QRDN,P2P,Pix,"199908,83",6109
202411,PF,PF,NORDESTE,Nao informado,entre 20 e 29 anos,mais de 60 anos,QRES,P2P,Pix,"14850,13",867
202411,PF,PF,NORTE,NORDESTE,entre 30 e 39 anos,Nao informado,QRES,P2P,Pix,161,16
202411,PF,PF,NORTE,NORTE,entre 40 e 49 anos,entre 50 e 59 anos,MANU,P2P,Pix,"145724563,09",868071
202411,PF,PF,Nao informado,CENTRO-OESTE,mais de 60 anos,mais de 60 anos,QRES,P2P,Pix,"3705,03",32
202411,PF,PF,NORDESTE,CENTRO-OESTE,mais de 60 anos,entre 50 e 59 anos,Nao disponivel,P2P,Nao disponivel,"5683,44",48
202411,PF,PF,CENTRO-OESTE,NORDESTE,entre 40 e 49 anos,entre 40 e 49 anos,MANU,P2P,Pix,"13434588,09",61459
202411,PF,PF,NORTE,Nao informado,entre 40 e 49 anos,mais de 60 anos,QRES,P2P,Pix,"8136,7",353
202411,PF,PF,SUDESTE,SUDESTE,entre 30 e 39 anos,entre 30 e 39 anos,DICT,P2P,Pix,"35239934777,2",85809743
202411,PF,PF,Nao informado,SUL,mais de 60 anos,entre 50 e 59 anos,Nao disponivel,P2P,Nao disponivel,315,2
202411,PF,PJ,CENTRO-OESTE,NORTE,entre 50 e 59 anos,Nao se aplica,MANU,P2B,Pix,"10111147,97",4947
202411,PF,PF,SUL,CENTRO-OESTE,mais de 60 anos,mais de 60 anos,MANU,P2P,Pix,"3204722,18",1455
202411,PF,PF,Nao informado,Nao informado,até 19 anos,até 19 anos,Nao disponivel,P2P,Nao disponivel,"187,37",12
202411,PF,PF,SUDESTE,NORDESTE,até 19 anos,até 19 anos,QRES,P2P,Pix,"337384,3",27668
202411,PJ,PF,Nao informado,NORDESTE,Nao se aplica,mais de 60 anos,Nao disponivel,B2P,Nao disponivel,"694,9",3
202411,PF,PF,SUL,NORTE,até 19 anos,até 19 anos,Nao disponivel,P2P,Nao disponivel,"12649,46",827
202411,PJ,PF,NORDESTE,NORDESTE,Nao se aplica,entre 20 e 29 anos,QRES,G2P,Pix,"138,12",7
202411,PF,PF,CENTRO-OESTE,SUL,entre 40 e 49 anos,entre 40 e 49 anos,MANU,P2P,Pix,"6332896,25",13946
202411,PF,PF,NORDESTE,CENTRO-OESTE,entre 20 e 29 anos,entre 40 e 49 anos,QRES,P2P,Pix,"3712685,88",114729
202411,PF,PF,SUL,SUL,até 19 anos,entre 40 e 49 anos,INIC,P2P,Pix,1000,1
202411,PF,PJ,CENTRO-OESTE,SUDESTE,entre 20 e 29 anos,Nao se aplica,QRDN,P2G,Pix,"520658,99",2072
202411,PF,PJ,SUL,NORDESTE,até 19 anos,Nao se aplica,MANU,P2B,Pix,"131282,14",694
202411,PF,PF,CENTRO-OESTE,CENTRO-OESTE,entre 30 e 39 anos,até 19 anos,Nao disponivel,P2P,Nao disponivel,"452947,91",4509
202411,PF,PF,SUDESTE,NORTE,entre 50 e 59 anos,entre 50 e 59 anos,Nao disponivel,P2P,Nao disponivel,"45163,47",81
202411,PF,PJ,NORTE,CENTRO-OESTE,entre 30 e 39 anos,Nao se aplica,DICT,P2B,Pix,"118038829,68",156267
202411,PF,PJ,Nao informado,NORTE,entre 50 e 59 anos,Nao se aplica,QRES,P2B,Pix,"77693,04",486
202411,PF,PF,SUDESTE,Nao informado,mais de 60 anos,entre 20 e 29 anos,QRES,P2P,Pix,"30663,82",128
202411,PF,PF,Nao informado,CENTRO-OESTE,entre 30 e 39 anos,entre 50 e 59 anos,Nao disponivel,P2P,Nao disponivel,1877,14
202411,PF,PF,NORDESTE,Nao informado,entre 40 e 49 anos,entre 30 e 39 anos,QRDN,P2P,Pix,"10394,79",213
202411,PF,PF,Nao informado,Nao informado,entre 40 e 49 anos,até 19 anos,QRES,P2P,Pix,2411,20
202411,PF,PJ,NORTE,NORTE,entre 40 e 49 anos,Nao se aplica,INIC,P2B,Pix,1032,3
202411,PJ,PF,Nao informado,SUDESTE,Nao se aplica,entre 40 e 49 anos,QRES,B2P,Pix,"27974,84",85
202411,PF,PJ,NORDESTE,SUDESTE,mais de 60 anos,Nao se aplica,QRDN,P2B,Pix Saque,"157502,52",623
202411,PF,PJ,Nao informado,NORDESTE,entre 50 e 59 anos,Nao se aplica,DICT,P2B,Pix,"3716175,48",2063
202411,PJ,PF,NORTE,NORTE,Nao se aplica,entre 30 e 39 anos,QRDN,B2P,Pix,"7236985,89",111857
202411,PF,PF,Nao informado,SUDESTE,entre 40 e 49 anos,entre 20 e 29 anos,QRDN,P2P,Pix,"24076,8",477
202411,PF,PJ,NORTE,CENTRO-OESTE,entre 40 e 49 anos,Nao se aplica,Nao disponivel,P2B,Nao disponivel,"163674,89",245
202411,PF,PF,NORTE,NORDESTE,entre 40 e 49 anos,entre 20 e 29 anos,DICT,P2P,Pix,"50248766,73",264380
202411,PF,PF,NORTE,SUDESTE,entre 40 e 49 anos,entre 40 e 49 anos,QRDN,P2P,Pix,"727183,19",18406
202411,PF,PJ,NORTE,NORTE,entre 30 e 39 anos,Nao se aplica,QRES,P2B,Pix Saque,"6364,68",19
202411,PF,PJ,NORDESTE,NORTE,entre 20 e 29 anos,Nao se aplica,QRDN,P2B,Pix Saque,"35810,86",163
202411,PF,PF,NORDESTE,SUL,entre 30 e 39 anos,entre 30 e 39 anos,DICT,P2P,Pix,"60920803,66",276665
202411,PJ,PJ,Nao informado,SUDESTE,Nao se aplica,Nao se aplica,QRDN,B2G,Pix,"52219,7",58
202411,PF,PF,NORDESTE,CENTRO-OESTE,mais de 60 anos,entre 30 e 39 anos,DICT,P2P,Pix,"28537000,13",63239
202411,PF,PJ,NORTE,SUL,mais de 60 anos,Nao se aplica,QRDN,P2G,Pix,"177849,8",192
202411,PF,PF,NORDESTE,NORDESTE,entre 50 e 59 anos,mais de 60 anos,Nao disponivel,P2P,Nao disponivel,"1616653,9",4111
202411,PF,PJ,CENTRO-OESTE,NORDESTE,entre 40 e 49 anos,Nao se aplica,DICT,P2G,Pix,"4974,18",22
202411,PJ,PF,NORDESTE,Nao informado,Nao se aplica,entre 30 e 39 anos,Nao disponivel,B2P,Nao disponivel,"7296,02",74
202411,PF,PF,NORDESTE,NORTE,entre 20 e 29 anos,mais de 60 anos,QRDN,P2P,Pix,"361415,01",15713
202411,PF,PF,NORDESTE,NORTE,até 19 anos,mais de 60 anos,Nao disponivel,P2P,Nao disponivel,"17811,44",88
202411,PF,PF,Nao informado,NORTE,entre 40 e 49 anos,entre 30 e 39 anos,QRES,P2P,Pix,"42233,65",717
202411,PF,PF,NORDESTE,SUL,até 19 anos,até 19 anos,QRDN,P2P,Pix,"7122,7",427
202411,PF,PF,Nao informado,NORDESTE,mais de 60 anos,entre 50 e 59 anos,DICT,P2P,Pix,"1902375,2",1859
202411,PF,PF,SUL,NORDESTE,até 19 anos,entre 30 e 39 anos,QRES,P2P,Pix,"198469,31",7988
202411,PF,PF,CENTRO-OESTE,NORTE,entre 20 e 29 anos,até 19 anos,DICT,P2P,Pix,"5258337,84",53641
202411,PF,PF,CENTRO-OESTE,NORDESTE,até 19 anos,entre 50 e 59 anos,Nao disponivel,P2P,Nao disponivel,"15326,11",197
202411,PJ,PF,SUL,SUL,Nao se aplica,entre 20 e 29 anos,Nao disponivel,B2P,Nao disponivel,"14694143,34",92235
202411,PF,PF,SUDESTE,NORDESTE,entre 40 e 49 anos,até 19 anos,DICT,P2P,Pix,"33394657,16",306973
202411,PF,PF,Nao informado,NORTE,Nao informado,entre 50 e 59 anos,DICT,P2P,Pix,"1083,77",23
202411,PF,PF,Nao informado,SUL,entre 30 e 39 anos,mais de 60 anos,DICT,P2P,Pix,"1888238,8",2798
202411,PF,PF,SUL,Nao informado,entre 20 e 29 anos,entre 40 e 49 anos,QRDN,P2P,Pix,"16810,46",111
202411,PF,PF,NORTE,Nao informado,mais de 60 anos,entre 30 e 39 anos,QRDN,P2P,Pix,"2423,5",38
202411,PJ,PF,SUL,SUDESTE,Nao se aplica,até 19 anos,DICT,G2P,Pix,"11814,47",63
202411,PF,PJ,Nao informado,NORDESTE,entre 20 e 29 anos,Nao se aplica,QRDN,P2B,Pix Saque,"7168,9",23
202411,PF,PJ,Nao informado,CENTRO-OESTE,Nao informado,Nao se aplica,QRDN,P2B,Pix,"829,4",27
202411,PJ,PJ,SUL,SUL,Nao se aplica,Nao se aplica,Nao disponivel,G2G,Nao disponivel,"14272,03",4
202411,PJ,PF,SUL,NORTE,Nao se aplica,mais de 60 anos,MANU,G2P,Pix,"6603,04",4
202411,PF,PF,NORDESTE,NORDESTE,entre 30 e 39 anos,entre 30 e 39 anos,MANU,P2P,Pix,"5800090400,84",23892411
202411,PF,PJ,NORDESTE,NORTE,entre 20 e 29 anos,Nao se aplica,MANU,P2G,Pix,"524,24",5
202411,PJ,PF,SUDESTE,CENTRO-OESTE,Nao se aplica,até 19 anos,Nao disponivel,B2P,Nao disponivel,"6112216,05",120019
202411,PF,PJ,CENTRO-OESTE,CENTRO-OESTE,entre 50 e 59 anos,Nao se aplica,Nao disponivel,P2B,Nao disponivel,"2370461,05",1677
202411,PF,PF,NORTE,NORDESTE,até 19 anos,entre 20 e 29 anos,QRES,P2P,Pix,"443926,86",22228
202411,PF,PF,SUDESTE,SUL,entre 40 e 49 anos,mais de 60 anos,QRES,P2P,Pix,"702885,3",10932
202411,PF,PJ,SUDESTE,NORTE,entre 20 e 29 anos,Nao se aplica,MANU,P2B,Pix,"3655044,65",5525
202411,PF,PF,SUDESTE,SUDESTE,até 19 anos,entre 30 e 39 anos,QRES,P2P,Pix,"30070193,43",1028624
202411,PF,PF,Nao informado,CENTRO-OESTE,entre 20 e 29 anos,entre 50 e 59 anos,Nao disponivel,P2P,Nao disponivel,870,4
202411,PF,PF,NORTE,NORTE,entre 40 e 49 anos,mais de 60 anos,MANU,P2P,Pix,"100928560,33",443606
202411,PF,PF,CENTRO-OESTE,CENTRO-OESTE,entre 20 e 29 anos,mais de 60 anos,QRDN,P2P,Pix,"6402412,79",245140
202411,PF,PF,NORDESTE,SUL,até 19 anos,até 19 anos,DICT,P2P,Pix,"1399329,4",55563
202411,PF,PF,NORDESTE,NORDESTE,entre 50 e 59 anos,até 19 anos,QRES,P2P,Pix,"4699778,76",85922
202411,PF,PF,Nao informado,NORTE,entre 30 e 39 anos,entre 50 e 59 anos,Nao disponivel,P2P,Nao disponivel,"630,03",5
202411,PF,PF,CENTRO-OESTE,CENTRO-OESTE,entre 40 e 49 anos,entre 40 e 49 anos,QRES,P2P,Pix,"148074163,61",795897
202411,PF,PF,SUDESTE,Nao informado,entre 50 e 59 anos,entre 50 e 59 anos,DICT,P2P,Pix,"4810468,04",4050
202411,PF,PF,NORDESTE,NORDESTE,entre 20 e 29 anos,Nao informado,DICT,P2P,Pix,"10652,01",219
202411,PF,PF,SUL,NORTE,entre 50 e 59 anos,até 19 anos,DICT,P2P,Pix,"1297976,73",9407
202411,PF,PF,Nao informado,NORDESTE,entre 20 e 29 anos,entre 30 e 39 anos,DICT,P2P,Pix,"2849113,27",10878
202411,PF,PF,NORTE,CENTRO-OESTE,entre 20 e 29 anos,entre 20 e 29 anos,MANU,P2P,Pix,"11347895,56",85838
202411,PF,PF,NORDESTE,NORDESTE,entre 20 e 29 anos,mais de 60 anos,QRDN,P2P,Pix,"26554746,42",1170079
202411,PF,PJ,CENTRO-OESTE,SUL,entre 50 e 59 anos,Nao se aplica,QRDN,P2G,Pix,"769662,27",764
202411,PF,PJ,NORTE,SUL,entre 40 e 49 anos,Nao se aplica,QRES,P2B,Pix,27309900,188945
202411,PF,PF,SUL,Nao informado,entre 20 e 29 anos,até 19 anos,DICT,P2P,Pix,"103029,06",498
202411,PF,PF,NORDESTE,SUDESTE,entre 20 e 29 anos,Nao informado,DICT,P2P,Pix,300,6
202411,PF,PJ,SUDESTE,SUL,entre 20 e 29 anos,Nao se aplica,DICT,P2B,Pix,"177785596,94",264906
202411,PJ,PF,NORDESTE,CENTRO-OESTE,Nao se aplica,mais de 60 anos,DICT,G2P,Pix,"315514,29",27
202411,PJ,PJ,SUDESTE,CENTRO-OESTE,Nao se aplica,Nao se aplica,QRDN,G2B,Pix,"96594919,09",1925
202411,PF,PF,CENTRO-OESTE,SUL,até 19 anos,até 19 anos,QRDN,P2P,Pix,"4527,1",198
202411,PF,PJ,Nao informado,Nao informado,entre 20 e 29 anos,Nao se aplica,DICT,P2B,Pix,"127793,49",687
202411,PF,PF,Nao informado,CENTRO-OESTE,entre 30 e 39 anos,até 19 anos,Nao disponivel,P2P,Nao disponivel,4,1
202411,PJ,PF,CENTRO-OESTE,CENTRO-OESTE,Nao se aplica,entre 30 e 39 anos,QRDN,B2P,Pix,"8431248,65",113859
202411,PF,PF,NORDESTE,NORDESTE,mais de 60 anos,entre 20 e 29 anos,DICT,P2P,Pix,"994060552,73",3911273
202411,PF,PF,NORTE,NORTE,entre 30 e 39 anos,mais de 60 anos,MANU,P2P,Pix,"112172512,23",527242
202411,PF,PF,SUDESTE,SUL,até 19 anos,até 19 anos,DICT,P2P,Pix,"3415541,89",113228
202411,PF,PJ,SUDESTE,SUL,entre 50 e 59 anos,Nao se aplica,QRES,P2B,Pix Saque,400,3
202411,PF,PF,CENTRO-OESTE,SUDESTE,entre 30 e 39 anos,entre 40 e 49 anos,MANU,P2P,Pix,"16610106,25",53456
202411,PF,PF,SUL,NORTE,até 19 anos,mais de 60 anos,QRES,P2P,Pix,"15723,73",973
202411,PF,PF,Nao informado,NORDESTE,até 19 anos,entre 40 e 49 anos,QRES,P2P,Pix,"5178,11",353
202411,PF,PF,NORDESTE,NORDESTE,entre 40 e 49 anos,entre 20 e 29 anos,QRDN,P2P,Pix,"56952017,58",1615629
202411,PF,PJ,NORDESTE,NORDESTE,entre 30 e 39 anos,Nao se aplica,MANU,P2B,Pix Saque,8530,32
202411,PF,PF,Nao informado,NORTE,mais de 60 anos,entre 30 e 39 anos,DICT,P2P,Pix,"373010,11",1069
202411,PF,PF,NORDESTE,Nao informado,entre 30 e 39 anos,entre 50 e 59 anos,MANU,P2P,Pix,"406246,37",871
202411,PF,PF,NORTE,CENTRO-OESTE,até 19 anos,entre 50 e 59 anos,DICT,P2P,Pix,"2492286,3",18940
202411,PF,PF,SUL,NORTE,mais de 60 anos,entre 40 e 49 anos,MANU,P2P,Pix,"1227205,62",2464
202411,PF,PJ,SUDESTE,NORDESTE,mais de 60 anos,Nao se aplica,Nao disponivel,P2B,Nao disponivel,"305244,23",143
202411,PJ,PJ,SUL,SUDESTE,Nao se aplica,Nao se aplica,QRDN,G2G,Pix,"2418,78",10
202411,PF,PF,Nao informado,CENTRO-OESTE,entre 30 e 39 anos,mais de 60 anos,QRES,P2P,Pix,"17161,59",218
202411,PF,PF,CENTRO-OESTE,Nao informado,entre 30 e 39 anos,entre 20 e 29 anos,MANU,P2P,Pix,"238023,73",1599
202411,PF,PF,CENTRO-OESTE,NORDESTE,até 19 anos,até 19 anos,MANU,P2P,Pix,"659865,81",16870
202411,PJ,PJ,SUL,SUL,Nao se aplica,Nao se aplica,DICT,B2G,Pix,"9456819,67",2198
202411,PF,PF,Nao informado,NORTE,entre 30 e 39 anos,entre 20 e 29 anos,DICT,P2P,Pix,"2427691,43",12379
202411,PF,PF,SUL,SUL,entre 50 e 59 anos,entre 30 e 39 anos,MANU,P2P,Pix,"137690931,65",578635
202411,PF,PJ,SUDESTE,SUDESTE,entre 30 e 39 anos,Nao se aplica,QRDN,P2B,Pix Saque,"17394870,65",87674
202411,PF,PF,SUDESTE,SUL,entre 50 e 59 anos,entre 40 e 49 anos,DICT,P2P,Pix,"69181996,14",163665
202411,PF,PF,SUL,CENTRO-OESTE,até 19 anos,entre 20 e 29 anos,QRES,P2P,Pix,"121273,16",4713
202411,PJ,PF,SUL,SUDESTE,Nao se aplica,entre 30 e 39 anos,QRDN,B2P,Pix,"1535849,93",12708
202411,PJ,PJ,Nao informado,NORDESTE,Nao se aplica,Nao se aplica,Nao disponivel,B2B,Nao disponivel,"807,25",2
202411,PF,PF,SUDESTE,Nao informado,entre 20 e 29 anos,até 19 anos,MANU,P2P,Pix,"13757,76",81
202411,PF,PJ,SUL,SUDESTE,entre 50 e 59 anos,Nao se aplica,INIC,P2B,Pix,"21587,64",1623
202411,PJ,PF,CENTRO-OESTE,NORDESTE,Nao se aplica,entre 20 e 29 anos,MANU,G2P,Pix,"1315958,96",1341
202411,PF,PF,CENTRO-OESTE,SUDESTE,mais de 60 anos,até 19 anos,QRDN,P2P,Pix,"13898,03",203
202411,PF,PF,NORTE,NORTE,mais de 60 anos,mais de 60 anos,Nao disponivel,P2P,Nao disponivel,"895876,17",1198
202411,PF,PJ,NORTE,CENTRO-OESTE,entre 50 e 59 anos,Nao se aplica,QRDN,P2B,Pix,"26094893,37",205323
202411,PF,PJ,SUL,SUL,entre 30 e 39 anos,Nao se aplica,Nao disponivel,P2G,Nao disponivel,"4890,77",27
202411,PF,PF,NORDESTE,NORDESTE,entre 50 e 59 anos,entre 50 e 59 anos,INIC,P2P,Pix,"2135818,63",3681
202411,PF,PJ,CENTRO-OESTE,SUL,entre 50 e 59 anos,Nao se aplica,QRES,P2G,Pix,"3236,92",28
202411,PJ,PF,NORDESTE,Nao informado,Nao se aplica,Nao informado,Nao disponivel,B2P,Nao disponivel,"40,15",5
202411,PF,PF,CENTRO-OESTE,SUL,entre 50 e 59 anos,entre 30 e 39 anos,Nao disponivel,P2P,Nao disponivel,"143429,34",71
202411,PF,PJ,NORTE,CENTRO-OESTE,entre 50 e 59 anos,Nao se aplica,QRES,P2G,Pix,"7696,91",114
202411,PF,PJ,NORTE,SUDESTE,mais de 60 anos,Nao se aplica,QRDN,P2B,Pix,"146974148,68",1819924
202411,PF,PJ,NORTE,CENTRO-OESTE,até 19 anos,Nao se aplica,DICT,P2G,Pix,205,2
202411,PJ,PF,NORDESTE,SUDESTE,Nao se aplica,entre 20 e 29 anos,QRES,G2P,Pix,"10,49",1
202411,PJ,PJ,SUDESTE,NORDESTE,Nao se aplica,Nao se aplica,QRDN,B2B,Pix Troco,200,1
202411,PF,PJ,NORTE,NORTE,entre 40 e 49 anos,Nao se aplica,Nao disponivel,P2G,Nao disponivel,"82,37",1
202411,PF,PF,NORTE,Nao informado,entre 50 e 59 anos,até 19 anos,Nao disponivel,P2P,Nao disponivel,30,1
202411,PF,PF,SUDESTE,NORDESTE,mais de 60 anos,mais de 60 anos,QRES,P2P,Pix,"804924,58",11459
202411,PF,PJ,NORTE,SUL,mais de 60 anos,Nao se aplica,QRES,P2G,Pix,"1864,78",21
202411,PJ,PF,SUDESTE,NORDESTE,Nao se aplica,entre 40 e 49 anos,Nao disponivel,G2P,Nao disponivel,"5100,44",22
202411,PF,PJ,SUDESTE,SUDESTE,até 19 anos,Nao se aplica,QRDN,P2B,Pix Saque,"2658671,87",12749
202411,PF,PF,SUDESTE,SUDESTE,mais de 60 anos,mais de 60 anos,MANU,P2P,Pix,"4882709715,29",4408729
202411,PF,PF,SUDESTE,NORDESTE,mais de 60 anos,entre 30 e 39 anos,QRDN,P2P,Pix,"894205,28",19738
202411,PF,PF,SUDESTE,NORDESTE,entre 20 e 29 anos,Nao informado,DICT,P2P,Pix,"1307,49",12
202411,PJ,PF,CENTRO-OESTE,NORTE,Nao se aplica,até 19 anos,Nao disponivel,B2P,Nao disponivel,"40097,74",685
202411,PF,PF,Nao informado,SUDESTE,entre 40 e 49 anos,mais de 60 anos,MANU,P2P,Pix,"5061639,23",2751
202411,PJ,PJ,Nao informado,NORTE,Nao se aplica,Nao se aplica,QRDN,B2B,Pix,"70178,78",314
202411,PF,PF,SUDESTE,Nao informado,entre 40 e 49 anos,entre 40 e 49 anos,QRDN,P2P,Pix,"39347,01",1111
202411,PF,PF,NORTE,CENTRO-OESTE,entre 50 e 59 anos,mais de 60 anos,QRES,P2P,Pix,"218118,76",3421
202411,PF,PJ,Nao informado,Nao informado,entre 40 e 49 anos,Nao se aplica,MANU,P2B,Pix,"64999,85",220
202411,PF,PF,NORTE,NORTE,entre 40 e 49 anos,mais de 60 anos,Nao disponivel,P2P,Nao disponivel,"781909,58",2429
202411,PF,PJ,CENTRO-OESTE,Nao informado,entre 30 e 39 anos,Nao se aplica,QRES,P2B,Pix,"2210,36",15
202411,PJ,PF,NORDESTE,Nao informado,Nao se aplica,entre 20 e 29 anos,QRDN,B2P,Pix,"1535,84",60
202411,PF,PJ,SUDESTE,NORTE,mais de 60 anos,Nao se aplica,QRDN,P2G,Pix,"1150866,85",705
202411,PF,PF,SUL,SUDESTE,até 19 anos,até 19 anos,DICT,P2P,Pix,"3613673,8",109101
202411,PF,PJ,CENTRO-OESTE,SUDESTE,entre 50 e 59 anos,Nao se aplica,DICT,P2B,Pix,"187639330,72",135547
202411,PJ,PJ,NORDESTE,SUL,Nao se aplica,Nao se aplica,DICT,B2G,Pix,"52188,78",8
202411,PF,PF,CENTRO-OESTE,CENTRO-OESTE,entre 20 e 29 anos,entre 50 e 59 anos,DICT,P2P,Pix,"607788036,65",2311014
202411,PF,PF,Nao informado,NORDESTE,entre 40 e 49 anos,entre 40 e 49 anos,Nao disponivel,P2P,Nao disponivel,"1496,51",13
202411,PF,PF,Nao informado,NORTE,entre 50 e 59 anos,entre 50 e 59 anos,MANU,P2P,Pix,"77100,49",406
202411,PF,PJ,SUDESTE,SUL,entre 50 e 59 anos,Nao se aplica,MANU,P2G,Pix,"66101,51",18
202411,PF,PF,SUDESTE,SUDESTE,entre 30 e 39 anos,mais de 60 anos,MANU,P2P,Pix,"1115601426,47",2497304
202411,PF,PF,NORTE,SUL,entre 50 e 59 anos,mais de 60 anos,MANU,P2P,Pix,"1215765,44",2476
202411,PF,PF,SUDESTE,Nao informado,entre 50 e 59 anos,Nao informado,DICT,P2P,Pix,"1594,03",26
202411,PJ,PF,SUDESTE,CENTRO-OESTE,Nao se aplica,mais de 60 anos,MANU,B2P,Pix,"868316035,54",143532
202411,PF,PF,SUL,SUL,até 19 anos,entre 20 e 29 anos,Nao disponivel,P2P,Nao disponivel,"1139669,07",14987
202411,PF,PJ,NORDESTE,CENTRO-OESTE,entre 30 e 39 anos,Nao se aplica,DICT,P2G,Pix,"3687,11",21
202411,PJ,PF,NORDESTE,Nao informado,Nao se aplica,entre 20 e 29 anos,MANU,G2P,Pix,500,1
202411,PF,PF,Nao informado,NORDESTE,até 19 anos,entre 30 e 39 anos,QRES,P2P,Pix,"11414,35",228
202411,PJ,PF,SUDESTE,SUL,Nao se aplica,mais de 60 anos,Nao disponivel,G2P,Nao disponivel,1860,9
202411,PF,PF,NORTE,SUDESTE,até 19 anos,entre 30 e 39 anos,MANU,P2P,Pix,"524231,72",7595
202411,PF,PJ,SUL,NORDESTE,entre 40 e 49 anos,Nao se aplica,QRDN,P2B,Pix,"274109851,64",6674019
202411,PF,PF,CENTRO-OESTE,SUDESTE,até 19 anos,entre 50 e 59 anos,QRDN,P2P,Pix,"110954,31",6749
202411,PF,PF,NORDESTE,CENTRO-OESTE,até 19 anos,entre 20 e 29 anos,MANU,P2P,Pix,"1586342,33",21718
202411,PF,PF,CENTRO-OESTE,CENTRO-OESTE,entre 50 e 59 anos,entre 40 e 49 anos,MANU,P2P,Pix,"144985289,37",464579
202411,PF,PJ,SUDESTE,SUDESTE,entre 40 e 49 anos,Nao se aplica,QRDN,P2B,Pix,"9676423553,21",126019393
202411,PF,PF,CENTRO-OESTE,CENTRO-OESTE,entre 40 e 49 anos,Nao informado,DICT,P2P,Pix,"2044,14",11
202411,PF,PF,Nao informado,NORDESTE,Nao informado,entre 40 e 49 anos,QRDN,P2P,Pix,"175,8",4
202411,PF,PF,CENTRO-OESTE,NORTE,entre 20 e 29 anos,entre 40 e 49 anos,DICT,P2P,Pix,"30524078,1",130252
202411,PF,PJ,CENTRO-OESTE,SUDESTE,entre 30 e 39 anos,Nao se aplica,QRES,P2G,Pix,"49040,25",437
202411,PF,PF,SUL,CENTRO-OESTE,entre 50 e 59 anos,entre 20 e 29 anos,DICT,P2P,Pix,"14455688,76",37968
202411,PF,PJ,NORDESTE,CENTRO-OESTE,entre 20 e 29 anos,Nao se aplica,DICT,P2G,Pix,"3383,09",23
202411,PJ,PF,NORTE,CENTRO-OESTE,Nao se aplica,entre 20 e 29 anos,DICT,G2P,Pix,"37007,49",34
202411,PJ,PF,NORDESTE,CENTRO-OESTE,Nao se aplica,entre 50 e 59 anos,QRDN,B2P,Pix,"131138,71",1500
202411,PF,PF,CENTRO-OESTE,NORTE,entre 30 e 39 anos,entre 30 e 39 anos,DICT,P2P,Pix,"94422039,76",309124
202411,PF,PJ,CENTRO-OESTE,Nao informado,até 19 anos,Nao se aplica,DICT,P2B,Pix,"2396,84",73
202411,PF,PF,NORDESTE,SUDESTE,até 19 anos,Nao informado,INIC,P2P,Pix,"201,64",2
202411,PF,PF,Nao informado,CENTRO-OESTE,entre 20 e 29 anos,mais de 60 anos,DICT,P2P,Pix,"298909,98",780
202411,PF,PF,SUDESTE,NORTE,mais de 60 anos,mais de 60 anos,Nao disponivel,P2P,Nao disponivel,"6552,87",34
202411,PF,PF,SUL,SUDESTE,até 19 anos,até 19 anos,QRES,P2P,Pix,"157889,59",10247
202411,PF,PF,NORTE,SUL,entre 30 e 39 anos,entre 30 e 39 anos,MANU,P2P,Pix,"7762826,08",44055
202411,PF,PF,SUDESTE,CENTRO-OESTE,entre 40 e 49 anos,entre 20 e 29 anos,QRES,P2P,Pix,"1274907,26",19075
202411,PJ,PJ,NORDESTE,NORTE,Nao se aplica,Nao se aplica,QRES,B2G,Pix,"9865,34",20
202411,PF,PJ,NORTE,CENTRO-OESTE,entre 50 e 59 anos,Nao se aplica,DICT,P2G,Pix,6162,5
202411,PF,PF,Nao informado,Nao informado,entre 30 e 39 anos,entre 30 e 39 anos,QRDN,P2P,Pix,"19882,19",199
202411,PF,PJ,SUL,SUL,entre 30 e 39 anos,Nao se aplica,QRDN,P2G,Pix,"80837330,97",232555
202411,PF,PF,CENTRO-OESTE,SUL,até 19 anos,entre 50 e 59 anos,QRDN,P2P,Pix,"57557,68",1575
202411,PF,PF,CENTRO-OESTE,SUDESTE,mais de 60 anos,entre 30 e 39 anos,MANU,P2P,Pix,"4709960,47",10801
202411,PF,PF,NORTE,CENTRO-OESTE,entre 30 e 39 anos,entre 40 e 49 anos,DICT,P2P,Pix,"65751754,74",227955
202411,PF,PF,Nao informado,Nao informado,mais de 60 anos,até 19 anos,QRES,P2P,Pix,1246,3
202411,PJ,PF,SUDESTE,SUDESTE,Nao se aplica,entre 30 e 39 anos,MANU,G2P,Pix,"4808364,79",3808
202411,PF,PF,SUL,NORTE,entre 50 e 59 anos,até 19 anos,QRDN,P2P,Pix,"4159,2",81
202411,PJ,PF,SUDESTE,NORDESTE,Nao se aplica,entre 50 e 59 anos,MANU,B2P,Pix,"509476307,43",719072
202411,PF,PF,Nao informado,NORTE,entre 40 e 49 anos,até 19 anos,Nao disponivel,P2P,Nao disponivel,175,1
202411,PF,PF,SUL,SUDESTE,entre 40 e 49 anos,até 19 anos,QRES,P2P,Pix,"351241,55",3560
202411,PF,PF,NORTE,SUDESTE,mais de 60 anos,entre 30 e 39 anos,MANU,P2P,Pix,"2068044,43",7591
202411,PF,PJ,NORDESTE,CENTRO-OESTE,entre 50 e 59 anos,Nao se aplica,MANU,P2G,Pix,"4026,51",14
202411,PF,PJ,SUDESTE,CENTRO-OESTE,entre 40 e 49 anos,Nao se aplica,INIC,P2B,Pix,"30487,17",42
202411,PF,PJ,CENTRO-OESTE,SUL,até 19 anos,Nao se aplica,MANU,P2G,Pix,"0,01",1
202411,PJ,PJ,NORTE,NORDESTE,Nao se aplica,Nao se aplica,QRDN,B2B,Pix Saque,"59991,54",127
202411,PF,PF,SUL,NORDESTE,até 19 anos,entre 20 e 29 anos,DICT,P2P,Pix,"4637419,51",65198
202411,PF,PF,NORDESTE,CENTRO-OESTE,entre 30 e 39 anos,entre 40 e 49 anos,DICT,P2P,Pix,"90382686,79",428662
202411,PJ,PF,NORTE,NORDESTE,Nao se aplica,entre 20 e 29 anos,QRES,B2P,Pix,"1321004,72",4786
202411,PJ,PF,SUL,NORDESTE,Nao se aplica,entre 20 e 29 anos,DICT,B2P,Pix,"315262789,86",1097328
202411,PJ,PF,NORDESTE,NORDESTE,Nao se aplica,entre 40 e 49 anos,QRES,B2P,Pix,"85352898,33",471875
202411,PF,PF,Nao informado,NORTE,até 19 anos,até 19 anos,Nao disponivel,P2P,Nao disponivel,"3,75",2
202411,PJ,PF,SUDESTE,SUDESTE,Nao se aplica,entre 40 e 49 anos,QRES,G2P,Pix,"4362,02",18
202411,PJ,PF,SUL,NORDESTE,Nao se aplica,entre 50 e 59 anos,Nao disponivel,B2P,Nao disponivel,"2524958,59",7933
202411,PF,PF,NORDESTE,CENTRO-OESTE,entre 20 e 29 anos,mais de 60 anos,MANU,P2P,Pix,"4368342,44",22964
202411,PF,PF,SUL,SUDESTE,entre 30 e 39 anos,entre 20 e 29 anos,MANU,P2P,Pix,"11009962,12",67758
202411,PF,PF,NORTE,Nao informado,entre 50 e 59 anos,entre 20 e 29 anos,DICT,P2P,Pix,"599901,93",4785
202411,PF,PJ,CENTRO-OESTE,NORTE,entre 50 e 59 anos,Nao se aplica,DICT,P2G,Pix,"6389,02",11
202411,PF,PF,CENTRO-OESTE,Nao informado,entre 20 e 29 anos,Nao informado,DICT,P2P,Pix,185,2
202411,PF,PJ,NORDESTE,SUL,até 19 anos,Nao se aplica,DICT,P2B,Pix,"7225410,42",19540
202411,PF,PF,SUDESTE,SUDESTE,entre 40 e 49 anos,mais de 60 anos,DICT,P2P,Pix,"3401677208,28",9321121
202411,PF,PF,SUL,NORDESTE,mais de 60 anos,mais de 60 anos,QRES,P2P,Pix,"109917,41",1360
202411,PF,PF,Nao informado,SUDESTE,entre 30 e 39 anos,até 19 anos,DICT,P2P,Pix,"379843,19",1534
202411,PJ,PF,SUDESTE,NORTE,Nao se aplica,até 19 anos,Nao disponivel,B2P,Nao disponivel,"4281565,33",100788
202411,PF,PF,SUDESTE,NORTE,até 19 anos,entre 20 e 29 anos,Nao disponivel,P2P,Nao disponivel,"63782,81",1011
202411,PF,PF,NORDESTE,SUDESTE,Nao informado,entre 50 e 59 anos,QRDN,P2P,Pix,5,1
202411,PF,PF,SUDESTE,NORTE,até 19 anos,entre 30 e 39 anos,Nao disponivel,P2P,Nao disponivel,"99319,03",475
202411,PF,PF,SUDESTE,CENTRO-OESTE,entre 50 e 59 anos,até 19 anos,QRES,P2P,Pix,95609,1430
202411,PJ,PJ,SUDESTE,SUDESTE,Nao se aplica,Nao se aplica,QRDN,G2B,Pix,"1861055,42",1370
202411,PF,PJ,SUDESTE,NORDESTE,entre 50 e 59 anos,Nao se aplica,QRDN,P2B,Pix Saque,"338991,52",1456
202411,PF,PJ,NORTE,NORTE,entre 40 e 49 anos,Nao se aplica,QRDN,P2B,Pix Saque,"1910741,41",9424
202411,PF,PF,SUDESTE,NORDESTE,entre 50 e 59 anos,entre 40 e 49 anos,DICT,P2P,Pix,"193715883,22",684866
202411,PF,PF,SUL,NORDESTE,entre 30 e 39 anos,mais de 60 anos,QRDN,P2P,Pix,"156386,74",4316
202411,PF,PF,NORTE,CENTRO-OESTE,entre 40 e 49 anos,entre 50 e 59 anos,DICT,P2P,Pix,"35023938,72",90015
202411,PF,PF,NORDESTE,NORDESTE,entre 40 e 49 anos,mais de 60 anos,QRES,P2P,Pix,"59179468,91",1411851
202411,PF,PF,Nao informado,SUDESTE,entre 40 e 49 anos,entre 20 e 29 anos,Nao disponivel,P2P,Nao disponivel,"1912,5",13
202411,PF,PF,SUDESTE,Nao informado,entre 40 e 49 anos,mais de 60 anos,Nao disponivel,P2P,Nao disponivel,"23504,06",14
202411,PJ,PJ,CENTRO-OESTE,NORTE,Nao se aplica,Nao se aplica,QRDN,G2B,Pix,1726,5
202411,PF,PF,Nao informado,CENTRO-OESTE,até 19 anos,entre 20 e 29 anos,DICT,P2P,Pix,22964,301
202411,PF,PJ,NORTE,NORDESTE,mais de 60 anos,Nao se aplica,QRDN,P2B,Pix Troco,"148,65",1
202411,PF,PF,SUL,NORDESTE,entre 50 e 59 anos,entre 30 e 39 anos,MANU,P2P,Pix,"2030478,93",12823
202411,PF,PF,CENTRO-OESTE,NORTE,entre 30 e 39 anos,entre 50 e 59 anos,DICT,P2P,Pix,"31876169,28",82102
202411,PJ,PF,Nao informado,CENTRO-OESTE,Nao se aplica,mais de 60 anos,DICT,B2P,Pix,"289967,21",196
202411,PF,PF,NORDESTE,SUDESTE,entre 30 e 39 anos,entre 50 e 59 anos,MANU,P2P,Pix,"38084095,89",206535
202411,PJ,PF,Nao informado,NORTE,Nao se aplica,entre 30 e 39 anos,MANU,B2P,Pix,"45425,67",27
202411,PJ,PF,CENTRO-OESTE,NORTE,Nao se aplica,entre 30 e 39 anos,QRDN,B2P,Pix,"222699,55",3105
202411,PF,PJ,CENTRO-OESTE,CENTRO-OESTE,entre 30 e 39 anos,Nao se aplica,QRES,P2G,Pix,"1131330,58",11217
202411,PF,PJ,CENTRO-OESTE,CENTRO-OESTE,entre 20 e 29 anos,Nao se aplica,DICT,P2B,Pix,"1209427280,74",3175810
202411,PF,PF,CENTRO-OESTE,NORTE,até 19 anos,entre 50 e 59 anos,Nao disponivel,P2P,Nao disponivel,"19211,77",103
202411,PF,PF,SUL,NORDESTE,entre 30 e 39 anos,entre 40 e 49 anos,QRES,P2P,Pix,"1526577,83",27732
202411,PF,PF,CENTRO-OESTE,CENTRO-OESTE,mais de 60 anos,entre 30 e 39 anos,Nao disponivel,P2P,Nao disponivel,"1643129,87",1877
202411,PJ,PF,SUDESTE,NORTE,Nao se aplica,entre 30 e 39 anos,QRDN,B2P,Pix,"225012,43",2214
202411,PF,PF,SUL,SUDESTE,até 19 anos,entre 30 e 39 anos,DICT,P2P,Pix,"7254700,13",70919
202411,PF,PF,NORDESTE,NORTE,mais de 60 anos,mais de 60 anos,DICT,P2P,Pix,"8733892,04",16632
202411,PJ,PF,Nao informado,SUDESTE,Nao se aplica,até 19 anos,Nao disponivel,B2P,Nao disponivel,"953,54",21
202411,PF,PF,NORDESTE,SUDESTE,entre 20 e 29 anos,Nao informado,QRDN,P2P,Pix,"4693,15",45
202411,PF,PJ,NORTE,CENTRO-OESTE,mais de 60 anos,Nao se aplica,QRDN,P2G,Pix,"13095003,41",23615
202411,PF,PJ,NORDESTE,NORDESTE,até 19 anos,Nao se aplica,QRDN,P2B,Pix Saque,"2282644,66",10224
202411,PF,PF,NORDESTE,CENTRO-OESTE,entre 20 e 29 anos,mais de 60 anos,DICT,P2P,Pix,"16091954,72",83792
202411,PF,PF,Nao informado,NORTE,entre 40 e 49 anos,mais de 60 anos,MANU,P2P,Pix,"167098,98",400
202411,PF,PF,Nao informado,NORTE,até 19 anos,entre 30 e 39 anos,QRDN,P2P,Pix,"6011,96",142
202411,PJ,PF,NORDESTE,Nao informado,Nao se aplica,entre 30 e 39 anos,DICT,B2P,Pix,"5152687,99",11531
202411,PF,PF,NORTE,CENTRO-OESTE,Nao informado,entre 20 e 29 anos,QRES,P2P,Pix,114,1
202411,PF,PF,NORTE,NORTE,entre 50 e 59 anos,até 19 anos,Nao disponivel,P2P,Nao disponivel,"76095,76",998
202411,PF,PF,CENTRO-OESTE,NORDESTE,entre 20 e 29 anos,entre 50 e 59 anos,MANU,P2P,Pix,"4666745,61",25727
202411,PF,PJ,NORDESTE,Nao informado,até 19 anos,Nao se aplica,Nao disponivel,P2B,Nao disponivel,25,1
202411,PF,PF,SUL,NORTE,entre 20 e 29 anos,entre 20 e 29 anos,QRES,P2P,Pix,"646541,91",14110
202411,PF,PF,SUDESTE,Nao informado,entre 40 e 49 anos,entre 30 e 39 anos,Nao disponivel,P2P,Nao disponivel,"12801,72",22
202411,PF,PF,NORDESTE,SUL,até 19 anos,até 19 anos,Nao disponivel,P2P,Nao disponivel,"25264,04",2047
202411,PF,PJ,Nao informado,SUL,entre 30 e 39 anos,Nao se aplica,QRDN,P2B,Pix Saque,"62488,62",142
202411,PF,PF,CENTRO-OESTE,NORDESTE,entre 50 e 59 anos,Nao informado,DICT,P2P,Pix,60,2
202411,PJ,PF,NORDESTE,NORTE,Nao se aplica,entre 50 e 59 anos,DICT,B2P,Pix,"109970996,88",530624
202411,PF,PF,Nao informado,Nao informado,até 19 anos,entre 50 e 59 anos,QRES,P2P,Pix,"2379,19",176
202411,PJ,PF,Nao informado,NORDESTE,Nao se aplica,entre 50 e 59 anos,QRES,B2P,Pix,"11665,43",58
202411,PF,PF,Nao informado,NORTE,mais de 60 anos,entre 40 e 49 anos,Nao disponivel,P2P,Nao disponivel,121,1
202411,PF,PF,Nao informado,SUDESTE,mais de 60 anos,entre 40 e 49 anos,DICT,P2P,Pix,"6393801,98",5906
202411,PF,PJ,SUDESTE,CENTRO-OESTE,entre 40 e 49 anos,Nao se aplica,DICT,P2G,Pix,"799128,17",68
202411,PF,PF,CENTRO-OESTE,NORDESTE,Nao informado,entre 20 e 29 anos,MANU,P2P,Pix,40,1
202411,PJ,PF,NORTE,NORTE,Nao se aplica,mais de 60 anos,DICT,G2P,Pix,"1319516,86",909
202411,PJ,PJ,NORDESTE,SUDESTE,Nao se aplica,Nao se aplica,QRES,B2G,Pix,"16129,54",51
202411,PF,PF,SUDESTE,SUL,entre 50 e 59 anos,entre 20 e 29 anos,QRDN,P2P,Pix,"304376,38",6114
202411,PF,PJ,SUL,SUDESTE,entre 30 e 39 anos,Nao se aplica,QRDN,P2G,Pix,"1023081,54",2313
202411,PF,PF,Nao informado,CENTRO-OESTE,entre 30 e 39 anos,até 19 anos,DICT,P2P,Pix,"185772,89",581
202411,PF,PJ,SUDESTE,SUL,entre 20 e 29 anos,Nao se aplica,INIC,P2B,Pix,"6623,08",42
202411,PF,PF,SUL,SUDESTE,entre 30 e 39 anos,entre 30 e 39 anos,DICT,P2P,Pix,"165102375,92",534054
202411,PF,PF,CENTRO-OESTE,CENTRO-OESTE,entre 40 e 49 anos,entre 20 e 29 anos,QRDN,P2P,Pix,"10995644,4",290910
202411,PF,PF,CENTRO-OESTE,NORDESTE,até 19 anos,entre 50 e 59 anos,QRDN,P2P,Pix,"97006,43",5569
202411,PF,PF,SUDESTE,CENTRO-OESTE,entre 30 e 39 anos,entre 40 e 49 anos,DICT,P2P,Pix,"106739588,21",265011
202411,PJ,PJ,SUDESTE,CENTRO-OESTE,Nao se aplica,Nao se aplica,MANU,G2B,Pix,"3369008600,34",164
202411,PF,PJ,NORDESTE,CENTRO-OESTE,entre 50 e 59 anos,Nao se aplica,DICT,P2G,Pix,"443,99",8
202411,PF,PF,NORTE,NORTE,entre 30 e 39 anos,entre 20 e 29 anos,MANU,P2P,Pix,"241656409,97",2129373
202411,PJ,PJ,NORDESTE,NORDESTE,Nao se aplica,Nao se aplica,QRDN,B2B,Pix,"1510873156,89",3957595
202411,PF,PF,CENTRO-OESTE,SUL,entre 30 e 39 anos,entre 30 e 39 anos,DICT,P2P,Pix,"50424948,63",140538
202411,PJ,PJ,SUDESTE,SUDESTE,Nao se aplica,Nao se aplica,DICT,G2G,Pix,"135039588,64",1328
202411,PF,PF,Nao informado,NORTE,entre 30 e 39 anos,mais de 60 anos,QRDN,P2P,Pix,"6855,24",291
202411,PJ,PF,SUL,Nao informado,Nao se aplica,entre 30 e 39 anos,QRES,B2P,Pix,"113501,09",542
202411,PF,PF,SUDESTE,NORTE,entre 40 e 49 anos,até 19 anos,DICT,P2P,Pix,"4314248,22",37994
202411,PF,PJ,SUL,NORTE,entre 50 e 59 anos,Nao se aplica,DICT,P2G,Pix,"4570,96",13
202411,PF,PF,Nao informado,Nao informado,entre 50 e 59 anos,entre 20 e 29 anos,MANU,P2P,Pix,"85031,42",482
202411,PF,PF,NORTE,NORTE,entre 40 e 49 anos,entre 50 e 59 anos,Nao disponivel,P2P,Nao disponivel,"959339,34",4252
202411,PF,PF,SUL,SUDESTE,entre 50 e 59 anos,entre 30 e 39 anos,Nao disponivel,P2P,Nao disponivel,"86443,03",278
202411,PF,PF,SUL,CENTRO-OESTE,entre 50 e 59 anos,entre 30 e 39 anos,QRDN,P2P,Pix,"165807,51",3281
202411,PF,PF,NORTE,NORTE,até 19 anos,entre 50 e 59 anos,Nao disponivel,P2P,Nao disponivel,"329377,4",3299
202411,PF,PF,NORTE,Nao informado,mais de 60 anos,entre 40 e 49 anos,QRDN,P2P,Pix,1297,39
202411,PF,PJ,CENTRO-OESTE,SUL,entre 30 e 39 anos,Nao se aplica,INIC,P2B,Pix,"13724,81",58
202411,PF,PF,CENTRO-OESTE,NORDESTE,entre 30 e 39 anos,entre 40 e 49 anos,QRES,P2P,Pix,"2714577,07",66846
202411,PF,PF,NORDESTE,SUDESTE,entre 40 e 49 anos,entre 20 e 29 anos,Nao disponivel,P2P,Nao disponivel,"284166,02",1878
202411,PJ,PJ,CENTRO-OESTE,SUDESTE,Nao se aplica,Nao se aplica,DICT,G2G,Pix,"4883,6",1
202411,PF,PJ,SUDESTE,CENTRO-OESTE,entre 30 e 39 anos,Nao se aplica,QRDN,P2G,Pix,"163902609,99",702595
202411,PF,PF,CENTRO-OESTE,CENTRO-OESTE,até 19 anos,entre 30 e 39 anos,DICT,P2P,Pix,"143982491,59",1278347
202411,PF,PF,SUDESTE,SUL,até 19 anos,entre 40 e 49 anos,INIC,P2P,Pix,"19,9",1
202411,PF,PF,SUL,Nao informado,entre 50 e 59 anos,mais de 60 anos,Nao disponivel,P2P,Nao disponivel,300,3
202411,PF,PF,NORTE,SUL,entre 40 e 49 anos,entre 20 e 29 anos,Nao disponivel,P2P,Nao disponivel,"15044,87",149
202411,PF,PF,Nao informado,SUL,entre 30 e 39 anos,mais de 60 anos,Nao disponivel,P2P,Nao disponivel,"220,63",2
202411,PF,PF,SUL,SUDESTE,entre 50 e 59 anos,entre 30 e 39 anos,MANU,P2P,Pix,"6843275,33",25664
202411,PF,PF,Nao informado,SUDESTE,entre 30 e 39 anos,entre 50 e 59 anos,QRES,P2P,Pix,"73701,22",1177
202411,PF,PF,CENTRO-OESTE,NORTE,mais de 60 anos,entre 50 e 59 anos,QRDN,P2P,Pix,"54277,49",1212
202411,PF,PF,NORDESTE,NORTE,entre 20 e 29 anos,mais de 60 anos,DICT,P2P,Pix,"8988592,99",42823
202411,PF,PF,CENTRO-OESTE,SUDESTE,entre 50 e 59 anos,entre 20 e 29 anos,QRDN,P2P,Pix,"270366,12",5169
202411,PF,PF,SUDESTE,NORTE,entre 20 e 29 anos,mais de 60 anos,Nao disponivel,P2P,Nao disponivel,"104908,75",184
202411,PF,PF,CENTRO-OESTE,SUL,até 19 anos,até 19 anos,MANU,P2P,Pix,"235220,4",4929
202411,PF,PF,CENTRO-OESTE,NORTE,mais de 60 anos,mais de 60 anos,DICT,P2P,Pix,"15906734,79",15786
202411,PF,PF,Nao informado,Nao informado,entre 40 e 49 anos,até 19 anos,DICT,P2P,Pix,"149779,12",1462
202411,PJ,PJ,SUDESTE,CENTRO-OESTE,Nao se aplica,Nao se aplica,DICT,B2B,Pix,"2597534330,95",277289
202411,PF,PF,Nao informado,SUDESTE,entre 50 e 59 anos,entre 40 e 49 anos,MANU,P2P,Pix,"1906461,86",1455
202411,PF,PF,NORTE,SUDESTE,entre 30 e 39 anos,mais de 60 anos,Nao disponivel,P2P,Nao disponivel,"161394,03",207
202411,PF,PJ,NORDESTE,NORDESTE,entre 40 e 49 anos,Nao se aplica,QRES,P2G,Pix,"385361,48",5829
202411,PF,PF,Nao informado,SUL,entre 50 e 59 anos,entre 50 e 59 anos,QRDN,P2P,Pix,"3823,33",52
202411,PF,PF,Nao informado,NORTE,até 19 anos,entre 30 e 39 anos,MANU,P2P,Pix,"9035,41",203
202411,PF,PF,NORTE,NORTE,entre 40 e 49 anos,entre 30 e 39 anos,QRES,P2P,Pix,"47942251,35",1085548
202411,PF,PF,NORTE,NORDESTE,entre 20 e 29 anos,até 19 anos,Nao disponivel,P2P,Nao disponivel,"75454,78",1035
202411,PF,PF,SUL,CENTRO-OESTE,entre 40 e 49 anos,entre 30 e 39 anos,DICT,P2P,Pix,"34973997,28",92839
202411,PF,PF,CENTRO-OESTE,Nao informado,até 19 anos,entre 20 e 29 anos,DICT,P2P,Pix,"63384,42",699
202411,PJ,PF,CENTRO-OESTE,Nao informado,Nao se aplica,entre 40 e 49 anos,QRDN,B2P,Pix,"5510,98",98
202411,PF,PJ,NORTE,NORTE,mais de 60 anos,Nao se aplica,Nao disponivel,P2B,Nao disponivel,"1417427,55",349
202411,PF,PF,SUDESTE,CENTRO-OESTE,entre 40 e 49 anos,entre 50 e 59 anos,QRDN,P2P,Pix,"618210,88",15741
202411,PF,PF,NORTE,CENTRO-OESTE,entre 40 e 49 anos,entre 40 e 49 anos,MANU,P2P,Pix,"9063326,83",32729
202411,PF,PF,CENTRO-OESTE,SUDESTE,mais de 60 anos,entre 30 e 39 anos,DICT,P2P,Pix,"63089914,54",95487
202411,PF,PF,NORTE,Nao informado,entre 40 e 49 anos,entre 40 e 49 anos,QRDN,P2P,Pix,"13812,92",412
202411,PJ,PF,SUDESTE,NORTE,Nao se aplica,Nao informado,DICT,B2P,Pix,3694,22
202411,PJ,PF,SUL,SUL,Nao se aplica,entre 50 e 59 anos,Nao disponivel,G2P,Nao disponivel,"624,51",3
202411,PF,PF,Nao informado,NORTE,mais de 60 anos,entre 30 e 39 anos,QRDN,P2P,Pix,"1875,25",54
202411,PF,PF,SUL,NORDESTE,entre 20 e 29 anos,entre 50 e 59 anos,MANU,P2P,Pix,"1566375,78",8342
202411,PF,PF,NORTE,NORDESTE,mais de 60 anos,mais de 60 anos,QRDN,P2P,Pix,"89415,13",1587
202411,PF,PF,Nao informado,SUL,entre 50 e 59 anos,mais de 60 anos,Nao disponivel,P2P,Nao disponivel,121,1
202411,PJ,PF,SUDESTE,CENTRO-OESTE,Nao se aplica,entre 20 e 29 anos,DICT,B2P,Pix,"801043806,75",3258687
202411,PF,PF,NORDESTE,CENTRO-OESTE,até 19 anos,entre 40 e 49 anos,QRES,P2P,Pix,"575707,58",28341
202411,PF,PF,NORDESTE,SUDESTE,entre 30 e 39 anos,entre 30 e 39 anos,QRES,P2P,Pix,"15827380,27",297874
202411,PF,PF,NORTE,NORTE,entre 20 e 29 anos,entre 20 e 29 anos,QRDN,P2P,Pix,"26099859,5",961692
202411,PF,PJ,Nao informado,SUDESTE,mais de 60 anos,Nao se aplica,QRDN,P2B,Pix,"6584807,88",16915
202411,PF,PJ,SUDESTE,CENTRO-OESTE,entre 40 e 49 anos,Nao se aplica,DICT,P2B,Pix,216607726,174247
202411,PF,PJ,CENTRO-OESTE,NORTE,entre 30 e 39 anos,Nao se aplica,DICT,P2B,Pix,"62154127,61",65111
202411,PF,PJ,NORDESTE,NORTE,até 19 anos,Nao se aplica,QRES,P2G,Pix,"971,67",1
202411,PF,PF,NORTE,NORDESTE,entre 30 e 39 anos,mais de 60 anos,DICT,P2P,Pix,"20335258,66",59227
202411,PJ,PF,NORDESTE,SUL,Nao se aplica,entre 40 e 49 anos,QRDN,B2P,Pix,"104667,09",1172
202411,PF,PF,NORDESTE,Nao informado,entre 20 e 29 anos,até 19 anos,QRES,P2P,Pix,"1808,35",51
202411,PF,PF,SUDESTE,CENTRO-OESTE,Nao informado,entre 30 e 39 anos,DICT,P2P,Pix,420,1
202411,PF,PF,SUL,SUDESTE,até 19 anos,entre 50 e 59 anos,QRDN,P2P,Pix,"94347,11",5274
202411,PF,PJ,NORTE,NORTE,até 19 anos,Nao se aplica,Nao disponivel,P2B,Nao disponivel,"327796,11",1185
202411,PF,PF,NORDESTE,SUL,entre 50 e 59 anos,entre 50 e 59 anos,QRES,P2P,Pix,"166805,2",2879
202411,PJ,PF,NORTE,NORTE,Nao se aplica,entre 40 e 49 anos,DICT,B2P,Pix,"2812655092,61",2514853
202411,PF,PF,SUL,SUL,mais de 60 anos,entre 20 e 29 anos,MANU,P2P,Pix,"48341103,74",174008
202411,PF,PF,SUL,Nao informado,entre 20 e 29 anos,entre 30 e 39 anos,QRDN,P2P,Pix,"44254,95",639
202411,PJ,PF,CENTRO-OESTE,SUL,Nao se aplica,até 19 anos,Nao disponivel,B2P,Nao disponivel,"48541,65",682
202411,PF,PF,Nao informado,Nao informado,até 19 anos,entre 40 e 49 anos,DICT,P2P,Pix,"141460,06",992
202411,PF,PF,CENTRO-OESTE,Nao informado,mais de 60 anos,até 19 anos,QRES,P2P,Pix,"54,25",2
202411,PF,PF,CENTRO-OESTE,Nao informado,entre 50 e 59 anos,Nao informado,QRDN,P2P,Pix,"27,61",1
202411,PF,PJ,Nao informado,CENTRO-OESTE,entre 50 e 59 anos,Nao se aplica,QRES,P2B,Pix,"218759,46",808
202411,PF,PF,SUDESTE,CENTRO-OESTE,entre 50 e 59 anos,mais de 60 anos,MANU,P2P,Pix,"15987150,68",9370
202411,PF,PF,NORTE,NORDESTE,entre 40 e 49 anos,entre 40 e 49 anos,QRES,P2P,Pix,"3039402,88",56059
202411,PF,PJ,SUL,SUDESTE,entre 50 e 59 anos,Nao se aplica,QRDN,P2G,Pix,"798040,11",1319
202411,PF,PJ,CENTRO-OESTE,SUDESTE,entre 50 e 59 anos,Nao se aplica,MANU,P2B,Pix,"60792543,33",22550
202411,PF,PF,Nao informado,SUDESTE,até 19 anos,entre 40 e 49 anos,MANU,P2P,Pix,"13107,61",101
202411,PF,PF,Nao informado,NORTE,entre 30 e 39 anos,até 19 anos,QRDN,P2P,Pix,"1139,9",33
202411,PF,PF,CENTRO-OESTE,CENTRO-OESTE,entre 20 e 29 anos,entre 50 e 59 anos,MANU,P2P,Pix,"149607231,41",625566
202411,PJ,PF,SUDESTE,NORTE,Nao se aplica,entre 40 e 49 anos,MANU,G2P,Pix,"17848,75",15
202411,PJ,PF,NORDESTE,CENTRO-OESTE,Nao se aplica,entre 30 e 39 anos,DICT,G2P,Pix,"629920,85",176
202411,PF,PJ,CENTRO-OESTE,NORTE,entre 40 e 49 anos,Nao se aplica,QRDN,P2B,Pix,"30109028,81",598099
202411,PF,PF,SUL,SUL,entre 30 e 39 anos,mais de 60 anos,DICT,P2P,Pix,"967767638,27",2394259
202411,PJ,PF,NORDESTE,Nao informado,Nao se aplica,entre 30 e 39 anos,QRDN,B2P,Pix,"2274,39",34
202411,PF,PF,SUL,CENTRO-OESTE,entre 30 e 39 anos,entre 50 e 59 anos,MANU,P2P,Pix,"3219299,48",7665
202411,PF,PF,SUDESTE,NORDESTE,entre 30 e 39 anos,entre 40 e 49 anos,Nao disponivel,P2P,Nao disponivel,"745323,63",2953
202411,PF,PF,NORDESTE,CENTRO-OESTE,entre 20 e 29 anos,entre 20 e 29 anos,QRDN,P2P,Pix,"2094782,97",62822
202411,PF,PF,SUDESTE,SUDESTE,entre 50 e 59 anos,entre 20 e 29 anos,Nao disponivel,P2P,Nao disponivel,"5989144,53",24749
202411,PF,PF,NORTE,CENTRO-OESTE,entre 40 e 49 anos,entre 30 e 39 anos,QRDN,P2P,Pix,"1093078,65",25328
202411,PJ,PF,SUL,Nao informado,Nao se aplica,mais de 60 anos,QRES,B2P,Pix,"34139,61",128
202411,PF,PF,NORTE,NORDESTE,mais de 60 anos,entre 40 e 49 anos,MANU,P2P,Pix,"2176994,02",9083
202411,PF,PF,NORTE,SUL,entre 20 e 29 anos,entre 40 e 49 anos,MANU,P2P,Pix,"4646015,84",24678
202411,PF,PF,CENTRO-OESTE,SUL,entre 50 e 59 anos,entre 40 e 49 anos,QRDN,P2P,Pix,"102673,23",2186
202411,PF,PJ,SUL,NORDESTE,mais de 60 anos,Nao se aplica,MANU,P2B,Pix,"3310427,66",2698
202411,PF,PJ,NORDESTE,CENTRO-OESTE,mais de 60 anos,Nao se aplica,QRDN,P2G,Pix,"37405766,75",81818
202411,PF,PF,CENTRO-OESTE,NORDESTE,entre 30 e 39 anos,entre 30 e 39 anos,Nao disponivel,P2P,Nao disponivel,"369236,78",1860
202411,PF,PF,CENTRO-OESTE,SUL,até 19 anos,entre 30 e 39 anos,QRDN,P2P,Pix,"88965,7",3587
202411,PF,PF,NORTE,SUL,até 19 anos,entre 50 e 59 anos,MANU,P2P,Pix,"204327,85",1946
202411,PF,PF,CENTRO-OESTE,Nao informado,mais de 60 anos,entre 40 e 49 anos,Nao disponivel,P2P,Nao disponivel,"1020,23",3
202411,PF,PJ,CENTRO-OESTE,NORDESTE,entre 40 e 49 anos,Nao se aplica,QRES,P2B,Pix,"11252973,5",135410
202411,PF,PJ,Nao informado,SUL,entre 30 e 39 anos,Nao se aplica,QRES,P2G,Pix,"562,32",10
202411,PF,PF,CENTRO-OESTE,NORTE,entre 30 e 39 anos,mais de 60 anos,QRDN,P2P,Pix,"184559,77",5777
202411,PF,PJ,Nao informado,NORDESTE,entre 40 e 49 anos,Nao se aplica,QRES,P2B,Pix,"366417,82",2704
202411,PJ,PF,NORDESTE,SUDESTE,Nao se aplica,mais de 60 anos,DICT,G2P,Pix,"614681,15",161
202411,PF,PF,NORTE,NORTE,entre 30 e 39 anos,entre 30 e 39 anos,Nao disponivel,P2P,Nao disponivel,"12882269,96",36679
202411,PF,PF,SUL,SUL,entre 20 e 29 anos,entre 50 e 59 anos,QRDN,P2P,Pix,"9041988,46",329032
202411,PF,PF,Nao informado,NORDESTE,entre 40 e 49 anos,mais de 60 anos,QRES,P2P,Pix,"35889,84",534
202411,PF,PF,NORTE,SUDESTE,entre 40 e 49 anos,entre 20 e 29 anos,Nao disponivel,P2P,Nao disponivel,"36949,74",286
202411,PF,PF,SUDESTE,SUDESTE,entre 30 e 39 anos,Nao informado,DICT,P2P,Pix,24900,18
202411,PF,PF,Nao informado,NORDESTE,entre 40 e 49 anos,entre 50 e 59 anos,Nao disponivel,P2P,Nao disponivel,"2706,99",3
202411,PJ,PF,Nao informado,NORDESTE,Nao se aplica,até 19 anos,QRDN,B2P,Pix,"45,1",2
202411,PJ,PJ,SUDESTE,CENTRO-OESTE,Nao se aplica,Nao se aplica,MANU,B2B,Pix,"7080486182,29",715624
202411,PF,PF,NORTE,NORDESTE,entre 40 e 49 anos,até 19 anos,DICT,P2P,Pix,"7051081,31",56828
202411,PF,PF,SUDESTE,NORTE,entre 40 e 49 anos,até 19 anos,MANU,P2P,Pix,"512308,28",6215
202411,PF,PF,CENTRO-OESTE,NORDESTE,entre 30 e 39 anos,entre 40 e 49 anos,DICT,P2P,Pix,"75602193,35",316323
202411,PF,PF,NORDESTE,NORDESTE,entre 50 e 59 anos,Nao informado,DICT,P2P,Pix,"8883,59",108
202411,PJ,PJ,SUL,NORDESTE,Nao se aplica,Nao se aplica,QRDN,B2B,Pix,"116583783,07",153545
202411,PJ,PF,SUL,Nao informado,Nao se aplica,Nao informado,Nao disponivel,B2P,Nao disponivel,78,2
202411,PJ,PF,NORDESTE,Nao informado,Nao se aplica,mais de 60 anos,QRDN,B2P,Pix,"1835,7",22
202411,PF,PF,Nao informado,Nao informado,entre 30 e 39 anos,entre 50 e 59 anos,QRDN,P2P,Pix,192,7
202411,PF,PJ,CENTRO-OESTE,NORDESTE,entre 30 e 39 anos,Nao se aplica,QRDN,P2B,Pix Troco,"318,35",2
202411,PF,PF,SUDESTE,SUL,entre 20 e 29 anos,entre 30 e 39 anos,QRDN,P2P,Pix,"1069946,82",34016
202411,PJ,PF,SUDESTE,SUL,Nao se aplica,entre 20 e 29 anos,QRDN,B2P,Pix,"234666,38",2501
202411,PF,PF,NORTE,NORDESTE,entre 20 e 29 anos,Nao informado,QRES,P2P,Pix,31,6
202411,PF,PF,CENTRO-OESTE,CENTRO-OESTE,entre 50 e 59 anos,entre 50 e 59 anos,QRDN,P2P,Pix,"6369240,3",135471
202411,PF,PF,Nao informado,SUDESTE,entre 50 e 59 anos,entre 20 e 29 anos,Nao disponivel,P2P,Nao disponivel,"2016,51",16
202411,PF,PJ,SUL,SUL,mais de 60 anos,Nao se aplica,QRES,P2G,Pix,"810742,91",5361
202411,PF,PJ,CENTRO-OESTE,Nao informado,entre 20 e 29 anos,Nao se aplica,Nao disponivel,P2B,Nao disponivel,427,1
202411,PF,PF,NORTE,NORTE,entre 50 e 59 anos,até 19 anos,MANU,P2P,Pix,"16431455,49",251039
202411,PJ,PF,CENTRO-OESTE,SUL,Nao se aplica,entre 30 e 39 anos,MANU,B2P,Pix,"24657245,86",8370
202411,PF,PF,Nao informado,SUL,entre 30 e 39 anos,entre 30 e 39 anos,MANU,P2P,Pix,"1285931,67",2173
202411,PJ,PJ,NORTE,NORDESTE,Nao se aplica,Nao se aplica,QRES,B2B,Pix,"10953570,45",21971
202411,PF,PF,NORDESTE,NORTE,até 19 anos,entre 50 e 59 anos,Nao disponivel,P2P,Nao disponivel,"50104,82",150
202411,PF,PF,Nao informado,SUL,Nao informado,entre 40 e 49 anos,MANU,P2P,Pix,8,2
202411,PF,PF,SUDESTE,NORDESTE,entre 40 e 49 anos,entre 50 e 59 anos,QRES,P2P,Pix,"5652697,49",128723
202411,PF,PF,NORDESTE,SUL,entre 20 e 29 anos,entre 50 e 59 anos,QRES,P2P,Pix,"748541,91",24762
202411,PJ,PF,NORDESTE,SUL,Nao se aplica,até 19 anos,QRES,B2P,Pix,"64146,58",287
202411,PF,PF,SUDESTE,CENTRO-OESTE,entre 50 e 59 anos,entre 50 e 59 anos,DICT,P2P,Pix,"58973226,57",98456
202411,PJ,PF,NORDESTE,NORTE,Nao se aplica,até 19 anos,QRES,B2P,Pix,"54111,4",397
202411,PJ,PF,CENTRO-OESTE,NORTE,Nao se aplica,entre 50 e 59 anos,QRES,B2P,Pix,"188798,79",1935
202411,PJ,PF,NORTE,NORDESTE,Nao se aplica,entre 50 e 59 anos,MANU,B2P,Pix,"8199591,68",2587
202411,PF,PF,NORTE,CENTRO-OESTE,entre 50 e 59 anos,entre 30 e 39 anos,DICT,P2P,Pix,"34483612,97",86482
202411,PF,PF,NORDESTE,SUL,entre 50 e 59 anos,entre 40 e 49 anos,INIC,P2P,Pix,157,2
202411,PF,PF,CENTRO-OESTE,CENTRO-OESTE,mais de 60 anos,entre 20 e 29 anos,MANU,P2P,Pix,"38781923,03",128292
202411,PJ,PF,SUDESTE,NORTE,Nao se aplica,entre 50 e 59 anos,Nao disponivel,G2P,Nao disponivel,100,1
202411,PF,PF,Nao informado,NORDESTE,entre 40 e 49 anos,entre 40 e 49 anos,QRDN,P2P,Pix,"34211,95",1045
202411,PJ,PJ,SUL,Nao informado,Nao se aplica,Nao se aplica,QRES,B2B,Pix,"301270,25",17
202411,PJ,PF,CENTRO-OESTE,CENTRO-OESTE,Nao se aplica,entre 40 e 49 anos,INIC,B2P,Pix,"2729,5",4
202411,PF,PF,Nao informado,CENTRO-OESTE,entre 40 e 49 anos,mais de 60 anos,QRES,P2P,Pix,"16328,63",188
202411,PF,PF,Nao informado,NORTE,entre 40 e 49 anos,entre 20 e 29 anos,Nao disponivel,P2P,Nao disponivel,"800,49",14
202411,PF,PF,NORTE,SUDESTE,entre 50 e 59 anos,entre 30 e 39 anos,DICT,P2P,Pix,"27990688,36",88274
202411,PF,PJ,SUDESTE,SUL,até 19 anos,Nao se aplica,QRDN,P2B,Pix Saque,248723,1144
202411,PF,PF,NORTE,SUDESTE,entre 20 e 29 anos,entre 40 e 49 anos,Nao disponivel,P2P,Nao disponivel,"112125,33",831
202411,PF,PF,SUDESTE,SUDESTE,entre 30 e 39 anos,entre 30 e 39 anos,QRDN,P2P,Pix,"108537335,68",3143831
202411,PF,PF,Nao informado,CENTRO-OESTE,entre 30 e 39 anos,entre 50 e 59 anos,DICT,P2P,Pix,"1765721,16",2095
202411,PF,PF,NORDESTE,NORTE,até 19 anos,entre 30 e 39 anos,DICT,P2P,Pix,"5207406,85",60922
202411,PF,PF,NORTE,CENTRO-OESTE,entre 30 e 39 anos,entre 20 e 29 anos,QRES,P2P,Pix,1544732,24778
202411,PJ,PF,NORTE,CENTRO-OESTE,Nao se aplica,entre 20 e 29 anos,QRDN,B2P,Pix,"94406,16",1168
202411,PF,PF,SUL,SUL,até 19 anos,entre 30 e 39 anos,DICT,P2P,Pix,"203155834,82",1743418
202411,PJ,PF,NORDESTE,SUL,Nao se aplica,mais de 60 anos,MANU,B2P,Pix,"67107276,37",8111
202411,PF,PJ,CENTRO-OESTE,SUDESTE,até 19 anos,Nao se aplica,QRES,P2G,Pix,"2278,73",25
202411,PF,PF,NORTE,CENTRO-OESTE,entre 20 e 29 anos,entre 40 e 49 anos,MANU,P2P,Pix,"7307950,57",39985
202411,PF,PF,NORTE,CENTRO-OESTE,entre 20 e 29 anos,entre 30 e 39 anos,MANU,P2P,Pix,"9435168,46",59047
202411,PJ,PF,NORTE,SUL,Nao se aplica,entre 30 e 39 anos,DICT,B2P,Pix,"69371679,55",246756
202411,PF,PJ,SUL,NORTE,entre 40 e 49 anos,Nao se aplica,DICT,P2G,Pix,"47740,07",24
202411,PF,PF,NORDESTE,NORTE,mais de 60 anos,entre 50 e 59 anos,Nao disponivel,P2P,Nao disponivel,"13345,91",49
202411,PF,PF,NORDESTE,NORDESTE,entre 30 e 39 anos,mais de 60 anos,QRES,P2P,Pix,"76386728,86",2003220
202411,PF,PF,SUL,SUDESTE,entre 20 e 29 anos,até 19 anos,QRDN,P2P,Pix,"70818,11",1668
202411,PF,PJ,NORDESTE,NORDESTE,mais de 60 anos,Nao se aplica,Nao disponivel,P2G,Nao disponivel,1224,1
202411,PF,PF,SUDESTE,NORDESTE,entre 30 e 39 anos,Nao informado,MANU,P2P,Pix,149,2
202411,PJ,PF,SUL,SUDESTE,Nao se aplica,entre 50 e 59 anos,DICT,B2P,Pix,"361406888,25",506645
202411,PF,PJ,NORTE,SUDESTE,entre 30 e 39 anos,Nao se aplica,QRES,P2B,Pix,"193614020,67",1649505
202411,PF,PF,NORTE,NORTE,até 19 anos,entre 30 e 39 anos,MANU,P2P,Pix,"33651663,74",487762
202411,PF,PF,SUL,CENTRO-OESTE,mais de 60 anos,entre 30 e 39 anos,MANU,P2P,Pix,"2136156,49",2579
202411,PF,PF,SUL,Nao informado,entre 50 e 59 anos,entre 20 e 29 anos,DICT,P2P,Pix,"1082128,53",2874
202411,PF,PF,NORTE,SUL,entre 40 e 49 anos,entre 50 e 59 anos,Nao disponivel,P2P,Nao disponivel,"7994,33",79
202411,PF,PJ,Nao informado,SUDESTE,entre 40 e 49 anos,Nao se aplica,QRES,P2B,Pix,"4302082,9",14017
202411,PJ,PF,SUL,SUDESTE,Nao se aplica,entre 50 e 59 anos,Nao disponivel,B2P,Nao disponivel,"10594192,64",20209
202411,PF,PJ,Nao informado,NORDESTE,entre 20 e 29 anos,Nao se aplica,DICT,P2G,Pix,"0,01",1
202411,PF,PF,Nao informado,SUDESTE,entre 50 e 59 anos,até 19 anos,QRDN,P2P,Pix,"518,22",19
202411,PF,PF,CENTRO-OESTE,SUDESTE,entre 20 e 29 anos,Nao informado,INIC,P2P,Pix,"193,78",4
202411,PF,PF,SUL,NORDESTE,entre 20 e 29 anos,entre 20 e 29 anos,DICT,P2P,Pix,"44383368,86",312874
202411,PF,PF,SUDESTE,Nao informado,mais de 60 anos,entre 50 e 59 anos,MANU,P2P,Pix,"3280320,16",739
202411,PF,PF,SUDESTE,SUDESTE,mais de 60 anos,entre 30 e 39 anos,Nao disponivel,P2P,Nao disponivel,"5875530,06",12841
202411,PF,PF,NORDESTE,NORDESTE,mais de 60 anos,mais de 60 anos,INIC,P2P,Pix,"1701193,84",1556
202411,PF,PF,Nao informado,Nao informado,mais de 60 anos,entre 40 e 49 anos,QRES,P2P,Pix,"6230,5",29
202411,PF,PF,SUDESTE,CENTRO-OESTE,entre 50 e 59 anos,entre 30 e 39 anos,Nao disponivel,P2P,Nao disponivel,"78009,39",295
202411,PF,PF,SUDESTE,SUDESTE,até 19 anos,entre 20 e 29 anos,Nao disponivel,P2P,Nao disponivel,"6371702,4",63893
202411,PF,PF,NORDESTE,NORTE,entre 50 e 59 anos,entre 40 e 49 anos,QRDN,P2P,Pix,"389975,09",11017
202411,PF,PF,SUL,CENTRO-OESTE,entre 50 e 59 anos,até 19 anos,QRES,P2P,Pix,"20537,67",383
202411,PF,PF,SUL,Nao informado,até 19 anos,entre 40 e 49 anos,DICT,P2P,Pix,"183828,37",861
202411,PF,PF,NORTE,CENTRO-OESTE,entre 20 e 29 anos,mais de 60 anos,DICT,P2P,Pix,"12135144,24",52198
202411,PF,PF,SUL,NORDESTE,entre 50 e 59 anos,entre 50 e 59 anos,Nao disponivel,P2P,Nao disponivel,"19305,92",61
202411,PF,PF,CENTRO-OESTE,NORDESTE,entre 30 e 39 anos,entre 50 e 59 anos,QRES,P2P,Pix,"1604979,61",41925
202411,PJ,PF,CENTRO-OESTE,SUL,Nao se aplica,mais de 60 anos,Nao disponivel,B2P,Nao disponivel,"153374,32",388
202411,PF,PF,SUDESTE,NORTE,até 19 anos,até 19 anos,DICT,P2P,Pix,"1481787,54",64625
202411,PF,PF,SUDESTE,SUL,entre 20 e 29 anos,entre 40 e 49 anos,DICT,P2P,Pix,"53201316,06",217067
202411,PF,PF,SUL,SUDESTE,entre 30 e 39 anos,entre 40 e 49 anos,QRDN,P2P,Pix,"1334598,08",33649
202411,PF,PF,NORDESTE,CENTRO-OESTE,entre 20 e 29 anos,até 19 anos,Nao disponivel,P2P,Nao disponivel,"54989,38",1513
202411,PF,PJ,SUL,NORTE,entre 40 e 49 anos,Nao se aplica,DICT,P2B,Pix,"26652100,37",19584
202411,PF,PF,NORTE,NORDESTE,entre 50 e 59 anos,entre 30 e 39 anos,MANU,P2P,Pix,"4785054,18",32756
202411,PF,PF,SUDESTE,NORTE,mais de 60 anos,mais de 60 anos,QRES,P2P,Pix,"86900,94",1454
202411,PF,PF,CENTRO-OESTE,NORDESTE,mais de 60 anos,entre 30 e 39 anos,QRDN,P2P,Pix,"231395,3",4528
202411,PF,PF,SUL,NORDESTE,entre 40 e 49 anos,entre 20 e 29 anos,DICT,P2P,Pix,"32399143,8",181741
202411,PF,PF,SUDESTE,SUDESTE,entre 40 e 49 anos,Nao informado,MANU,P2P,Pix,2970,2
202411,PF,PF,NORDESTE,SUDESTE,entre 40 e 49 anos,Nao informado,INIC,P2P,Pix,"466,58",4
202411,PF,PJ,SUDESTE,SUL,até 19 anos,Nao se aplica,QRDN,P2G,Pix,"62009,09",258
202411,PF,PJ,NORDESTE,CENTRO-OESTE,entre 40 e 49 anos,Nao se aplica,MANU,P2G,Pix,"3154,33",11
202411,PF,PF,SUDESTE,NORDESTE,entre 30 e 39 anos,mais de 60 anos,MANU,P2P,Pix,"25275892,7",65392
202411,PF,PJ,CENTRO-OESTE,SUL,entre 20 e 29 anos,Nao se aplica,Nao disponivel,P2B,Nao disponivel,"342023,73",338
202411,PJ,PF,NORTE,CENTRO-OESTE,Nao se aplica,entre 20 e 29 anos,QRES,B2P,Pix,"473143,69",1947
202411,PF,PF,SUL,Nao informado,entre 50 e 59 anos,entre 30 e 39 anos,MANU,P2P,Pix,"285790,75",889
202411,PF,PF,Nao informado,SUDESTE,entre 40 e 49 anos,entre 30 e 39 anos,Nao disponivel,P2P,Nao disponivel,"14350,67",15
202411,PJ,PF,CENTRO-OESTE,Nao informado,Nao se aplica,entre 30 e 39 anos,MANU,G2P,Pix,"56524,19",36
202411,PF,PJ,CENTRO-OESTE,NORTE,entre 40 e 49 anos,Nao se aplica,Nao disponivel,P2B,Nao disponivel,"398870,25",100
202411,PF,PJ,NORDESTE,Nao informado,entre 40 e 49 anos,Nao se aplica,QRDN,P2G,Pix,"219,15",1
202411,PF,PF,NORTE,SUL,entre 20 e 29 anos,entre 20 e 29 anos,DICT,P2P,Pix,"35558072,56",284702
202411,PF,PF,SUDESTE,Nao informado,até 19 anos,até 19 anos,MANU,P2P,Pix,"4872,68",127
202411,PF,PF,NORTE,CENTRO-OESTE,entre 20 e 29 anos,entre 50 e 59 anos,MANU,P2P,Pix,"3931209,62",21923
202411,PJ,PF,SUDESTE,CENTRO-OESTE,Nao se aplica,até 19 anos,MANU,B2P,Pix,"23134741,96",88356
202411,PF,PF,NORTE,NORDESTE,entre 20 e 29 anos,até 19 anos,DICT,P2P,Pix,"6024491,59",83221
202411,PF,PF,NORTE,SUDESTE,entre 20 e 29 anos,entre 30 e 39 anos,QRDN,P2P,Pix,"1109421,83",36527
202411,PJ,PJ,NORTE,NORDESTE,Nao se aplica,Nao se aplica,QRDN,B2B,Pix,"137111841,78",118923
202411,PF,PF,NORTE,CENTRO-OESTE,até 19 anos,mais de 60 anos,MANU,P2P,Pix,"200335,07",1983
202411,PF,PF,NORTE,Nao informado,entre 20 e 29 anos,entre 40 e 49 anos,MANU,P2P,Pix,"352928,26",2946
202411,PF,PF,Nao informado,SUDESTE,entre 20 e 29 anos,entre 30 e 39 anos,DICT,P2P,Pix,"3893943,95",9935
202411,PF,PF,NORDESTE,NORDESTE,Nao informado,mais de 60 anos,QRES,P2P,Pix,"136,75",5
202411,PF,PF,NORTE,SUL,até 19 anos,entre 20 e 29 anos,MANU,P2P,Pix,"651778,37",6645
202411,PF,PF,NORDESTE,Nao informado,entre 50 e 59 anos,entre 30 e 39 anos,QRDN,P2P,Pix,"1900,56",74
202411,PF,PF,CENTRO-OESTE,SUDESTE,entre 40 e 49 anos,entre 50 e 59 anos,Nao disponivel,P2P,Nao disponivel,"102605,01",359
202411,PF,PF,Nao informado,NORTE,até 19 anos,entre 50 e 59 anos,QRES,P2P,Pix,"1192,8",84
202411,PF,PF,SUDESTE,Nao informado,entre 30 e 39 anos,entre 20 e 29 anos,MANU,P2P,Pix,"616819,6",2265
202411,PF,PF,SUDESTE,Nao informado,até 19 anos,entre 30 e 39 anos,QRES,P2P,Pix,"6293,27",323
202411,PF,PF,NORTE,NORTE,entre 40 e 49 anos,entre 40 e 49 anos,MANU,P2P,Pix,"1315527698,2",5197360
202411,PF,PF,SUDESTE,NORTE,até 19 anos,entre 40 e 49 anos,Nao disponivel,P2P,Nao disponivel,"19445,85",428
202411,PF,PJ,NORDESTE,CENTRO-OESTE,entre 40 e 49 anos,Nao se aplica,Nao disponivel,P2B,Nao disponivel,"468599,56",639
202411,PF,PJ,SUL,CENTRO-OESTE,mais de 60 anos,Nao se aplica,DICT,P2B,Pix,"52447504,93",22633
202411,PF,PF,NORDESTE,NORTE,até 19 anos,mais de 60 anos,QRDN,P2P,Pix,"58291,35",3674
202411,PJ,PF,SUL,CENTRO-OESTE,Nao se aplica,entre 20 e 29 anos,DICT,B2P,Pix,"132581698,91",324729
202411,PF,PF,CENTRO-OESTE,Nao informado,até 19 anos,entre 30 e 39 anos,MANU,P2P,Pix,"14143,44",117
202411,PF,PJ,NORTE,NORDESTE,entre 20 e 29 anos,Nao se aplica,Nao disponivel,P2B,Nao disponivel,"258901,38",380
202411,PJ,PF,CENTRO-OESTE,SUL,Nao se aplica,entre 40 e 49 anos,QRDN,B2P,Pix,"101838,06",1271
202411,PF,PF,NORDESTE,CENTRO-OESTE,entre 40 e 49 anos,entre 40 e 49 anos,MANU,P2P,Pix,"12303416,43",62838
202411,PF,PF,SUDESTE,Nao informado,entre 50 e 59 anos,mais de 60 anos,QRES,P2P,Pix,"13231,54",96
202411,PF,PF,SUL,NORDESTE,entre 20 e 29 anos,até 19 anos,DICT,P2P,Pix,"4154776,82",49656
202411,PF,PF,NORDESTE,CENTRO-OESTE,entre 30 e 39 anos,mais de 60 anos,MANU,P2P,Pix,"5301679,5",22992
202411,PF,PJ,SUL,NORTE,entre 40 e 49 anos,Nao se aplica,QRDN,P2B,Pix Saque,"4925,83",27
202411,PF,PF,NORTE,Nao informado,entre 40 e 49 anos,entre 20 e 29 anos,QRDN,P2P,Pix,"3041,77",85
202411,PF,PF,SUDESTE,Nao informado,entre 30 e 39 anos,entre 40 e 49 anos,QRES,P2P,Pix,"137284,24",1179
202411,PF,PF,NORDESTE,NORDESTE,mais de 60 anos,entre 40 e 49 anos,Nao disponivel,P2P,Nao disponivel,"1752978,48",5012
202411,PF,PF,NORTE,SUDESTE,entre 50 e 59 anos,entre 20 e 29 anos,QRES,P2P,Pix,"771807,3",6151
202411,PF,PJ,SUDESTE,SUDESTE,mais de 60 anos,Nao se aplica,DICT,P2B,Pix,"5516094222,58",6576959
202411,PF,PF,NORDESTE,SUDESTE,entre 20 e 29 anos,entre 50 e 59 anos,MANU,P2P,Pix,"29758757,06",203119
202411,PF,PF,Nao informado,NORTE,entre 20 e 29 anos,entre 30 e 39 anos,Nao disponivel,P2P,Nao disponivel,"2183,38",16
202411,PF,PF,SUL,SUL,entre 40 e 49 anos,entre 20 e 29 anos,QRDN,P2P,Pix,"7074378,34",170752
202411,PJ,PF,SUL,SUDESTE,Nao se aplica,entre 50 e 59 anos,DICT,G2P,Pix,"56670,27",422
202411,PF,PJ,SUDESTE,SUDESTE,entre 50 e 59 anos,Nao se aplica,INIC,P2B,Pix,"56957,33",3526
202411,PF,PJ,SUDESTE,SUDESTE,Nao informado,Nao se aplica,DICT,P2B,Pix,"2714,66",10
202411,PF,PF,SUDESTE,CENTRO-OESTE,entre 20 e 29 anos,entre 20 e 29 anos,Nao disponivel,P2P,Nao disponivel,"377132,91",3059
202411,PF,PF,Nao informado,SUDESTE,até 19 anos,entre 50 e 59 anos,DICT,P2P,Pix,"48352,24",263
202411,PF,PF,CENTRO-OESTE,SUL,entre 30 e 39 anos,mais de 60 anos,QRES,P2P,Pix,"319730,78",4925
202411,PF,PF,NORDESTE,SUL,entre 50 e 59 anos,até 19 anos,DICT,P2P,Pix,"1085685,91",10129
202411,PJ,PF,NORDESTE,CENTRO-OESTE,Nao se aplica,até 19 anos,QRDN,B2P,Pix,"7770,68",108
202411,PJ,PF,CENTRO-OESTE,Nao informado,Nao se aplica,mais de 60 anos,MANU,B2P,Pix,"873110,8",103
202411,PF,PJ,SUL,CENTRO-OESTE,até 19 anos,Nao se aplica,MANU,P2B,Pix,"163409,81",979
202411,PF,PF,SUL,Nao informado,entre 40 e 49 anos,entre 50 e 59 anos,Nao disponivel,P2P,Nao disponivel,812,4
202411,PF,PF,SUDESTE,Nao informado,entre 40 e 49 anos,até 19 anos,DICT,P2P,Pix,"167718,25",527
202411,PF,PF,NORTE,CENTRO-OESTE,entre 50 e 59 anos,até 19 anos,QRES,P2P,Pix,"50066,73",724
202411,PF,PF,NORTE,SUL,entre 40 e 49 anos,até 19 anos,DICT,P2P,Pix,"2361562,14",19295
202411,PF,PF,NORDESTE,SUDESTE,mais de 60 anos,entre 20 e 29 anos,INIC,P2P,Pix,10,1
202411,PJ,PJ,SUL,SUL,Nao se aplica,Nao se aplica,QRDN,B2B,Pix,"2025613098,08",6010786
202411,PF,PF,NORTE,NORDESTE,entre 50 e 59 anos,entre 40 e 49 anos,QRES,P2P,Pix,"1475971,99",22681
202411,PJ,PF,CENTRO-OESTE,SUDESTE,Nao se aplica,entre 30 e 39 anos,DICT,G2P,Pix,"8264484,39",8321
202411,PJ,PF,NORDESTE,NORDESTE,Nao se aplica,mais de 60 anos,QRDN,G2P,Pix,174,1
202411,PF,PF,SUDESTE,NORDESTE,entre 40 e 49 anos,entre 50 e 59 anos,DICT,P2P,Pix,"154109999,25",560235
202411,PF,PF,SUDESTE,CENTRO-OESTE,entre 20 e 29 anos,entre 30 e 39 anos,QRDN,P2P,Pix,"1220199,73",35578
202411,PF,PF,NORTE,NORDESTE,até 19 anos,entre 50 e 59 anos,QRES,P2P,Pix,"229865,32",14559
202411,PF,PJ,Nao informado,CENTRO-OESTE,até 19 anos,Nao se aplica,QRDN,P2G,Pix,"2859,97",41
202411,PF,PF,NORTE,SUL,até 19 anos,entre 20 e 29 anos,QRES,P2P,Pix,"179505,07",8507
202411,PF,PF,CENTRO-OESTE,NORDESTE,entre 40 e 49 anos,entre 30 e 39 anos,MANU,P2P,Pix,"16431566,3",86384
202411,PF,PF,NORTE,NORTE,até 19 anos,entre 20 e 29 anos,Nao disponivel,P2P,Nao disponivel,"1200905,97",14386
202411,PJ,PF,Nao informado,SUL,Nao se aplica,até 19 anos,MANU,B2P,Pix,"11739,57",9
202411,PF,PJ,NORDESTE,SUL,entre 30 e 39 anos,Nao se aplica,QRDN,P2B,Pix Saque,"4733910,2",11857
202411,PF,PJ,NORDESTE,SUL,entre 40 e 49 anos,Nao se aplica,QRDN,P2B,Pix Troco,97,4
202411,PF,PF,NORTE,NORTE,mais de 60 anos,mais de 60 anos,QRES,P2P,Pix,"15579722,13",93651
202411,PJ,PJ,NORDESTE,NORDESTE,Nao se aplica,Nao se aplica,Nao disponivel,B2G,Nao disponivel,"297030,42",31
202411,PF,PF,NORDESTE,NORDESTE,entre 30 e 39 anos,entre 30 e 39 anos,QRDN,P2P,Pix,"129620958,31",3787419
202411,PF,PF,SUDESTE,Nao informado,entre 20 e 29 anos,entre 50 e 59 anos,QRDN,P2P,Pix,"6748,82",295
202411,PF,PF,NORDESTE,NORDESTE,entre 50 e 59 anos,entre 30 e 39 anos,QRDN,P2P,Pix,"32876519,66",857161
202411,PF,PF,Nao informado,Nao informado,entre 20 e 29 anos,entre 20 e 29 anos,Nao disponivel,P2P,Nao disponivel,"172294,74",222
202411,PF,PJ,NORTE,NORDESTE,entre 50 e 59 anos,Nao se aplica,QRES,P2G,Pix,"1834,38",59
202411,PJ,PJ,CENTRO-OESTE,CENTRO-OESTE,Nao se aplica,Nao se aplica,MANU,B2B,Pix Saque,500,1
202411,PF,PF,CENTRO-OESTE,SUL,mais de 60 anos,entre 40 e 49 anos,DICT,P2P,Pix,"22522920,9",27419
202411,PF,PF,NORTE,SUDESTE,mais de 60 anos,entre 20 e 29 anos,QRDN,P2P,Pix,"57776,24",1037
202411,PF,PF,NORDESTE,CENTRO-OESTE,mais de 60 anos,entre 50 e 59 anos,QRDN,P2P,Pix,"83455,95",1754
202411,PF,PF,NORTE,CENTRO-OESTE,entre 20 e 29 anos,entre 30 e 39 anos,QRDN,P2P,Pix,"2108903,76",64763
202411,PF,PF,CENTRO-OESTE,CENTRO-OESTE,até 19 anos,mais de 60 anos,QRES,P2P,Pix,"2104181,72",99825
202411,PF,PF,NORTE,NORDESTE,mais de 60 anos,até 19 anos,QRES,P2P,Pix,"64565,75",481
202411,PF,PJ,NORDESTE,SUL,entre 40 e 49 anos,Nao se aplica,QRDN,P2B,Pix,"400610378,18",4868232
202411,PF,PF,NORTE,Nao informado,entre 20 e 29 anos,entre 20 e 29 anos,QRES,P2P,Pix,"101784,99",1799
202411,PJ,PJ,NORDESTE,CENTRO-OESTE,Nao se aplica,Nao se aplica,QRDN,G2G,Pix,"3131191,93",214
202411,PJ,PF,NORDESTE,NORDESTE,Nao se aplica,entre 40 e 49 anos,QRDN,B2P,Pix,"16563883,88",255346
202411,PF,PF,NORTE,NORTE,mais de 60 anos,até 19 anos,DICT,P2P,Pix,"42944784,82",361745
202411,PF,PF,NORTE,NORTE,entre 30 e 39 anos,entre 50 e 59 anos,MANU,P2P,Pix,"177267692,4",1077890
202411,PF,PF,CENTRO-OESTE,Nao informado,entre 20 e 29 anos,entre 50 e 59 anos,Nao disponivel,P2P,Nao disponivel,"92,18",2
202411,PF,PF,Nao informado,CENTRO-OESTE,entre 30 e 39 anos,entre 20 e 29 anos,DICT,P2P,Pix,"1533544,48",3333
202411,PF,PJ,CENTRO-OESTE,SUL,mais de 60 anos,Nao se aplica,INIC,P2B,Pix,"19001,15",91
202411,PF,PF,SUDESTE,NORDESTE,entre 30 e 39 anos,entre 50 e 59 anos,MANU,P2P,Pix,"28742462,26",123766
202411,PF,PF,Nao informado,SUDESTE,entre 50 e 59 anos,entre 40 e 49 anos,Nao disponivel,P2P,Nao disponivel,"1833,63",6
202411,PF,PF,SUL,NORDESTE,entre 50 e 59 anos,até 19 anos,QRES,P2P,Pix,"136990,13",971
202411,PF,PF,NORDESTE,Nao informado,entre 20 e 29 anos,entre 50 e 59 anos,DICT,P2P,Pix,"915617,85",2460
202411,PF,PF,Nao informado,CENTRO-OESTE,entre 30 e 39 anos,entre 30 e 39 anos,QRDN,P2P,Pix,"18772,76",439
202411,PJ,PF,SUL,SUL,Nao se aplica,entre 50 e 59 anos,DICT,G2P,Pix,"7943936,34",97502
202411,PJ,PF,SUDESTE,NORDESTE,Nao se aplica,entre 20 e 29 anos,MANU,G2P,Pix,"49889,62",36
202411,PF,PJ,SUDESTE,CENTRO-OESTE,mais de 60 anos,Nao se aplica,QRDN,P2B,Pix Saque,"45723,61",271
202411,PF,PF,SUDESTE,Nao informado,entre 20 e 29 anos,entre 30 e 39 anos,QRDN,P2P,Pix,16365,405
202411,PF,PJ,SUL,SUDESTE,entre 50 e 59 anos,Nao se aplica,QRDN,P2B,Pix,"941408415,41",12802057
202411,PJ,PF,SUDESTE,SUDESTE,Nao se aplica,entre 30 e 39 anos,DICT,B2P,Pix,"22308456238,63",33687629
202411,PF,PF,SUL,Nao informado,até 19 anos,entre 30 e 39 anos,QRDN,P2P,Pix,"3213,86",277
202411,PF,PF,CENTRO-OESTE,NORDESTE,até 19 anos,entre 30 e 39 anos,Nao disponivel,P2P,Nao disponivel,"70585,99",774
202411,PJ,PF,SUDESTE,CENTRO-OESTE,Nao se aplica,entre 30 e 39 anos,Nao disponivel,B2P,Nao disponivel,"20952736,8",208669
202411,PF,PF,SUL,NORDESTE,entre 30 e 39 anos,entre 30 e 39 anos,QRES,P2P,Pix,"1623670,88",32030
202411,PF,PF,SUDESTE,Nao informado,mais de 60 anos,entre 50 e 59 anos,DICT,P2P,Pix,"5637282,95",3103
202411,PF,PF,SUL,Nao informado,entre 20 e 29 anos,entre 20 e 29 anos,DICT,P2P,Pix,"2021141,31",8333
202411,PF,PF,NORTE,SUDESTE,entre 30 e 39 anos,até 19 anos,MANU,P2P,Pix,"697668,99",9491
202411,PF,PF,SUL,NORTE,entre 30 e 39 anos,entre 50 e 59 anos,QRES,P2P,Pix,"289934,99",7649
202411,PF,PF,NORDESTE,SUDESTE,até 19 anos,Nao informado,QRES,P2P,Pix,"177944,46",318
202411,PF,PJ,NORTE,SUL,entre 50 e 59 anos,Nao se aplica,INIC,P2B,Pix,"18666,71",110
202411,PF,PF,NORDESTE,NORDESTE,até 19 anos,até 19 anos,MANU,P2P,Pix,"297974463,75",4235007
202411,PJ,PF,CENTRO-OESTE,SUL,Nao se aplica,entre 40 e 49 anos,Nao disponivel,B2P,Nao disponivel,"319905,87",1146
202411,PF,PF,NORTE,NORTE,entre 50 e 59 anos,entre 20 e 29 anos,DICT,P2P,Pix,"635107268,49",3216214
202411,PF,PF,NORTE,CENTRO-OESTE,até 19 anos,entre 20 e 29 anos,Nao disponivel,P2P,Nao disponivel,"34733,47",609
202411,PF,PJ,NORDESTE,SUL,entre 50 e 59 anos,Nao se aplica,MANU,P2B,Pix,"8961828,74",6629
202411,PF,PF,NORDESTE,NORTE,entre 50 e 59 anos,entre 50 e 59 anos,Nao disponivel,P2P,Nao disponivel,"15229,53",105
202411,PF,PF,CENTRO-OESTE,CENTRO-OESTE,mais de 60 anos,entre 30 e 39 anos,DICT,P2P,Pix,"974893119,47",1717898
202411,PJ,PJ,NORDESTE,Nao informado,Nao se aplica,Nao se aplica,DICT,G2B,Pix,"43223,29",6
202411,PJ,PF,SUL,NORDESTE,Nao se aplica,entre 30 e 39 anos,MANU,G2P,Pix,"25226,5",30
202411,PF,PF,SUL,Nao informado,mais de 60 anos,mais de 60 anos,QRDN,P2P,Pix,"242,5",2
202411,PF,PF,Nao informado,CENTRO-OESTE,até 19 anos,até 19 anos,MANU,P2P,Pix,"1768,53",67
202411,PF,PJ,SUL,SUL,até 19 anos,Nao se aplica,QRES,P2B,Pix,"78903622,65",1504161
202411,PF,PF,SUDESTE,SUDESTE,entre 20 e 29 anos,mais de 60 anos,DICT,P2P,Pix,"1315279112,89",5983584
202411,PF,PF,NORDESTE,CENTRO-OESTE,até 19 anos,mais de 60 anos,MANU,P2P,Pix,"258692,17",3614
202411,PF,PF,NORDESTE,SUL,mais de 60 anos,mais de 60 anos,MANU,P2P,Pix,"670543,96",1254
202411,PF,PF,Nao informado,CENTRO-OESTE,até 19 anos,entre 30 e 39 anos,DICT,P2P,Pix,"38205,32",301
202411,PF,PJ,SUDESTE,NORTE,até 19 anos,Nao se aplica,Nao disponivel,P2B,Nao disponivel,"15389,72",90
202411,PF,PF,NORDESTE,NORDESTE,até 19 anos,entre 30 e 39 anos,Nao disponivel,P2P,Nao disponivel,"3032975,81",32450
202411,PF,PF,SUL,SUDESTE,entre 20 e 29 anos,entre 20 e 29 anos,INIC,P2P,Pix,100,2
202411,PF,PF,NORTE,CENTRO-OESTE,entre 30 e 39 anos,entre 40 e 49 anos,Nao disponivel,P2P,Nao disponivel,"148199,94",500
202411,PJ,PF,CENTRO-OESTE,NORTE,Nao se aplica,até 19 anos,MANU,G2P,Pix,"60419,81",43
202411,PF,PF,NORTE,SUL,entre 30 e 39 anos,entre 50 e 59 anos,DICT,P2P,Pix,"19562009,03",80279
202411,PJ,PF,SUL,CENTRO-OESTE,Nao se aplica,entre 40 e 49 anos,MANU,G2P,Pix,"2314,26",2
202411,PJ,PF,NORDESTE,NORTE,Nao se aplica,entre 50 e 59 anos,MANU,B2P,Pix,"11802744,83",20466
202411,PF,PF,NORTE,SUL,entre 20 e 29 anos,entre 50 e 59 anos,Nao disponivel,P2P,Nao disponivel,"42374,3",200
202411,PF,PJ,Nao informado,CENTRO-OESTE,entre 50 e 59 anos,Nao se aplica,MANU,P2B,Pix,"241422,79",209
202411,PF,PF,CENTRO-OESTE,CENTRO-OESTE,entre 50 e 59 anos,entre 50 e 59 anos,QRES,P2P,Pix,"57710316,76",268213
202411,PF,PF,SUDESTE,Nao informado,entre 40 e 49 anos,Nao informado,MANU,P2P,Pix,"2343,54",78
202411,PF,PF,SUDESTE,SUL,entre 50 e 59 anos,entre 50 e 59 anos,QRES,P2P,Pix,"614585,2",7964
202411,PF,PF,NORDESTE,CENTRO-OESTE,entre 20 e 29 anos,entre 50 e 59 anos,Nao disponivel,P2P,Nao disponivel,"119611,21",449
202411,PF,PJ,SUDESTE,NORDESTE,mais de 60 anos,Nao se aplica,QRES,P2B,Pix,"11393794,61",93549
202411,PF,PF,Nao informado,NORTE,entre 40 e 49 anos,entre 50 e 59 anos,Nao disponivel,P2P,Nao disponivel,400,1
202411,PF,PF,CENTRO-OESTE,SUDESTE,entre 40 e 49 anos,entre 20 e 29 anos,QRES,P2P,Pix,"1730106,91",20817
202411,PF,PF,NORDESTE,Nao informado,entre 20 e 29 anos,entre 20 e 29 anos,Nao disponivel,P2P,Nao disponivel,"19172,3",75
202411,PF,PF,NORDESTE,SUL,entre 30 e 39 anos,entre 30 e 39 anos,MANU,P2P,Pix,"9937005,16",58679
202411,PF,PF,Nao informado,NORTE,entre 30 e 39 anos,até 19 anos,DICT,P2P,Pix,"192216,86",1570
202411,PF,PJ,SUDESTE,SUDESTE,até 19 anos,Nao se aplica,QRDN,P2G,Pix,"4427458,29",25353
202411,PJ,PJ,Nao informado,CENTRO-OESTE,Nao se aplica,Nao se aplica,QRDN,B2B,Pix,"13839481,32",702
202411,PF,PJ,SUL,SUL,mais de 60 anos,Nao se aplica,QRDN,P2B,Pix Troco,"140675,22",425
202411,PF,PF,CENTRO-OESTE,SUDESTE,entre 50 e 59 anos,entre 50 e 59 anos,DICT,P2P,Pix,"58619967,46",107371
202411,PJ,PJ,NORTE,NORDESTE,Nao se aplica,Nao se aplica,Nao disponivel,B2B,Nao disponivel,"596267,08",233
202411,PF,PF,SUDESTE,NORDESTE,entre 20 e 29 anos,até 19 anos,QRDN,P2P,Pix,"293426,96",10682
202411,PJ,PF,CENTRO-OESTE,CENTRO-OESTE,Nao se aplica,mais de 60 anos,MANU,G2P,Pix,"30559948,53",2965
202411,PJ,PJ,NORTE,CENTRO-OESTE,Nao se aplica,Nao se aplica,QRDN,B2B,Pix,"482868034,41",190297
202411,PF,PJ,SUDESTE,Nao informado,mais de 60 anos,Nao se aplica,QRDN,P2B,Pix,"294461,65",1253
202411,PF,PJ,Nao informado,NORTE,entre 30 e 39 anos,Nao se aplica,QRDN,P2B,Pix,"858020,58",12603
202411,PF,PJ,SUDESTE,SUDESTE,entre 40 e 49 anos,Nao se aplica,Nao disponivel,P2B,Nao disponivel,"34330792,86",22034
202411,PF,PF,SUL,NORDESTE,entre 30 e 39 anos,até 19 anos,Nao disponivel,P2P,Nao disponivel,"15183,82",322
202411,PJ,PJ,CENTRO-OESTE,SUDESTE,Nao se aplica,Nao se aplica,QRDN,G2B,Pix,"213073,5",95
202411,PF,PF,SUDESTE,Nao informado,mais de 60 anos,entre 30 e 39 anos,MANU,P2P,Pix,"1719130,56",1286
202411,PF,PJ,NORTE,SUDESTE,entre 50 e 59 anos,Nao se aplica,QRES,P2B,Pix Saque,448,4
202411,PF,PJ,NORTE,SUL,entre 30 e 39 anos,Nao se aplica,QRDN,P2B,Pix Saque,"3420392,99",12021
202411,PF,PF,SUDESTE,NORTE,entre 30 e 39 anos,mais de 60 anos,DICT,P2P,Pix,"16501635,64",30537
202411,PJ,PF,NORDESTE,NORTE,Nao se aplica,entre 40 e 49 anos,DICT,G2P,Pix,"45870,7",45
202411,PF,PF,CENTRO-OESTE,CENTRO-OESTE,entre 20 e 29 anos,entre 50 e 59 anos,Nao disponivel,P2P,Nao disponivel,"2223614,59",7619
202411,PF,PJ,CENTRO-OESTE,NORDESTE,até 19 anos,Nao se aplica,QRES,P2G,Pix,"648,58",18
202411,PJ,PF,SUDESTE,SUDESTE,Nao se aplica,mais de 60 anos,Nao disponivel,B2P,Nao disponivel,"50026331,18",334144
202411,PF,PF,NORDESTE,CENTRO-OESTE,entre 30 e 39 anos,até 19 anos,MANU,P2P,Pix,"2019758,63",25369
202411,PF,PJ,Nao informado,SUDESTE,entre 50 e 59 anos,Nao se aplica,QRDN,P2B,Pix Saque,"2833,81",18
202411,PF,PJ,NORDESTE,SUL,até 19 anos,Nao se aplica,QRES,P2B,Pix,"6461987,34",81688
202411,PJ,PF,CENTRO-OESTE,NORDESTE,Nao se aplica,mais de 60 anos,QRDN,B2P,Pix,"59194,55",914
202411,PF,PF,SUL,SUL,mais de 60 anos,entre 50 e 59 anos,QRDN,P2P,Pix,"1863891,95",29502
202411,PF,PF,CENTRO-OESTE,Nao informado,entre 20 e 29 anos,entre 30 e 39 anos,QRDN,P2P,Pix,"17910,52",473
202411,PF,PF,SUDESTE,CENTRO-OESTE,entre 30 e 39 anos,mais de 60 anos,DICT,P2P,Pix,"42219278,16",70019
202411,PF,PF,SUL,SUL,entre 20 e 29 anos,entre 40 e 49 anos,Nao disponivel,P2P,Nao disponivel,"3402715,09",17261
202411,PF,PF,Nao informado,NORTE,Nao informado,entre 50 e 59 anos,MANU,P2P,Pix,"6,5",2
202411,PF,PJ,SUDESTE,SUL,mais de 60 anos,Nao se aplica,INIC,P2B,Pix,"31768,8",200
202411,PF,PF,SUL,Nao informado,até 19 anos,mais de 60 anos,MANU,P2P,Pix,"7137,5",15
202411,PF,PF,CENTRO-OESTE,SUDESTE,entre 30 e 39 anos,até 19 anos,QRDN,P2P,Pix,"78958,66",2229
202411,PF,PF,SUL,SUDESTE,entre 30 e 39 anos,entre 20 e 29 anos,DICT,P2P,Pix,"81589891,13",389747
202411,PF,PF,SUL,SUL,até 19 anos,entre 40 e 49 anos,QRDN,P2P,Pix,"3813528,77",184641
202411,PF,PF,SUL,SUL,entre 30 e 39 anos,entre 20 e 29 anos,MANU,P2P,Pix,"264961340,65",1509025
202411,PF,PF,Nao informado,Nao informado,entre 50 e 59 anos,mais de 60 anos,MANU,P2P,Pix,"216367,96",142
202411,PJ,PF,SUL,NORDESTE,Nao se aplica,até 19 anos,QRDN,B2P,Pix,"16957,04",326
202411,PF,PF,Nao informado,NORTE,mais de 60 anos,entre 20 e 29 anos,Nao disponivel,P2P,Nao disponivel,9,1
202411,PF,PJ,SUDESTE,Nao informado,entre 20 e 29 anos,Nao se aplica,QRES,P2B,Pix,"15400,19",88
202411,PF,PJ,SUL,NORDESTE,até 19 anos,Nao se aplica,QRES,P2B,Pix,"773814,84",16813
202411,PF,PF,SUDESTE,SUL,entre 40 e 49 anos,até 19 anos,DICT,P2P,Pix,"9653174,23",68963
202411,PF,PF,SUL,NORDESTE,entre 40 e 49 anos,entre 20 e 29 anos,Nao disponivel,P2P,Nao disponivel,"53702,91",386
202411,PF,PJ,SUDESTE,SUDESTE,entre 50 e 59 anos,Nao se aplica,DICT,P2G,Pix,"6677678,24",10338
202411,PF,PF,Nao informado,CENTRO-OESTE,entre 30 e 39 anos,entre 40 e 49 anos,QRES,P2P,Pix,"48360,78",599
202411,PF,PF,Nao informado,Nao informado,entre 30 e 39 anos,entre 30 e 39 anos,QRES,P2P,Pix,"2038682,14",2554
202411,PF,PF,NORTE,SUDESTE,entre 50 e 59 anos,Nao informado,QRDN,P2P,Pix,"5759,69",3
202411,PF,PF,SUL,SUL,entre 30 e 39 anos,entre 20 e 29 anos,DICT,P2P,Pix,"1621356265,02",7683978
202411,PF,PF,Nao informado,CENTRO-OESTE,até 19 anos,até 19 anos,QRDN,P2P,Pix,28,4
202411,PF,PF,NORDESTE,SUL,entre 20 e 29 anos,entre 20 e 29 anos,QRDN,P2P,Pix,"610817,88",24216
202411,PF,PJ,SUL,SUL,entre 20 e 29 anos,Nao se aplica,DICT,P2B,Pix,"2026591360,51",5560898
202411,PF,PF,NORDESTE,NORTE,mais de 60 anos,Nao informado,DICT,P2P,Pix,15,1
202411,PF,PJ,Nao informado,SUDESTE,entre 20 e 29 anos,Nao se aplica,Nao disponivel,P2B,Nao disponivel,"6733,03",25
202411,PF,PF,SUL,SUL,mais de 60 anos,entre 40 e 49 anos,DICT,P2P,Pix,"1452800520,72",2882061
202411,PJ,PF,SUDESTE,Nao informado,Nao se aplica,até 19 anos,DICT,B2P,Pix,"571778,1",1746
202411,PF,PF,SUDESTE,SUL,entre 50 e 59 anos,entre 50 e 59 anos,DICT,P2P,Pix,"57333850,6",111416
202411,PF,PF,Nao informado,SUDESTE,entre 50 e 59 anos,entre 50 e 59 anos,Nao disponivel,P2P,Nao disponivel,"31974,1",10
202411,PF,PJ,SUL,NORTE,entre 20 e 29 anos,Nao se aplica,MANU,P2G,Pix,112000,2
202411,PF,PF,CENTRO-OESTE,CENTRO-OESTE,mais de 60 anos,entre 40 e 49 anos,QRDN,P2P,Pix,"3876659,33",62444
202411,PF,PF,SUL,NORDESTE,mais de 60 anos,entre 40 e 49 anos,DICT,P2P,Pix,"20900187,49",38206
202411,PF,PF,SUL,Nao informado,até 19 anos,entre 20 e 29 anos,DICT,P2P,Pix,"112553,76",1050
202411,PF,PF,Nao informado,NORTE,entre 20 e 29 anos,mais de 60 anos,Nao disponivel,P2P,Nao disponivel,154,2
202411,PF,PF,NORTE,Nao informado,entre 30 e 39 anos,Nao informado,MANU,P2P,Pix,268,9
202411,PF,PF,CENTRO-OESTE,SUL,entre 20 e 29 anos,entre 40 e 49 anos,QRES,P2P,Pix,"564612,66",13644
202411,PF,PF,Nao informado,SUL,até 19 anos,entre 40 e 49 anos,QRES,P2P,Pix,"2631,5",97
202411,PF,PF,SUDESTE,CENTRO-OESTE,Nao informado,entre 40 e 49 anos,Nao disponivel,P2P,Nao disponivel,"230,82",1
202411,PF,PF,SUL,NORDESTE,mais de 60 anos,entre 40 e 49 anos,MANU,P2P,Pix,"1932275,46",3606
202411,PJ,PF,SUL,CENTRO-OESTE,Nao se aplica,entre 40 e 49 anos,DICT,B2P,Pix,"164347857,81",217839
202411,PF,PF,Nao informado,NORTE,entre 40 e 49 anos,mais de 60 anos,DICT,P2P,Pix,"411225,35",1185
202411,PF,PF,SUDESTE,SUDESTE,entre 20 e 29 anos,até 19 anos,DICT,P2P,Pix,"559744494,58",6497561
202411,PF,PF,NORTE,SUL,entre 50 e 59 anos,até 19 anos,QRDN,P2P,Pix,"14455,54",163
202411,PF,PF,NORDESTE,NORTE,entre 20 e 29 anos,entre 40 e 49 anos,QRES,P2P,Pix,"2269896,71",79314
202411,PJ,PF,SUL,NORDESTE,Nao se aplica,entre 20 e 29 anos,Nao disponivel,B2P,Nao disponivel,"9100776,77",54155
202411,PF,PJ,CENTRO-OESTE,NORTE,até 19 anos,Nao se aplica,MANU,P2B,Pix,"167567,79",1564
202411,PF,PF,NORDESTE,Nao informado,mais de 60 anos,entre 50 e 59 anos,Nao disponivel,P2P,Nao disponivel,"1053,4",4
202411,PJ,PF,SUDESTE,SUL,Nao se aplica,entre 30 e 39 anos,DICT,B2P,Pix,"1581379596,97",5664791
202411,PJ,PJ,NORDESTE,NORTE,Nao se aplica,Nao se aplica,QRDN,B2B,Pix,"43493407,09",42652
202411,PF,PJ,CENTRO-OESTE,CENTRO-OESTE,entre 20 e 29 anos,Nao se aplica,DICT,P2G,Pix,"319767,68",768
202411,PF,PJ,SUL,SUL,entre 30 e 39 anos,Nao se aplica,QRDN,P2B,Pix Troco,"45780,9",155
202411,PF,PF,SUDESTE,SUL,entre 20 e 29 anos,mais de 60 anos,QRDN,P2P,Pix,"512907,48",8655
202411,PF,PF,NORTE,SUL,entre 40 e 49 anos,mais de 60 anos,QRDN,P2P,Pix,"107726,73",3236
202411,PF,PF,CENTRO-OESTE,SUDESTE,mais de 60 anos,Nao informado,QRES,P2P,Pix,"162063,81",49
202411,PJ,PF,NORTE,NORTE,Nao se aplica,entre 30 e 39 anos,Nao disponivel,G2P,Nao disponivel,"2555,45",2
202411,PJ,PJ,NORDESTE,CENTRO-OESTE,Nao se aplica,Nao se aplica,DICT,B2B,Pix,"675677160,3",90012
202411,PF,PJ,SUDESTE,SUDESTE,entre 20 e 29 anos,Nao se aplica,MANU,P2B,Pix Saque,230,4
202411,PF,PF,SUDESTE,SUDESTE,entre 40 e 49 anos,entre 30 e 39 anos,MANU,P2P,Pix,"1210614868,74",4806691
202411,PF,PF,NORDESTE,SUL,entre 40 e 49 anos,entre 50 e 59 anos,DICT,P2P,Pix,"17254888,28",54792
202411,PF,PJ,CENTRO-OESTE,CENTRO-OESTE,entre 50 e 59 anos,Nao se aplica,MANU,P2B,Pix Saque,410,4
202411,PF,PF,Nao informado,CENTRO-OESTE,até 19 anos,entre 40 e 49 anos,Nao disponivel,P2P,Nao disponivel,15,1
202411,PJ,PF,Nao informado,NORDESTE,Nao se aplica,até 19 anos,Nao disponivel,B2P,Nao disponivel,"849,25",14
202411,PF,PJ,CENTRO-OESTE,CENTRO-OESTE,entre 30 e 39 anos,Nao se aplica,QRES,P2B,Pix,"445180019,53",3319801
202411,PF,PF,NORTE,NORDESTE,entre 40 e 49 anos,Nao informado,QRDN,P2P,Pix,20,2
202411,PF,PF,CENTRO-OESTE,NORTE,mais de 60 anos,entre 20 e 29 anos,QRDN,P2P,Pix,"57699,64",1013
202411,PF,PF,SUL,NORDESTE,entre 30 e 39 anos,entre 30 e 39 anos,DICT,P2P,Pix,"63670217,37",286780
202411,PF,PF,NORTE,SUDESTE,entre 20 e 29 anos,entre 30 e 39 anos,Nao disponivel,P2P,Nao disponivel,"203471,5",1230
202411,PF,PF,NORTE,CENTRO-OESTE,Nao informado,entre 30 e 39 anos,DICT,P2P,Pix,1060,3
202411,PF,PF,SUL,Nao informado,entre 40 e 49 anos,até 19 anos,Nao disponivel,P2P,Nao disponivel,"18,85",1
202411,PF,PF,Nao informado,SUL,entre 30 e 39 anos,entre 40 e 49 anos,Nao disponivel,P2P,Nao disponivel,"1063,77",14
202411,PF,PF,CENTRO-OESTE,CENTRO-OESTE,até 19 anos,mais de 60 anos,Nao disponivel,P2P,Nao disponivel,"229456,12",1490
202411,PF,PF,SUL,SUDESTE,mais de 60 anos,entre 40 e 49 anos,QRDN,P2P,Pix,"199147,29",2980
202411,PF,PF,NORDESTE,NORDESTE,entre 20 e 29 anos,entre 20 e 29 anos,MANU,P2P,Pix,"4780026341,89",28430145
202411,PF,PF,Nao informado,SUDESTE,entre 50 e 59 anos,mais de 60 anos,MANU,P2P,Pix,"2406586,7",1423
202411,PF,PF,NORDESTE,CENTRO-OESTE,entre 50 e 59 anos,entre 30 e 39 anos,MANU,P2P,Pix,"4042446,56",25532
202411,PF,PF,NORTE,SUDESTE,até 19 anos,entre 20 e 29 anos,DICT,P2P,Pix,"4010541,13",63284
202411,PF,PF,SUL,NORTE,entre 30 e 39 anos,mais de 60 anos,QRDN,P2P,Pix,"55942,64",1839
202411,PJ,PF,SUDESTE,Nao informado,Nao se aplica,até 19 anos,Nao disponivel,B2P,Nao disponivel,"25073,28",390
202411,PF,PJ,Nao informado,SUL,mais de 60 anos,Nao se aplica,QRES,P2G,Pix,"2097,04",2
202411,PF,PJ,Nao informado,SUL,até 19 anos,Nao se aplica,DICT,P2B,Pix,"75425,1",365
202411,PF,PF,SUDESTE,NORDESTE,até 19 anos,entre 50 e 59 anos,QRDN,P2P,Pix,"369413,18",24352
202411,PF,PF,SUDESTE,NORDESTE,entre 40 e 49 anos,entre 40 e 49 anos,Nao disponivel,P2P,Nao disponivel,"507068,84",2547
202411,PF,PF,NORDESTE,SUDESTE,Nao informado,entre 30 e 39 anos,DICT,P2P,Pix,127,9
202411,PF,PF,SUDESTE,NORDESTE,entre 50 e 59 anos,até 19 anos,QRDN,P2P,Pix,"126314,11",3466
202411,PJ,PF,SUDESTE,SUL,Nao se aplica,até 19 anos,QRES,B2P,Pix,"204465,97",733
202411,PF,PF,SUDESTE,NORDESTE,entre 40 e 49 anos,entre 40 e 49 anos,QRES,P2P,Pix,"9929618,98",203162
202411,PF,PJ,NORDESTE,SUL,entre 30 e 39 anos,Nao se aplica,QRES,P2B,Pix,"95878662,35",614236
202411,PJ,PF,SUDESTE,CENTRO-OESTE,Nao se aplica,entre 40 e 49 anos,MANU,B2P,Pix,"755130618,96",775629
202411,PF,PF,NORDESTE,CENTRO-OESTE,entre 30 e 39 anos,até 19 anos,QRDN,P2P,Pix,"132313,58",4378
202411,PF,PF,CENTRO-OESTE,Nao informado,mais de 60 anos,entre 50 e 59 anos,DICT,P2P,Pix,"686424,9",766
202411,PF,PJ,Nao informado,SUDESTE,entre 30 e 39 anos,Nao se aplica,Nao disponivel,P2B,Nao disponivel,"18582,26",28
202411,PF,PJ,CENTRO-OESTE,SUL,entre 50 e 59 anos,Nao se aplica,Nao disponivel,P2B,Nao disponivel,"73051,35",61
202411,PJ,PJ,CENTRO-OESTE,SUL,Nao se aplica,Nao se aplica,DICT,B2B,Pix,"1283860223,39",133390
202411,PF,PJ,NORDESTE,CENTRO-OESTE,entre 50 e 59 anos,Nao se aplica,DICT,P2B,Pix,"40971750,23",44797
202411,PJ,PF,SUDESTE,NORDESTE,Nao se aplica,entre 20 e 29 anos,MANU,B2P,Pix,"744869754,65",2615010
202411,PF,PF,NORDESTE,SUDESTE,entre 50 e 59 anos,entre 40 e 49 anos,Nao disponivel,P2P,Nao disponivel,207842,796
202411,PF,PF,SUL,SUDESTE,entre 50 e 59 anos,entre 20 e 29 anos,QRDN,P2P,Pix,"232028,61",4875
202411,PF,PF,SUDESTE,NORDESTE,entre 50 e 59 anos,entre 30 e 39 anos,Nao disponivel,P2P,Nao disponivel,"322634,2",1209
202411,PF,PF,NORTE,Nao informado,mais de 60 anos,entre 40 e 49 anos,QRES,P2P,Pix,"9843,03",128
202411,PF,PF,NORTE,NORDESTE,até 19 anos,até 19 anos,QRDN,P2P,Pix,"38849,05",1518
202411,PF,PF,SUL,NORTE,entre 40 e 49 anos,até 19 anos,MANU,P2P,Pix,"722123,9",4021
202411,PF,PF,NORTE,Nao informado,até 19 anos,entre 20 e 29 anos,MANU,P2P,Pix,"42746,64",579
202411,PF,PF,SUDESTE,Nao informado,entre 50 e 59 anos,entre 20 e 29 anos,DICT,P2P,Pix,"1627116,03",4928
202411,PF,PF,NORDESTE,NORTE,até 19 anos,entre 50 e 59 anos,MANU,P2P,Pix,"266520,21",5122
202411,PF,PF,SUDESTE,NORDESTE,entre 50 e 59 anos,mais de 60 anos,QRDN,P2P,Pix,"592350,38",15325
202411,PJ,PJ,Nao informado,SUL,Nao se aplica,Nao se aplica,QRES,B2G,Pix,"474,56",4
202411,PF,PJ,CENTRO-OESTE,SUDESTE,mais de 60 anos,Nao se aplica,QRES,P2G,Pix,"48631,94",175
202411,PJ,PF,NORDESTE,SUDESTE,Nao se aplica,entre 30 e 39 anos,Nao disponivel,B2P,Nao disponivel,"3141449,86",41399
202411,PF,PF,SUDESTE,NORDESTE,entre 30 e 39 anos,até 19 anos,DICT,P2P,Pix,"32190533,7",317664
202411,PJ,PF,NORDESTE,SUL,Nao se aplica,mais de 60 anos,DICT,B2P,Pix,"55979284,74",216988
202411,PF,PF,NORDESTE,SUL,entre 40 e 49 anos,entre 20 e 29 anos,Nao disponivel,P2P,Nao disponivel,"52844,09",281
202411,PF,PF,Nao informado,NORDESTE,entre 30 e 39 anos,entre 50 e 59 anos,Nao disponivel,P2P,Nao disponivel,1987,5
202411,PF,PF,Nao informado,Nao informado,até 19 anos,até 19 anos,MANU,P2P,Pix,"188162,79",2061
202411,PF,PJ,SUDESTE,NORTE,mais de 60 anos,Nao se aplica,QRES,P2B,Pix,"2381816,83",9324
202411,PF,PF,SUDESTE,CENTRO-OESTE,até 19 anos,entre 30 e 39 anos,DICT,P2P,Pix,"6410686,67",53381
202411,PF,PF,SUDESTE,NORDESTE,entre 50 e 59 anos,entre 30 e 39 anos,DICT,P2P,Pix,"225624875,26",904831
202411,PF,PJ,NORDESTE,SUL,entre 40 e 49 anos,Nao se aplica,DICT,P2B,Pix,"99488843,61",101616
202411,PF,PJ,NORTE,SUDESTE,entre 50 e 59 anos,Nao se aplica,QRDN,P2G,Pix,"189587,85",348
202411,PJ,PF,SUDESTE,NORDESTE,Nao se aplica,até 19 anos,Nao disponivel,B2P,Nao disponivel,"14989034,77",348154
202411,PF,PF,SUDESTE,SUDESTE,entre 30 e 39 anos,até 19 anos,QRDN,P2P,Pix,"5061006,86",164766
202411,PF,PJ,SUL,NORTE,entre 50 e 59 anos,Nao se aplica,QRES,P2B,Pix,"1445895,31",5443
202411,PF,PJ,SUL,NORDESTE,mais de 60 anos,Nao se aplica,Nao disponivel,P2B,Nao disponivel,"16496,55",21
202411,PJ,PJ,NORTE,NORTE,Nao se aplica,Nao se aplica,DICT,B2G,Pix,"1289126,48",854
202411,PF,PF,SUL,SUL,entre 50 e 59 anos,entre 50 e 59 anos,INIC,P2P,Pix,"2096264,28",3555
202411,PF,PF,CENTRO-OESTE,CENTRO-OESTE,entre 40 e 49 anos,entre 20 e 29 anos,Nao disponivel,P2P,Nao disponivel,"1745174,88",9055
202411,PF,PF,Nao informado,NORDESTE,mais de 60 anos,entre 20 e 29 anos,QRES,P2P,Pix,"8794,47",139
202411,PF,PJ,CENTRO-OESTE,NORDESTE,entre 20 e 29 anos,Nao se aplica,Nao disponivel,P2B,Nao disponivel,"358665,49",508
202411,PF,PF,CENTRO-OESTE,SUDESTE,entre 50 e 59 anos,mais de 60 anos,QRDN,P2P,Pix,"171565,63",3554
202411,PJ,PF,SUL,SUL,Nao se aplica,entre 40 e 49 anos,INIC,B2P,Pix,3825,9
202411,PF,PF,SUDESTE,SUDESTE,até 19 anos,mais de 60 anos,Nao disponivel,P2P,Nao disponivel,"1587026,85",9778
202411,PF,PJ,SUDESTE,CENTRO-OESTE,mais de 60 anos,Nao se aplica,Nao disponivel,P2B,Nao disponivel,"270095,34",757
202411,PF,PF,SUL,CENTRO-OESTE,entre 20 e 29 anos,até 19 anos,QRES,P2P,Pix,"90060,79",1735
202411,PF,PF,Nao informado,SUDESTE,até 19 anos,entre 50 e 59 anos,QRDN,P2P,Pix,"859,38",50
202411,PF,PJ,Nao informado,NORTE,entre 20 e 29 anos,Nao se aplica,DICT,P2G,Pix,250,1
202411,PF,PJ,Nao informado,NORTE,entre 20 e 29 anos,Nao se aplica,QRDN,P2B,Pix Saque,"12153,5",28
202411,PF,PJ,SUDESTE,CENTRO-OESTE,entre 50 e 59 anos,Nao se aplica,QRES,P2G,Pix,"11981,75",91
202411,PJ,PF,SUL,CENTRO-OESTE,Nao se aplica,mais de 60 anos,MANU,G2P,Pix,"5135,2",2
202411,PJ,PF,NORTE,NORTE,Nao se aplica,mais de 60 anos,QRDN,B2P,Pix,"1656019,86",32010
202411,PF,PF,Nao informado,SUDESTE,entre 30 e 39 anos,entre 50 e 59 anos,DICT,P2P,Pix,"4710529,72",7452
202411,PF,PF,NORDESTE,NORTE,entre 50 e 59 anos,entre 40 e 49 anos,MANU,P2P,Pix,"4126077,64",21929
202411,PJ,PF,Nao informado,Nao informado,Nao se aplica,entre 40 e 49 anos,QRDN,B2P,Pix,85,1
202411,PF,PF,Nao informado,NORTE,entre 50 e 59 anos,entre 20 e 29 anos,QRES,P2P,Pix,"8470,74",111
202411,PF,PF,NORDESTE,SUL,entre 40 e 49 anos,entre 40 e 49 anos,Nao disponivel,P2P,Nao disponivel,"49120,58",274
202411,PF,PF,NORDESTE,Nao informado,mais de 60 anos,entre 50 e 59 anos,DICT,P2P,Pix,"1603124,8",1158
202411,PF,PF,NORDESTE,NORDESTE,entre 40 e 49 anos,entre 40 e 49 anos,INIC,P2P,Pix,"5400578,88",8802
202411,PF,PF,NORTE,Nao informado,entre 20 e 29 anos,entre 20 e 29 anos,DICT,P2P,Pix,"2235052,92",15508
202411,PF,PF,Nao informado,SUDESTE,mais de 60 anos,entre 20 e 29 anos,MANU,P2P,Pix,"474788,53",359
202411,PF,PJ,NORDESTE,NORTE,mais de 60 anos,Nao se aplica,QRDN,P2B,Pix Saque,"12602,14",69
202411,PF,PF,NORDESTE,SUDESTE,entre 30 e 39 anos,até 19 anos,MANU,P2P,Pix,"7034594,43",85266
202411,PF,PF,CENTRO-OESTE,CENTRO-OESTE,entre 40 e 49 anos,entre 50 e 59 anos,QRES,P2P,Pix,"23753624,99",456777
202411,PF,PF,NORDESTE,SUDESTE,entre 20 e 29 anos,entre 40 e 49 anos,Nao disponivel,P2P,Nao disponivel,"821513,75",5164
202411,PF,PF,Nao informado,NORDESTE,entre 30 e 39 anos,entre 20 e 29 anos,QRDN,P2P,Pix,"46337,71",1344
202411,PF,PF,CENTRO-OESTE,NORDESTE,mais de 60 anos,mais de 60 anos,QRES,P2P,Pix,"209539,39",3075
202411,PF,PF,NORTE,Nao informado,entre 30 e 39 anos,Nao informado,QRES,P2P,Pix,210,2
202411,PF,PF,CENTRO-OESTE,SUDESTE,entre 20 e 29 anos,entre 20 e 29 anos,DICT,P2P,Pix,"78942468,46",453799
202411,PF,PF,CENTRO-OESTE,CENTRO-OESTE,até 19 anos,entre 40 e 49 anos,DICT,P2P,Pix,"158764496,21",1174136
202411,PF,PJ,NORTE,NORTE,entre 40 e 49 anos,Nao se aplica,Nao disponivel,P2B,Nao disponivel,"5678821,65",2190
202411,PJ,PF,NORDESTE,NORTE,Nao se aplica,até 19 anos,DICT,B2P,Pix,"50229036,99",438582
202411,PF,PJ,SUDESTE,CENTRO-OESTE,até 19 anos,Nao se aplica,DICT,P2G,Pix,"168,66",1
202411,PF,PF,NORTE,NORTE,Nao informado,mais de 60 anos,MANU,P2P,Pix,1616,2
202411,PF,PJ,SUDESTE,CENTRO-OESTE,entre 50 e 59 anos,Nao se aplica,QRDN,P2B,Pix,"119190968,9",832802
202411,PF,PJ,NORDESTE,NORTE,entre 50 e 59 anos,Nao se aplica,MANU,P2B,Pix,"3907019,87",7295
202411,PF,PF,NORDESTE,SUL,entre 40 e 49 anos,até 19 anos,DICT,P2P,Pix,"2811778,03",27074
202411,PF,PF,NORDESTE,SUDESTE,até 19 anos,entre 40 e 49 anos,QRDN,P2P,Pix,"1468954,69",84459
202411,PF,PJ,NORTE,NORTE,entre 50 e 59 anos,Nao se aplica,QRDN,P2G,Pix,"18980054,93",45161
202411,PF,PF,NORDESTE,Nao informado,mais de 60 anos,entre 20 e 29 anos,QRES,P2P,Pix,"8830,54",116
202411,PF,PJ,SUDESTE,CENTRO-OESTE,até 19 anos,Nao se aplica,QRDN,P2B,Pix,"15628473,07",379432
202411,PF,PJ,SUL,NORTE,entre 40 e 49 anos,Nao se aplica,QRDN,P2G,Pix,"537395,43",566
202411,PF,PF,NORTE,SUDESTE,até 19 anos,entre 50 e 59 anos,DICT,P2P,Pix,"1576944,72",16124
202411,PJ,PJ,NORDESTE,SUDESTE,Nao se aplica,Nao se aplica,QRDN,B2G,Pix,"2949595,08",2829
202411,PF,PF,NORTE,NORDESTE,mais de 60 anos,Nao informado,QRES,P2P,Pix,5,1
202411,PF,PJ,NORDESTE,SUDESTE,entre 40 e 49 anos,Nao se aplica,QRES,P2B,Pix,"564571547,1",3910900
202411,PF,PF,Nao informado,SUDESTE,entre 40 e 49 anos,até 19 anos,MANU,P2P,Pix,"103367,77",598
202411,PF,PF,CENTRO-OESTE,SUL,mais de 60 anos,entre 20 e 29 anos,Nao disponivel,P2P,Nao disponivel,"92291,22",44
202411,PF,PF,SUDESTE,NORDESTE,entre 20 e 29 anos,entre 40 e 49 anos,QRES,P2P,Pix,"6514203,49",204461
202411,PJ,PF,SUDESTE,NORDESTE,Nao se aplica,entre 50 e 59 anos,QRDN,B2P,Pix,"322747,76",6552
202411,PF,PF,SUDESTE,SUDESTE,entre 30 e 39 anos,entre 30 e 39 anos,Nao disponivel,P2P,Nao disponivel,"130208497,59",201189
202411,PF,PJ,CENTRO-OESTE,Nao informado,entre 50 e 59 anos,Nao se aplica,QRES,P2B,Pix,"2099,3",9
202411,PF,PF,SUL,Nao informado,entre 50 e 59 anos,entre 30 e 39 anos,QRDN,P2P,Pix,"18863,35",95
202411,PJ,PF,CENTRO-OESTE,CENTRO-OESTE,Nao se aplica,entre 20 e 29 anos,QRDN,G2P,Pix,6,1
202411,PJ,PF,SUL,NORDESTE,Nao se aplica,mais de 60 anos,QRDN,B2P,Pix,"91210,35",1325
202411,PJ,PJ,SUDESTE,NORTE,Nao se aplica,Nao se aplica,MANU,B2G,Pix,"2533312,8",449
202411,PF,PJ,SUL,Nao informado,entre 30 e 39 anos,Nao se aplica,MANU,P2B,Pix,"8607,86",9
202411,PF,PJ,NORTE,NORTE,entre 30 e 39 anos,Nao se aplica,DICT,P2G,Pix,"331255,78",941
202411,PF,PF,SUDESTE,NORDESTE,entre 30 e 39 anos,mais de 60 anos,QRES,P2P,Pix,"3133953,69",78651
202411,PF,PF,NORTE,Nao informado,mais de 60 anos,entre 20 e 29 anos,Nao disponivel,P2P,Nao disponivel,602,1
202411,PF,PJ,SUL,CENTRO-OESTE,mais de 60 anos,Nao se aplica,QRDN,P2G,Pix,"56128515,27",86373
202411,PF,PF,NORDESTE,SUL,entre 50 e 59 anos,entre 40 e 49 anos,DICT,P2P,Pix,"15397495,26",43544
202411,PF,PF,NORDESTE,CENTRO-OESTE,entre 30 e 39 anos,entre 30 e 39 anos,QRES,P2P,Pix,"3766169,8",81606
202411,PF,PF,NORDESTE,SUDESTE,entre 40 e 49 anos,entre 40 e 49 anos,QRES,P2P,Pix,"9468390,08",181641
202411,PF,PF,NORDESTE,CENTRO-OESTE,mais de 60 anos,entre 20 e 29 anos,QRDN,P2P,Pix,"74839,99",1234
202411,PF,PJ,NORDESTE,Nao informado,entre 40 e 49 anos,Nao se aplica,QRES,P2B,Pix,"28921,79",293
202411,PJ,PJ,SUDESTE,NORDESTE,Nao se aplica,Nao se aplica,QRDN,B2B,Pix Saque,"82113,19",136
202411,PF,PF,NORDESTE,CENTRO-OESTE,entre 50 e 59 anos,mais de 60 anos,QRES,P2P,Pix,"216744,98",3863
202411,PF,PJ,SUL,Nao informado,entre 30 e 39 anos,Nao se aplica,DICT,P2B,Pix,"98710,07",62
202411,PJ,PF,CENTRO-OESTE,NORTE,Nao se aplica,mais de 60 anos,DICT,G2P,Pix,"679912,83",317
202411,PF,PF,SUDESTE,CENTRO-OESTE,entre 50 e 59 anos,mais de 60 anos,QRDN,P2P,Pix,"140906,06",3590
202411,PF,PF,SUL,NORDESTE,entre 50 e 59 anos,entre 30 e 39 anos,DICT,P2P,Pix,"23772969,41",94429
202411,PJ,PF,CENTRO-OESTE,NORDESTE,Nao se aplica,entre 50 e 59 anos,MANU,G2P,Pix,"8028771,77",3706
202411,PF,PF,SUL,SUDESTE,entre 40 e 49 anos,entre 20 e 29 anos,DICT,P2P,Pix,"59123250,53",257794
202411,PF,PJ,SUDESTE,NORTE,mais de 60 anos,Nao se aplica,QRES,P2G,Pix,"438,57",8
202411,PF,PJ,SUDESTE,NORTE,entre 30 e 39 anos,Nao se aplica,QRES,P2G,Pix,"13870,64",43
202411,PF,PF,SUL,SUL,mais de 60 anos,entre 30 e 39 anos,Nao disponivel,P2P,Nao disponivel,1325171,2748
202411,PF,PF,NORDESTE,SUDESTE,entre 30 e 39 anos,Nao informado,INIC,P2P,Pix,"2033,36",4
202411,PF,PJ,CENTRO-OESTE,SUDESTE,até 19 anos,Nao se aplica,QRES,P2B,Pix,"22664759,27",241117
202411,PF,PF,CENTRO-OESTE,SUDESTE,entre 30 e 39 anos,entre 30 e 39 anos,QRES,P2P,Pix,"4054524,56",53972
202411,PJ,PF,NORDESTE,SUDESTE,Nao se aplica,entre 30 e 39 anos,DICT,B2P,Pix,"1324510111,17",6257433
202411,PF,PF,SUDESTE,NORTE,entre 20 e 29 anos,entre 40 e 49 anos,QRDN,P2P,Pix,"418732,03",16220
202411,PJ,PF,NORTE,CENTRO-OESTE,Nao se aplica,entre 20 e 29 anos,MANU,B2P,Pix,"5124867,15",3396
202411,PJ,PF,NORDESTE,NORDESTE,Nao se aplica,entre 40 e 49 anos,MANU,B2P,Pix,"919576494,05",791856
202411,PF,PJ,SUDESTE,Nao informado,entre 40 e 49 anos,Nao se aplica,QRDN,P2B,Pix Saque,5,1
202411,PJ,PF,SUDESTE,SUDESTE,Nao se aplica,mais de 60 anos,MANU,G2P,Pix,"8072844,67",3037
202411,PF,PF,SUL,SUDESTE,entre 30 e 39 anos,entre 30 e 39 anos,Nao disponivel,P2P,Nao disponivel,"668769,22",1994
202411,PJ,PF,CENTRO-OESTE,SUDESTE,Nao se aplica,entre 50 e 59 anos,DICT,G2P,Pix,"8879262,22",5180
202411,PF,PF,Nao informado,SUDESTE,entre 40 e 49 anos,entre 40 e 49 anos,MANU,P2P,Pix,"4258435,79",3758
202411,PF,PF,NORTE,CENTRO-OESTE,entre 20 e 29 anos,mais de 60 anos,Nao disponivel,P2P,Nao disponivel,"49368,77",113
202411,PF,PF,SUL,NORDESTE,até 19 anos,entre 50 e 59 anos,QRDN,P2P,Pix,"32584,41",1780
202411,PF,PF,Nao informado,Nao informado,entre 30 e 39 anos,entre 40 e 49 anos,DICT,P2P,Pix,"1233955,88",3909
202411,PF,PF,Nao informado,NORDESTE,até 19 anos,até 19 anos,QRDN,P2P,Pix,"505,5",10
202411,PJ,PF,NORTE,Nao informado,Nao se aplica,entre 30 e 39 anos,DICT,G2P,Pix,1120,5
202411,PJ,PJ,CENTRO-OESTE,NORTE,Nao se aplica,Nao se aplica,QRDN,B2B,Pix,"21391046,19",27044
202411,PF,PF,NORDESTE,Nao informado,até 19 anos,Nao informado,MANU,P2P,Pix,"1253,22",23
202411,PF,PF,SUL,CENTRO-OESTE,entre 50 e 59 anos,até 19 anos,QRDN,P2P,Pix,"9231,37",186
202411,PF,PF,SUDESTE,Nao informado,entre 40 e 49 anos,entre 40 e 49 anos,QRES,P2P,Pix,"165974,38",724
202411,PF,PF,Nao informado,NORTE,até 19 anos,entre 30 e 39 anos,QRES,P2P,Pix,"5964,22",120
202411,PF,PF,NORTE,NORTE,Nao informado,entre 30 e 39 anos,QRES,P2P,Pix,"83,8",6
202411,PF,PF,NORTE,SUL,entre 30 e 39 anos,entre 40 e 49 anos,Nao disponivel,P2P,Nao disponivel,"65148,68",314
202411,PJ,PF,Nao informado,Nao informado,Nao se aplica,entre 40 e 49 anos,MANU,B2P,Pix,"69511,93",17
202411,PF,PF,NORDESTE,NORDESTE,entre 30 e 39 anos,até 19 anos,QRDN,P2P,Pix,"8265104,53",259817
202411,PF,PF,SUL,CENTRO-OESTE,entre 30 e 39 anos,entre 50 e 59 anos,DICT,P2P,Pix,"18601668,99",43071
202411,PJ,PF,CENTRO-OESTE,CENTRO-OESTE,Nao se aplica,entre 50 e 59 anos,QRDN,B2P,Pix,"4103679,48",69247
202411,PJ,PF,NORTE,Nao informado,Nao se aplica,entre 40 e 49 anos,DICT,B2P,Pix,"3400510,03",2246
202411,PJ,PF,SUDESTE,NORDESTE,Nao se aplica,até 19 anos,QRES,B2P,Pix,"552557,91",2750
202411,PF,PJ,NORTE,SUDESTE,entre 20 e 29 anos,Nao se aplica,DICT,P2G,Pix,"4592,31",37
202411,PF,PF,NORDESTE,NORDESTE,entre 20 e 29 anos,mais de 60 anos,MANU,P2P,Pix,200619976,1343412
202411,PF,PF,CENTRO-OESTE,SUDESTE,entre 30 e 39 anos,entre 20 e 29 anos,MANU,P2P,Pix,"10564773,99",61659
202411,PJ,PF,SUDESTE,Nao informado,Nao se aplica,mais de 60 anos,DICT,G2P,Pix,706,1
202411,PF,PF,Nao informado,Nao informado,entre 20 e 29 anos,até 19 anos,MANU,P2P,Pix,"45013,35",516
202411,PF,PF,SUDESTE,Nao informado,entre 50 e 59 anos,entre 20 e 29 anos,QRDN,P2P,Pix,"754,5",19
202411,PF,PF,Nao informado,SUDESTE,entre 30 e 39 anos,mais de 60 anos,Nao disponivel,P2P,Nao disponivel,6205,8
202411,PF,PF,Nao informado,SUL,até 19 anos,até 19 anos,QRES,P2P,Pix,"362,9",17
202411,PF,PF,NORTE,NORDESTE,entre 30 e 39 anos,entre 30 e 39 anos,MANU,P2P,Pix,"17154279,79",104744
202411,PF,PF,SUL,NORDESTE,entre 20 e 29 anos,entre 20 e 29 anos,Nao disponivel,P2P,Nao disponivel,"265445,91",1771
202411,PF,PF,SUDESTE,CENTRO-OESTE,até 19 anos,até 19 anos,DICT,P2P,Pix,"2904711,67",83736
202411,PF,PF,NORDESTE,SUDESTE,mais de 60 anos,mais de 60 anos,DICT,P2P,Pix,"44729387,14",86440
202411,PF,PJ,SUL,NORTE,entre 50 e 59 anos,Nao se aplica,QRDN,P2B,Pix Saque,"4301,35",28
202411,PF,PJ,NORDESTE,CENTRO-OESTE,entre 40 e 49 anos,Nao se aplica,QRDN,P2G,Pix,"71317546,06",259433
202411,PF,PF,SUDESTE,Nao informado,entre 40 e 49 anos,entre 50 e 59 anos,QRDN,P2P,Pix,"10123,36",367
202411,PF,PJ,CENTRO-OESTE,SUL,entre 50 e 59 anos,Nao se aplica,MANU,P2B,Pix Saque,240,2
202411,PF,PF,CENTRO-OESTE,SUL,entre 20 e 29 anos,mais de 60 anos,QRES,P2P,Pix,"198337,73",4667
202411,PF,PF,SUDESTE,CENTRO-OESTE,mais de 60 anos,mais de 60 anos,QRDN,P2P,Pix,"81676,33",1296
202411,PJ,PF,CENTRO-OESTE,CENTRO-OESTE,Nao se aplica,entre 20 e 29 anos,Nao disponivel,B2P,Nao disponivel,"3684619,11",22695
202411,PF,PF,SUDESTE,SUDESTE,entre 20 e 29 anos,entre 50 e 59 anos,MANU,P2P,Pix,"810045917,83",3585402
202411,PF,PJ,CENTRO-OESTE,SUL,mais de 60 anos,Nao se aplica,DICT,P2G,Pix,"2691,66",3
202411,PJ,PF,NORDESTE,NORDESTE,Nao se aplica,entre 20 e 29 anos,Nao disponivel,G2P,Nao disponivel,"718,11",6
202411,PF,PF,Nao informado,NORTE,entre 50 e 59 anos,mais de 60 anos,MANU,P2P,Pix,"84218,59",133
202411,PF,PJ,NORDESTE,SUDESTE,entre 30 e 39 anos,Nao se aplica,QRDN,P2G,Pix,"1840298,81",5981
202411,PJ,PF,SUL,CENTRO-OESTE,Nao se aplica,mais de 60 anos,QRES,B2P,Pix,"106412,43",656
202411,PF,PF,SUDESTE,NORTE,entre 40 e 49 anos,entre 30 e 39 anos,QRDN,P2P,Pix,"634379,47",17576
202411,PF,PJ,NORTE,SUDESTE,mais de 60 anos,Nao se aplica,Nao disponivel,P2B,Nao disponivel,"196866,27",72
202411,PF,PJ,SUL,SUL,entre 50 e 59 anos,Nao se aplica,DICT,P2G,Pix,"1713749,19",1751
202411,PF,PF,CENTRO-OESTE,Nao informado,entre 20 e 29 anos,entre 40 e 49 anos,QRES,P2P,Pix,"105821,95",788
202411,PJ,PF,NORDESTE,NORDESTE,Nao se aplica,entre 20 e 29 anos,QRDN,B2P,Pix,"12288423,68",174893
202411,PF,PJ,Nao informado,SUDESTE,mais de 60 anos,Nao se aplica,MANU,P2G,Pix,"26,68",1
202411,PJ,PF,NORDESTE,NORTE,Nao se aplica,entre 50 e 59 anos,QRDN,B2P,Pix,"112301,7",1804
202411,PF,PF,Nao informado,NORTE,entre 40 e 49 anos,entre 50 e 59 anos,QRES,P2P,Pix,"13675,79",520
202411,PF,PF,NORTE,NORDESTE,mais de 60 anos,entre 30 e 39 anos,QRES,P2P,Pix,"626955,92",7378
202411,PJ,PF,SUL,CENTRO-OESTE,Nao se aplica,entre 20 e 29 anos,DICT,G2P,Pix,"20143,6",304
202411,PF,PJ,Nao informado,CENTRO-OESTE,entre 50 e 59 anos,Nao se aplica,Nao disponivel,P2B,Nao disponivel,100,1
202411,PF,PJ,NORTE,Nao informado,entre 20 e 29 anos,Nao se aplica,QRES,P2B,Pix,"2247,49",20
202411,PJ,PF,CENTRO-OESTE,NORDESTE,Nao se aplica,entre 20 e 29 anos,QRDN,B2P,Pix,"278318,23",4545
202411,PF,PJ,NORDESTE,CENTRO-OESTE,entre 40 e 49 anos,Nao se aplica,DICT,P2B,Pix,"85331348,6",115448
202411,PJ,PF,SUL,NORTE,Nao se aplica,até 19 anos,QRDN,B2P,Pix,"1743,2",54
202411,PF,PF,SUL,NORTE,entre 50 e 59 anos,entre 40 e 49 anos,DICT,P2P,Pix,"14194776,82",45270
202411,PF,PJ,SUDESTE,NORTE,mais de 60 anos,Nao se aplica,DICT,P2G,Pix,"23846,37",36
202411,PF,PJ,SUL,CENTRO-OESTE,entre 20 e 29 anos,Nao se aplica,MANU,P2B,Pix,"2442928,64",6625
202411,PF,PF,SUDESTE,SUDESTE,mais de 60 anos,entre 30 e 39 anos,QRES,P2P,Pix,"47238966,79",371196
202411,PF,PF,SUL,Nao informado,entre 30 e 39 anos,Nao informado,QRES,P2P,Pix,"163,76",2
202411,PJ,PF,SUL,NORDESTE,Nao se aplica,até 19 anos,MANU,B2P,Pix,"4289184,52",19393
202411,PF,PF,Nao informado,NORTE,entre 40 e 49 anos,entre 30 e 39 anos,QRDN,P2P,Pix,"27158,16",656
202411,PF,PJ,NORDESTE,SUL,entre 30 e 39 anos,Nao se aplica,MANU,P2B,Pix,12509010,26587
202411,PF,PF,SUDESTE,SUDESTE,entre 40 e 49 anos,mais de 60 anos,QRDN,P2P,Pix,"31356769,67",988369
202411,PJ,PF,NORTE,CENTRO-OESTE,Nao se aplica,entre 40 e 49 anos,DICT,G2P,Pix,"19893,06",35
202411,PF,PF,CENTRO-OESTE,Nao informado,entre 50 e 59 anos,entre 50 e 59 anos,QRES,P2P,Pix,"10644,3",106
202411,PF,PF,SUL,NORTE,entre 20 e 29 anos,entre 50 e 59 anos,QRDN,P2P,Pix,"103901,11",4289
202411,PF,PJ,CENTRO-OESTE,NORDESTE,entre 20 e 29 anos,Nao se aplica,QRES,P2G,Pix,"5447,18",149
202411,PF,PF,Nao informado,CENTRO-OESTE,entre 20 e 29 anos,entre 30 e 39 anos,DICT,P2P,Pix,"1311648,4",3545
202411,PF,PF,SUDESTE,NORTE,entre 30 e 39 anos,entre 50 e 59 anos,QRES,P2P,Pix,"631805,52",18225
202411,PF,PF,Nao informado,CENTRO-OESTE,mais de 60 anos,entre 30 e 39 anos,DICT,P2P,Pix,"1132266,91",1014
202411,PF,PF,SUDESTE,SUL,mais de 60 anos,entre 50 e 59 anos,Nao disponivel,P2P,Nao disponivel,"232249,49",93
202411,PF,PF,CENTRO-OESTE,NORDESTE,entre 30 e 39 anos,mais de 60 anos,Nao disponivel,P2P,Nao disponivel,"207957,96",232
202411,PF,PF,NORTE,NORDESTE,entre 40 e 49 anos,entre 20 e 29 anos,QRES,P2P,Pix,"1757129,99",33827
202411,PF,PF,CENTRO-OESTE,NORTE,entre 40 e 49 anos,mais de 60 anos,MANU,P2P,Pix,"4338113,41",7292
202411,PJ,PF,NORTE,CENTRO-OESTE,Nao se aplica,entre 40 e 49 anos,QRES,B2P,Pix,"902020,43",3848
202411,PF,PF,Nao informado,SUDESTE,até 19 anos,entre 30 e 39 anos,QRES,P2P,Pix,"4705,47",132
202411,PF,PF,SUL,SUDESTE,entre 20 e 29 anos,entre 20 e 29 anos,QRES,P2P,Pix,"3622995,11",78137
202411,PF,PJ,SUL,SUDESTE,até 19 anos,Nao se aplica,DICT,P2G,Pix,"5055,94",9
202411,PF,PJ,SUL,Nao informado,entre 20 e 29 anos,Nao se aplica,MANU,P2B,Pix,"148984,1",5
202411,PJ,PF,NORDESTE,SUDESTE,Nao se aplica,entre 40 e 49 anos,DICT,G2P,Pix,"1019297,38",544
202411,PF,PJ,CENTRO-OESTE,NORDESTE,entre 40 e 49 anos,Nao se aplica,DICT,P2B,Pix,"80480913,1",94536
202411,PF,PF,SUDESTE,NORTE,entre 40 e 49 anos,entre 50 e 59 anos,QRDN,P2P,Pix,"288978,24",8600
202411,PF,PF,NORDESTE,NORDESTE,entre 50 e 59 anos,entre 20 e 29 anos,QRDN,P2P,Pix,"23162038,56",593553
202411,PF,PF,Nao informado,NORTE,entre 20 e 29 anos,até 19 anos,DICT,P2P,Pix,"97810,72",1024
202411,PF,PF,SUDESTE,SUL,entre 20 e 29 anos,entre 20 e 29 anos,INIC,P2P,Pix,550,1
202411,PJ,PF,Nao informado,Nao informado,Nao se aplica,entre 20 e 29 anos,DICT,G2P,Pix,"465,96",1
202411,PF,PF,SUDESTE,SUDESTE,entre 50 e 59 anos,entre 40 e 49 anos,Nao disponivel,P2P,Nao disponivel,"7351252,97",23423
202411,PF,PJ,NORTE,SUL,mais de 60 anos,Nao se aplica,QRDN,P2B,Pix Saque,"597545,05",1146
202411,PF,PF,NORTE,NORDESTE,entre 20 e 29 anos,entre 40 e 49 anos,DICT,P2P,Pix,"40238188,22",208182
202411,PF,PF,NORTE,SUL,entre 40 e 49 anos,entre 20 e 29 anos,QRDN,P2P,Pix,"181248,95",5895
202411,PF,PF,CENTRO-OESTE,SUDESTE,mais de 60 anos,entre 20 e 29 anos,QRES,P2P,Pix,"737590,4",3267
202411,PF,PF,Nao informado,CENTRO-OESTE,até 19 anos,entre 50 e 59 anos,QRES,P2P,Pix,"787,96",40
202411,PF,PF,Nao informado,SUDESTE,entre 40 e 49 anos,entre 40 e 49 anos,DICT,P2P,Pix,"14955172,19",15011
202411,PF,PF,NORDESTE,NORTE,entre 30 e 39 anos,até 19 anos,QRDN,P2P,Pix,"65635,27",2459
202411,PJ,PF,NORTE,SUL,Nao se aplica,entre 50 e 59 anos,Nao disponivel,B2P,Nao disponivel,"60941,14",56
202411,PF,PJ,CENTRO-OESTE,NORTE,entre 50 e 59 anos,Nao se aplica,QRES,P2B,Pix,"4190389,7",18533
202411,PF,PJ,NORTE,Nao informado,até 19 anos,Nao se aplica,QRDN,P2B,Pix,"12865,73",293
202411,PF,PF,SUDESTE,NORTE,entre 20 e 29 anos,entre 40 e 49 anos,MANU,P2P,Pix,"3716177,23",18900
202411,PJ,PF,NORTE,Nao informado,Nao se aplica,entre 40 e 49 anos,Nao disponivel,B2P,Nao disponivel,"3797,9",16
202411,PF,PF,Nao informado,SUL,entre 30 e 39 anos,entre 30 e 39 anos,QRDN,P2P,Pix,"28756,56",613
202411,PJ,PF,NORDESTE,SUDESTE,Nao se aplica,entre 30 e 39 anos,QRES,B2P,Pix,"7744101,72",21249
202411,PF,PJ,SUL,SUDESTE,entre 30 e 39 anos,Nao se aplica,QRDN,P2B,Pix,"2748777205,22",36060186
202411,PF,PF,NORDESTE,SUDESTE,até 19 anos,entre 30 e 39 anos,Nao disponivel,P2P,Nao disponivel,"300922,27",2273
202411,PF,PF,SUDESTE,SUDESTE,entre 30 e 39 anos,entre 40 e 49 anos,MANU,P2P,Pix,"1416479186,33",5464976
202411,PF,PF,SUL,CENTRO-OESTE,até 19 anos,entre 40 e 49 anos,DICT,P2P,Pix,"2144515,52",14068
202411,PF,PF,NORDESTE,Nao informado,entre 40 e 49 anos,mais de 60 anos,Nao disponivel,P2P,Nao disponivel,"816,39",4
202411,PF,PF,Nao informado,SUL,entre 30 e 39 anos,entre 50 e 59 anos,MANU,P2P,Pix,"737272,19",867
202411,PF,PF,Nao informado,CENTRO-OESTE,até 19 anos,até 19 anos,QRES,P2P,Pix,"216,5",15
202411,PF,PF,NORTE,NORTE,entre 20 e 29 anos,até 19 anos,DICT,P2P,Pix,"133612614,28",1961244
202411,PF,PF,SUDESTE,SUDESTE,entre 30 e 39 anos,Nao informado,MANU,P2P,Pix,1316,3
202411,PJ,PF,SUL,NORDESTE,Nao se aplica,entre 40 e 49 anos,DICT,G2P,Pix,"28810,59",378
202411,PF,PF,SUDESTE,NORDESTE,entre 20 e 29 anos,mais de 60 anos,INIC,P2P,Pix,"23,79",1
202411,PF,PJ,CENTRO-OESTE,NORDESTE,entre 40 e 49 anos,Nao se aplica,MANU,P2G,Pix,"4267,84",3
202411,PF,PF,Nao informado,Nao informado,entre 40 e 49 anos,entre 40 e 49 anos,DICT,P2P,Pix,"38203689,02",36570
202411,PF,PJ,Nao informado,SUDESTE,mais de 60 anos,Nao se aplica,QRES,P2G,Pix,"1631,28",11
202411,PF,PJ,Nao informado,SUL,entre 30 e 39 anos,Nao se aplica,QRES,P2B,Pix,"7141850,49",7602
202411,PF,PF,NORDESTE,NORDESTE,entre 20 e 29 anos,entre 50 e 59 anos,DICT,P2P,Pix,"1570722753,21",9385263
202411,PF,PF,NORTE,SUL,entre 30 e 39 anos,até 19 anos,QRES,P2P,Pix,"84774,86",2115
202411,PF,PF,SUL,SUDESTE,mais de 60 anos,entre 20 e 29 anos,Nao disponivel,P2P,Nao disponivel,"38566,56",137
202411,PF,PF,SUL,SUDESTE,mais de 60 anos,mais de 60 anos,DICT,P2P,Pix,"44480177,17",55799
202411,PF,PF,CENTRO-OESTE,SUL,entre 50 e 59 anos,mais de 60 anos,DICT,P2P,Pix,"15222010,25",18132
202411,PJ,PF,CENTRO-OESTE,CENTRO-OESTE,Nao se aplica,entre 50 e 59 anos,QRDN,G2P,Pix,450,1
202411,PF,PF,NORDESTE,NORDESTE,até 19 anos,entre 50 e 59 anos,MANU,P2P,Pix,"40214830,85",719306
202411,PF,PF,Nao informado,NORDESTE,entre 40 e 49 anos,até 19 anos,QRDN,P2P,Pix,"3356,61",64
202411,PF,PJ,NORDESTE,CENTRO-OESTE,entre 30 e 39 anos,Nao se aplica,MANU,P2B,Pix,"18340767,5",43674
202411,PJ,PF,NORDESTE,NORTE,Nao se aplica,até 19 anos,QRDN,B2P,Pix,"4428,01",143
202411,PJ,PF,Nao informado,SUL,Nao se aplica,entre 40 e 49 anos,QRES,B2P,Pix,"24825,01",39
202411,PF,PJ,NORDESTE,SUL,entre 50 e 59 anos,Nao se aplica,QRDN,P2B,Pix,"150230114,64",1785213
202411,PF,PF,Nao informado,SUDESTE,entre 50 e 59 anos,entre 30 e 39 anos,DICT,P2P,Pix,"4608286,48",6421
202411,PF,PF,SUL,NORTE,entre 50 e 59 anos,mais de 60 anos,QRDN,P2P,Pix,"22263,29",556
202411,PF,PF,NORDESTE,NORTE,Nao informado,entre 40 e 49 anos,QRES,P2P,Pix,15,1
202411,PF,PF,SUL,SUL,entre 40 e 49 anos,até 19 anos,DICT,P2P,Pix,"316047162,93",2431516
202411,PF,PJ,SUL,SUL,entre 40 e 49 anos,Nao se aplica,QRES,P2B,Pix,"687665832,38",4168805
202411,PF,PF,CENTRO-OESTE,SUL,entre 20 e 29 anos,até 19 anos,DICT,P2P,Pix,"2646946,94",23521
202411,PF,PJ,SUL,SUDESTE,mais de 60 anos,Nao se aplica,MANU,P2G,Pix,"1959,63",9
202411,PF,PF,SUDESTE,SUDESTE,entre 50 e 59 anos,entre 30 e 39 anos,Nao disponivel,P2P,Nao disponivel,"6603926,07",23895
202411,PF,PF,SUDESTE,NORDESTE,entre 30 e 39 anos,entre 20 e 29 anos,QRES,P2P,Pix,"9765431,41",204231
202411,PF,PJ,NORTE,NORTE,entre 20 e 29 anos,Nao se aplica,QRES,P2G,Pix,"178694,04",2379
202411,PF,PF,Nao informado,SUDESTE,Nao informado,entre 20 e 29 anos,QRES,P2P,Pix,"67,52",6
202411,PF,PJ,NORTE,NORTE,até 19 anos,Nao se aplica,QRDN,P2B,Pix Troco,39,2
202411,PJ,PF,SUDESTE,CENTRO-OESTE,Nao se aplica,até 19 anos,DICT,B2P,Pix,"80084389,38",615322
202411,PF,PF,NORTE,NORTE,entre 20 e 29 anos,entre 20 e 29 anos,QRES,P2P,Pix,"108991818,69",1306161
202411,PF,PJ,NORDESTE,SUL,entre 20 e 29 anos,Nao se aplica,QRDN,P2G,Pix,"289155,82",1133
202411,PJ,PJ,NORTE,NORTE,Nao se aplica,Nao se aplica,Nao disponivel,G2B,Nao disponivel,"776,48",3
202411,PF,PJ,Nao informado,CENTRO-OESTE,entre 50 e 59 anos,Nao se aplica,QRDN,P2B,Pix Saque,"862,72",10
202411,PJ,PF,NORDESTE,NORDESTE,Nao se aplica,mais de 60 anos,MANU,B2P,Pix,"646648691,61",223441
202411,PF,PF,Nao informado,NORTE,mais de 60 anos,mais de 60 anos,DICT,P2P,Pix,"269174,78",239
202411,PF,PF,SUDESTE,Nao informado,entre 40 e 49 anos,entre 40 e 49 anos,DICT,P2P,Pix,"11238365,85",12552
202411,PF,PF,NORDESTE,SUDESTE,até 19 anos,Nao informado,QRDN,P2P,Pix,"26,7",1
202411,PF,PF,NORDESTE,Nao informado,entre 20 e 29 anos,até 19 anos,Nao disponivel,P2P,Nao disponivel,"212,08",7
202411,PF,PF,NORTE,NORDESTE,entre 50 e 59 anos,entre 40 e 49 anos,Nao disponivel,P2P,Nao disponivel,"42000,58",118
202411,PF,PF,NORTE,SUL,até 19 anos,até 19 anos,MANU,P2P,Pix,"252753,35",6885
202411,PF,PF,CENTRO-OESTE,CENTRO-OESTE,mais de 60 anos,até 19 anos,QRDN,P2P,Pix,"141236,53",3145
202411,PF,PF,NORTE,NORTE,até 19 anos,até 19 anos,DICT,P2P,Pix,"254959482,96",3251469
202411,PF,PF,NORTE,Nao informado,até 19 anos,Nao informado,MANU,P2P,Pix,"36,52",4
202411,PF,PJ,NORTE,NORTE,entre 20 e 29 anos,Nao se aplica,QRES,P2B,Pix Saque,"1975,91",14
202411,PF,PF,NORDESTE,SUL,entre 30 e 39 anos,entre 40 e 49 anos,QRES,P2P,Pix,"1287896,13",29201
202411,PF,PF,Nao informado,CENTRO-OESTE,entre 50 e 59 anos,entre 50 e 59 anos,MANU,P2P,Pix,"188490,96",276
202411,PF,PJ,SUDESTE,SUDESTE,entre 30 e 39 anos,Nao se aplica,QRDN,P2G,Pix,"111810648,54",388514
202411,PF,PF,NORDESTE,SUL,até 19 anos,mais de 60 anos,Nao disponivel,P2P,Nao disponivel,"19272,8",89
202411,PF,PJ,NORDESTE,NORDESTE,entre 40 e 49 anos,Nao se aplica,Nao disponivel,P2B,Nao disponivel,"10031556,54",6867
202411,PF,PF,NORDESTE,CENTRO-OESTE,mais de 60 anos,entre 30 e 39 anos,Nao disponivel,P2P,Nao disponivel,"26537,06",65
202411,PF,PJ,CENTRO-OESTE,SUDESTE,mais de 60 anos,Nao se aplica,QRDN,P2G,Pix,"561476,17",750
202411,PJ,PF,NORDESTE,NORDESTE,Nao se aplica,entre 40 e 49 anos,Nao disponivel,B2P,Nao disponivel,"12635336,51",71262
202411,PJ,PF,Nao informado,NORDESTE,Nao se aplica,até 19 anos,DICT,B2P,Pix,"92735,96",321
202411,PF,PF,NORDESTE,NORTE,entre 40 e 49 anos,até 19 anos,QRES,P2P,Pix,"101627,68",3368
202411,PF,PF,Nao informado,Nao informado,entre 20 e 29 anos,mais de 60 anos,QRES,P2P,Pix,"8009,18",115
202411,PF,PF,CENTRO-OESTE,SUDESTE,entre 50 e 59 anos,entre 40 e 49 anos,QRES,P2P,Pix,"1179477,91",13155
202411,PF,PF,SUL,NORTE,mais de 60 anos,mais de 60 anos,Nao disponivel,P2P,Nao disponivel,"2388,36",15
202411,PJ,PJ,CENTRO-OESTE,SUDESTE,Nao se aplica,Nao se aplica,QRES,G2B,Pix,"46302,24",29
202411,PJ,PF,SUL,CENTRO-OESTE,Nao se aplica,entre 50 e 59 anos,QRDN,B2P,Pix,"67822,82",789
202411,PF,PF,NORDESTE,Nao informado,mais de 60 anos,até 19 anos,DICT,P2P,Pix,"37971,08",168
202411,PF,PF,NORDESTE,Nao informado,entre 20 e 29 anos,entre 30 e 39 anos,QRDN,P2P,Pix,"13018,77",550
202411,PF,PF,SUL,NORTE,entre 50 e 59 anos,entre 50 e 59 anos,QRDN,P2P,Pix,"56541,07",1298
202411,PF,PF,CENTRO-OESTE,SUDESTE,entre 30 e 39 anos,mais de 60 anos,Nao disponivel,P2P,Nao disponivel,"254017,09",423
202411,PF,PF,NORTE,NORTE,entre 30 e 39 anos,até 19 anos,DICT,P2P,Pix,"166846491,85",2039563
202411,PF,PF,SUL,NORDESTE,entre 50 e 59 anos,mais de 60 anos,MANU,P2P,Pix,"1097322,66",2211
202411,PF,PJ,SUL,SUDESTE,entre 40 e 49 anos,Nao se aplica,QRDN,P2B,Pix Saque,"201948,98",1537
202411,PJ,PF,NORDESTE,NORTE,Nao se aplica,entre 50 e 59 anos,QRES,B2P,Pix,"499079,14",3037
202411,PF,PF,CENTRO-OESTE,CENTRO-OESTE,entre 50 e 59 anos,até 19 anos,Nao disponivel,P2P,Nao disponivel,"121430,85",1249
202411,PF,PF,SUL,SUDESTE,entre 30 e 39 anos,mais de 60 anos,QRES,P2P,Pix,"2214587,48",15070
202411,PJ,PF,SUL,NORDESTE,Nao se aplica,mais de 60 anos,DICT,G2P,Pix,"3613,13",63
202411,PJ,PF,SUDESTE,SUL,Nao se aplica,até 19 anos,QRDN,B2P,Pix,"171801,74",237
202411,PJ,PJ,SUL,CENTRO-OESTE,Nao se aplica,Nao se aplica,DICT,B2G,Pix,"24156,36",23
202411,PF,PJ,SUDESTE,NORTE,entre 40 e 49 anos,Nao se aplica,Nao disponivel,P2B,Nao disponivel,"362958,81",113
202411,PF,PF,Nao informado,NORDESTE,entre 40 e 49 anos,mais de 60 anos,MANU,P2P,Pix,"645195,3",724
202411,PF,PF,NORDESTE,NORDESTE,mais de 60 anos,até 19 anos,QRDN,P2P,Pix,"841143,45",19583
202411,PF,PF,CENTRO-OESTE,NORDESTE,entre 40 e 49 anos,mais de 60 anos,MANU,P2P,Pix,"5496370,14",14576
202411,PF,PF,NORTE,Nao informado,entre 50 e 59 anos,entre 50 e 59 anos,QRDN,P2P,Pix,"2326,5",56
202411,PF,PF,CENTRO-OESTE,NORTE,entre 40 e 49 anos,entre 20 e 29 anos,Nao disponivel,P2P,Nao disponivel,"66096,65",409
202411,PF,PF,CENTRO-OESTE,SUL,entre 40 e 49 anos,até 19 anos,Nao disponivel,P2P,Nao disponivel,"9506,96",168
202411,PF,PF,NORDESTE,NORTE,entre 50 e 59 anos,entre 30 e 39 anos,Nao disponivel,P2P,Nao disponivel,"22959,63",167
202411,PF,PF,SUL,NORDESTE,mais de 60 anos,entre 30 e 39 anos,QRDN,P2P,Pix,"116617,21",2044
202411,PF,PJ,CENTRO-OESTE,CENTRO-OESTE,entre 40 e 49 anos,Nao se aplica,Nao disponivel,P2G,Nao disponivel,"7747,35",11
202411,PF,PF,CENTRO-OESTE,NORDESTE,entre 20 e 29 anos,entre 30 e 39 anos,Nao disponivel,P2P,Nao disponivel,"264293,96",1759
202411,PJ,PF,NORTE,SUL,Nao se aplica,entre 50 e 59 anos,MANU,G2P,Pix,"4747,22",3
202411,PF,PF,SUL,SUDESTE,mais de 60 anos,mais de 60 anos,Nao disponivel,P2P,Nao disponivel,"165713,04",106
202411,PF,PF,NORTE,Nao informado,mais de 60 anos,entre 40 e 49 anos,DICT,P2P,Pix,"672780,95",1714
202411,PF,PF,Nao informado,CENTRO-OESTE,mais de 60 anos,entre 40 e 49 anos,QRES,P2P,Pix,"10990,54",85
202411,PF,PF,SUL,NORDESTE,entre 20 e 29 anos,até 19 anos,MANU,P2P,Pix,"650357,96",7720
202411,PJ,PF,NORDESTE,CENTRO-OESTE,Nao se aplica,entre 50 e 59 anos,Nao disponivel,B2P,Nao disponivel,"198690,08",2871
202411,PF,PF,SUDESTE,SUDESTE,entre 50 e 59 anos,entre 40 e 49 anos,QRDN,P2P,Pix,"34483778,13",921050
202411,PF,PF,Nao informado,SUL,entre 40 e 49 anos,entre 20 e 29 anos,MANU,P2P,Pix,"172805,96",651
202411,PF,PJ,Nao informado,SUDESTE,entre 40 e 49 anos,Nao se aplica,QRDN,P2G,Pix,"309460,77",257
202411,PF,PF,NORTE,NORTE,até 19 anos,entre 50 e 59 anos,MANU,P2P,Pix,"11820543,9",206685
202411,PF,PF,SUL,NORDESTE,mais de 60 anos,entre 20 e 29 anos,QRDN,P2P,Pix,"104253,06",1571
202411,PF,PF,CENTRO-OESTE,NORTE,entre 50 e 59 anos,entre 40 e 49 anos,QRDN,P2P,Pix,"283807,82",6350
202411,PJ,PF,NORTE,CENTRO-OESTE,Nao se aplica,entre 20 e 29 anos,Nao disponivel,B2P,Nao disponivel,"57500,45",364
202411,PF,PJ,NORTE,NORDESTE,entre 20 e 29 anos,Nao se aplica,MANU,P2B,Pix,"3809187,38",14681
202411,PJ,PF,CENTRO-OESTE,SUL,Nao se aplica,entre 50 e 59 anos,QRDN,B2P,Pix,"67787,25",794
202411,PF,PF,NORDESTE,NORTE,entre 30 e 39 anos,entre 20 e 29 anos,QRDN,P2P,Pix,"1038423,8",33589
202411,PF,PF,CENTRO-OESTE,SUL,entre 20 e 29 anos,entre 30 e 39 anos,Nao disponivel,P2P,Nao disponivel,"126446,68",583
202411,PJ,PJ,SUDESTE,CENTRO-OESTE,Nao se aplica,Nao se aplica,Nao disponivel,B2B,Nao disponivel,"21351784,27",65727
202411,PF,PF,NORTE,CENTRO-OESTE,mais de 60 anos,entre 30 e 39 anos,QRDN,P2P,Pix,"144112,67",2228
202411,PJ,PF,CENTRO-OESTE,SUDESTE,Nao se aplica,entre 40 e 49 anos,DICT,G2P,Pix,11067665,8357
202411,PF,PJ,CENTRO-OESTE,NORDESTE,entre 30 e 39 anos,Nao se aplica,Nao disponivel,P2B,Nao disponivel,"189044,02",319
202411,PF,PF,SUDESTE,CENTRO-OESTE,entre 40 e 49 anos,até 19 anos,QRES,P2P,Pix,"203579,74",3690
202411,PF,PF,SUL,SUL,entre 20 e 29 anos,entre 30 e 39 anos,QRDN,P2P,Pix,"19048529,98",593542
202411,PF,PF,CENTRO-OESTE,SUL,entre 40 e 49 anos,entre 40 e 49 anos,QRES,P2P,Pix,"642911,28",8838
202411,PF,PF,SUL,CENTRO-OESTE,entre 50 e 59 anos,entre 20 e 29 anos,MANU,P2P,Pix,"1278121,14",5459
202411,PF,PF,NORTE,SUDESTE,entre 50 e 59 anos,entre 50 e 59 anos,QRDN,P2P,Pix,"149964,81",3762
202411,PJ,PJ,NORDESTE,NORTE,Nao se aplica,Nao se aplica,DICT,B2B,Pix,"454222510,47",76954
202411,PF,PF,SUDESTE,NORTE,entre 20 e 29 anos,entre 30 e 39 anos,DICT,P2P,Pix,"34247579,69",182361
202411,PF,PJ,SUL,SUDESTE,mais de 60 anos,Nao se aplica,QRES,P2B,Pix,"152486463,45",768087
202411,PJ,PF,NORTE,SUDESTE,Nao se aplica,mais de 60 anos,QRES,B2P,Pix,"351216,16",1355
202411,PJ,PF,SUDESTE,Nao informado,Nao se aplica,entre 20 e 29 anos,QRDN,B2P,Pix,"1187,3",11
202411,PF,PJ,SUDESTE,SUL,entre 30 e 39 anos,Nao se aplica,QRDN,P2B,Pix,"1522966950,04",14721940
202411,PF,PF,NORDESTE,SUDESTE,mais de 60 anos,entre 40 e 49 anos,DICT,P2P,Pix,"100552409,51",240386
202411,PF,PF,SUDESTE,SUL,entre 20 e 29 anos,até 19 anos,Nao disponivel,P2P,Nao disponivel,"100070,79",2265
202411,PF,PJ,NORDESTE,NORTE,entre 40 e 49 anos,Nao se aplica,Nao disponivel,P2B,Nao disponivel,"188468,34",80
202411,PF,PF,SUL,SUL,entre 30 e 39 anos,até 19 anos,Nao disponivel,P2P,Nao disponivel,"533635,98",5781
202411,PJ,PJ,NORDESTE,CENTRO-OESTE,Nao se aplica,Nao se aplica,MANU,B2B,Pix,"392439956,48",15913
202411,PJ,PJ,SUL,NORDESTE,Nao se aplica,Nao se aplica,QRES,G2B,Pix,397,1
202411,PF,PF,NORTE,NORTE,mais de 60 anos,entre 20 e 29 anos,QRDN,P2P,Pix,"2338599,17",58289
202411,PJ,PF,NORTE,NORDESTE,Nao se aplica,entre 50 e 59 anos,DICT,B2P,Pix,"78001254,45",129677
202411,PF,PF,SUL,SUL,entre 20 e 29 anos,entre 20 e 29 anos,QRDN,P2P,Pix,"13953209,08",394768
202411,PJ,PF,SUDESTE,SUL,Nao se aplica,até 19 anos,MANU,G2P,Pix,"3354,25",3
202411,PF,PF,SUDESTE,SUL,até 19 anos,entre 20 e 29 anos,DICT,P2P,Pix,"7423951,4",97168
202411,PF,PF,SUDESTE,SUDESTE,entre 20 e 29 anos,Nao informado,DICT,P2P,Pix,1199,10
202411,PF,PF,NORTE,NORTE,entre 30 e 39 anos,mais de 60 anos,DICT,P2P,Pix,"442108262,59",1679090
202411,PJ,PF,SUDESTE,NORDESTE,Nao se aplica,mais de 60 anos,Nao disponivel,B2P,Nao disponivel,"8514779,6",75650
202411,PF,PF,Nao informado,Nao informado,até 19 anos,entre 20 e 29 anos,Nao disponivel,P2P,Nao disponivel,159,10
202411,PF,PF,CENTRO-OESTE,Nao informado,entre 30 e 39 anos,Nao informado,QRES,P2P,Pix,10,1
202411,PF,PJ,NORDESTE,CENTRO-OESTE,até 19 anos,Nao se aplica,DICT,P2B,Pix,"6285962,48",28892
202411,PF,PF,SUL,NORDESTE,entre 50 e 59 anos,entre 40 e 49 anos,DICT,P2P,Pix,"21036550,05",63981
202411,PJ,PF,NORDESTE,SUL,Nao se aplica,mais de 60 anos,QRDN,B2P,Pix,"154376,63",454
202411,PF,PF,CENTRO-OESTE,NORDESTE,entre 50 e 59 anos,entre 30 e 39 anos,Nao disponivel,P2P,Nao disponivel,"44751,35",249
202411,PF,PJ,NORTE,SUL,mais de 60 anos,Nao se aplica,QRDN,P2B,Pix Troco,141,2
202411,PF,PJ,SUL,NORTE,entre 50 e 59 anos,Nao se aplica,QRDN,P2B,Pix,"13801459,31",357155
202411,PF,PF,SUDESTE,NORDESTE,entre 30 e 39 anos,até 19 anos,QRDN,P2P,Pix,"382909,1",12072
202411,PF,PF,NORDESTE,NORTE,entre 30 e 39 anos,entre 40 e 49 anos,Nao disponivel,P2P,Nao disponivel,"156198,54",682
202411,PJ,PF,NORDESTE,Nao informado,Nao se aplica,entre 20 e 29 anos,DICT,B2P,Pix,"3107663,8",9087
202411,PF,PF,SUL,CENTRO-OESTE,entre 20 e 29 anos,mais de 60 anos,QRES,P2P,Pix,"138456,46",3744
202411,PF,PF,SUDESTE,SUDESTE,entre 40 e 49 anos,entre 40 e 49 anos,Nao disponivel,P2P,Nao disponivel,"59617538,39",104598
202411,PJ,PF,NORTE,NORTE,Nao se aplica,entre 40 e 49 anos,QRDN,B2P,Pix,"7283704,99",117827
202411,PF,PF,CENTRO-OESTE,CENTRO-OESTE,entre 20 e 29 anos,mais de 60 anos,QRES,P2P,Pix,"10542230,37",289289
202411,PF,PF,SUL,SUL,entre 40 e 49 anos,entre 30 e 39 anos,MANU,P2P,Pix,"282324294,79",1160059
202411,PF,PJ,CENTRO-OESTE,SUDESTE,entre 30 e 39 anos,Nao se aplica,DICT,P2B,Pix,"313891213,13",285430
202411,PF,PJ,SUDESTE,NORDESTE,entre 30 e 39 anos,Nao se aplica,QRDN,P2B,Pix,"1153099369,03",26196586
202411,PF,PF,SUDESTE,NORTE,entre 50 e 59 anos,entre 30 e 39 anos,MANU,P2P,Pix,"4997465,87",20232
202411,PF,PF,NORDESTE,NORDESTE,entre 20 e 29 anos,entre 50 e 59 anos,MANU,P2P,Pix,"430038311,49",3157867
202411,PJ,PF,Nao informado,Nao informado,Nao se aplica,entre 30 e 39 anos,MANU,B2P,Pix,"113419,78",52
202411,PF,PF,Nao informado,SUL,entre 40 e 49 anos,entre 40 e 49 anos,QRES,P2P,Pix,"68465,86",488
202411,PF,PF,SUDESTE,SUDESTE,entre 20 e 29 anos,entre 50 e 59 anos,QRDN,P2P,Pix,"49925022,05",2273130
202411,PJ,PF,NORDESTE,NORDESTE,Nao se aplica,entre 30 e 39 anos,DICT,G2P,Pix,"61062836,75",26153
202411,PF,PF,CENTRO-OESTE,SUDESTE,entre 30 e 39 anos,entre 20 e 29 anos,DICT,P2P,Pix,"74906905,04",334303
202411,PF,PF,SUDESTE,NORDESTE,entre 20 e 29 anos,entre 50 e 59 anos,QRES,P2P,Pix,"3665996,7",117675
202411,PF,PF,SUDESTE,NORDESTE,entre 20 e 29 anos,mais de 60 anos,Nao disponivel,P2P,Nao disponivel,"309858,96",834
202411,PF,PF,NORDESTE,SUL,entre 20 e 29 anos,mais de 60 anos,QRDN,P2P,Pix,"316587,86",11635
202411,PJ,PF,SUDESTE,SUDESTE,Nao se aplica,entre 30 e 39 anos,MANU,B2P,Pix,"7245046185,67",8160737
202411,PF,PF,CENTRO-OESTE,SUDESTE,Nao informado,entre 40 e 49 anos,DICT,P2P,Pix,530,1
202411,PF,PF,SUL,NORTE,entre 50 e 59 anos,entre 20 e 29 anos,MANU,P2P,Pix,"1412351,45",8345
202411,PF,PF,NORTE,CENTRO-OESTE,entre 50 e 59 anos,entre 40 e 49 anos,QRDN,P2P,Pix,"397777,15",8558
202411,PF,PF,CENTRO-OESTE,NORDESTE,entre 40 e 49 anos,entre 30 e 39 anos,QRES,P2P,Pix,"2662003,13",52631
202411,PF,PF,NORDESTE,NORTE,entre 50 e 59 anos,até 19 anos,QRES,P2P,Pix,"43827,09",1204
202411,PF,PF,NORDESTE,NORDESTE,entre 30 e 39 anos,entre 20 e 29 anos,DICT,P2P,Pix,"3886172054,17",24504845
202411,PF,PF,SUL,NORDESTE,mais de 60 anos,até 19 anos,DICT,P2P,Pix,"2129483,31",7614
202411,PF,PF,Nao informado,CENTRO-OESTE,entre 20 e 29 anos,entre 30 e 39 anos,QRDN,P2P,Pix,"21261,53",485
202411,PF,PF,NORDESTE,SUL,entre 20 e 29 anos,entre 20 e 29 anos,MANU,P2P,Pix,"9281409,53",74209
202411,PF,PJ,Nao informado,NORTE,entre 30 e 39 anos,Nao se aplica,QRES,P2G,Pix,"309,33",5
202411,PF,PF,SUL,NORTE,entre 20 e 29 anos,até 19 anos,QRES,P2P,Pix,"52533,64",1987
202411,PF,PF,NORDESTE,NORTE,entre 50 e 59 anos,entre 20 e 29 anos,DICT,P2P,Pix,"20399800,49",92044
202411,PJ,PF,SUDESTE,SUDESTE,Nao se aplica,entre 50 e 59 anos,QRES,B2P,Pix,"85187126,79",388676
202411,PF,PF,Nao informado,Nao informado,até 19 anos,entre 30 e 39 anos,DICT,P2P,Pix,"115020,89",1182
202411,PF,PF,NORDESTE,NORDESTE,Nao informado,até 19 anos,MANU,P2P,Pix,650,21
202411,PF,PF,Nao informado,CENTRO-OESTE,entre 20 e 29 anos,até 19 anos,QRDN,P2P,Pix,"1181,61",34
202411,PJ,PJ,NORDESTE,Nao informado,Nao se aplica,Nao se aplica,QRDN,B2B,Pix,"12699,71",121
202411,PF,PF,NORTE,SUL,entre 50 e 59 anos,entre 30 e 39 anos,QRES,P2P,Pix,"280465,42",4466
202411,PF,PF,Nao informado,SUL,até 19 anos,entre 20 e 29 anos,QRES,P2P,Pix,"2736,42",93
202411,PF,PF,SUL,CENTRO-OESTE,entre 30 e 39 anos,entre 30 e 39 anos,MANU,P2P,Pix,"6634783,2",24691
202411,PF,PJ,CENTRO-OESTE,CENTRO-OESTE,entre 20 e 29 anos,Nao se aplica,Nao disponivel,P2B,Nao disponivel,"7047314,98",7050
202411,PJ,PF,NORTE,NORTE,Nao se aplica,entre 20 e 29 anos,QRDN,G2P,Pix,"91,5",2
202411,PF,PF,NORDESTE,NORTE,entre 40 e 49 anos,entre 50 e 59 anos,MANU,P2P,Pix,"5341362,93",23635
202411,PJ,PF,CENTRO-OESTE,CENTRO-OESTE,Nao se aplica,entre 50 e 59 anos,DICT,G2P,Pix,"14033321,26",4341
202411,PF,PJ,SUL,NORDESTE,entre 50 e 59 anos,Nao se aplica,QRDN,P2B,Pix Saque,"16325,54",88
202411,PF,PF,SUDESTE,CENTRO-OESTE,até 19 anos,entre 50 e 59 anos,MANU,P2P,Pix,"750980,04",3103
202411,PF,PF,NORTE,Nao informado,entre 40 e 49 anos,mais de 60 anos,MANU,P2P,Pix,"40327,47",197
202411,PF,PF,NORDESTE,SUL,até 19 anos,mais de 60 anos,MANU,P2P,Pix,"145752,83",1068
202411,PJ,PJ,SUL,NORDESTE,Nao se aplica,Nao se aplica,QRDN,G2B,Pix,"1753,55",9
202411,PF,PF,Nao informado,Nao informado,entre 40 e 49 anos,mais de 60 anos,QRDN,P2P,Pix,"2598,5",33
202411,PF,PF,NORDESTE,NORTE,até 19 anos,até 19 anos,QRDN,P2P,Pix,"14510,05",719
202411,PF,PF,NORDESTE,NORDESTE,mais de 60 anos,até 19 anos,QRES,P2P,Pix,"2091164,39",30179
202411,PJ,PF,NORDESTE,NORTE,Nao se aplica,entre 20 e 29 anos,MANU,G2P,Pix,"37430,47",14
202411,PF,PJ,SUDESTE,SUL,entre 50 e 59 anos,Nao se aplica,Nao disponivel,P2B,Nao disponivel,"512435,51",287
202411,PF,PF,NORDESTE,CENTRO-OESTE,entre 40 e 49 anos,entre 50 e 59 anos,Nao disponivel,P2P,Nao disponivel,"130257,54",247
202411,PF,PF,SUL,Nao informado,entre 40 e 49 anos,entre 40 e 49 anos,DICT,P2P,Pix,"4465437,28",6080
202411,PF,PF,SUL,NORDESTE,entre 50 e 59 anos,mais de 60 anos,QRDN,P2P,Pix,"65004,53",1425
202411,PF,PF,CENTRO-OESTE,Nao informado,mais de 60 anos,entre 30 e 39 anos,MANU,P2P,Pix,"94793,97",353
202411,PF,PF,Nao informado,CENTRO-OESTE,entre 30 e 39 anos,entre 50 e 59 anos,MANU,P2P,Pix,"178401,05",443
202411,PF,PF,SUL,SUDESTE,entre 40 e 49 anos,mais de 60 anos,Nao disponivel,P2P,Nao disponivel,"232205,82",348
202411,PF,PJ,Nao informado,NORTE,entre 40 e 49 anos,Nao se aplica,QRDN,P2B,Pix,"562953,58",8089
202411,PF,PF,NORTE,CENTRO-OESTE,entre 40 e 49 anos,entre 50 e 59 anos,QRDN,P2P,Pix,"579620,65",15761
202411,PJ,PJ,SUL,NORTE,Nao se aplica,Nao se aplica,DICT,G2B,Pix,"217645,68",36
202411,PF,PF,NORTE,SUL,entre 50 e 59 anos,entre 40 e 49 anos,QRDN,P2P,Pix,"85841,23",2328
202411,PF,PJ,NORDESTE,SUL,mais de 60 anos,Nao se aplica,QRES,P2B,Pix Saque,120,1
202411,PF,PJ,SUDESTE,NORDESTE,mais de 60 anos,Nao se aplica,QRDN,P2G,Pix,"1614511,58",2002
202411,PF,PJ,SUDESTE,NORDESTE,até 19 anos,Nao se aplica,DICT,P2G,Pix,"794,89",7
202411,PF,PJ,SUDESTE,NORTE,entre 50 e 59 anos,Nao se aplica,MANU,P2B,Pix,"6003532,31",5093
202411,PJ,PF,NORDESTE,CENTRO-OESTE,Nao se aplica,entre 40 e 49 anos,QRES,B2P,Pix,"1129724,24",4589
202411,PF,PF,SUL,CENTRO-OESTE,entre 30 e 39 anos,entre 20 e 29 anos,MANU,P2P,Pix,"3139056,52",18813
202411,PJ,PF,CENTRO-OESTE,Nao informado,Nao se aplica,entre 50 e 59 anos,DICT,B2P,Pix,"2590225,12",1201
202411,PF,PF,NORDESTE,SUL,até 19 anos,entre 50 e 59 anos,MANU,P2P,Pix,"208552,13",2439
202411,PF,PF,Nao informado,NORDESTE,até 19 anos,entre 50 e 59 anos,QRES,P2P,Pix,"3892,31",285
202411,PF,PF,NORDESTE,Nao informado,entre 40 e 49 anos,Nao informado,Nao disponivel,P2P,Nao disponivel,7,2
202411,PF,PF,NORTE,Nao informado,mais de 60 anos,entre 40 e 49 anos,MANU,P2P,Pix,"73787,65",374
202411,PF,PF,CENTRO-OESTE,NORDESTE,até 19 anos,entre 40 e 49 anos,QRDN,P2P,Pix,"214415,46",11224
202411,PJ,PF,NORDESTE,CENTRO-OESTE,Nao se aplica,até 19 anos,MANU,B2P,Pix,"1116000,38",10039
202411,PF,PF,SUL,NORTE,até 19 anos,mais de 60 anos,DICT,P2P,Pix,"283342,96",2587
202411,PF,PF,Nao informado,SUL,entre 20 e 29 anos,entre 30 e 39 anos,DICT,P2P,Pix,"2700128,89",8928
202411,PF,PF,SUDESTE,SUL,mais de 60 anos,entre 40 e 49 anos,QRDN,P2P,Pix,"198618,78",2532
202411,PF,PJ,SUL,NORDESTE,entre 50 e 59 anos,Nao se aplica,QRES,P2B,Pix,"3340606,71",41175
202411,PF,PF,Nao informado,Nao informado,entre 30 e 39 anos,entre 50 e 59 anos,QRES,P2P,Pix,"11689,65",400
202411,PF,PJ,NORDESTE,SUDESTE,Nao informado,Nao se aplica,QRES,P2B,Pix,"97,95",3
202411,PJ,PF,CENTRO-OESTE,CENTRO-OESTE,Nao se aplica,até 19 anos,MANU,G2P,Pix,"3943957,13",631
202411,PF,PJ,SUL,Nao informado,até 19 anos,Nao se aplica,DICT,P2B,Pix,"30327,53",101
202411,PF,PJ,NORTE,SUL,entre 20 e 29 anos,Nao se aplica,QRES,P2B,Pix,"32754152,86",289241
202411,PJ,PF,NORTE,NORTE,Nao se aplica,entre 50 e 59 anos,QRES,B2P,Pix,"13399349,94",115841
202411,PF,PF,CENTRO-OESTE,SUL,mais de 60 anos,entre 50 e 59 anos,MANU,P2P,Pix,"1603692,81",1672
202411,PF,PF,CENTRO-OESTE,SUL,mais de 60 anos,mais de 60 anos,QRDN,P2P,Pix,"16257,91",272
202411,PF,PJ,NORDESTE,SUL,entre 30 e 39 anos,Nao se aplica,DICT,P2B,Pix,"131619526,61",159342
202411,PF,PF,SUDESTE,SUL,entre 40 e 49 anos,entre 40 e 49 anos,Nao disponivel,P2P,Nao disponivel,"328788,98",871
202411,PF,PF,SUL,CENTRO-OESTE,mais de 60 anos,mais de 60 anos,Nao disponivel,P2P,Nao disponivel,"10781,47",20
202411,PJ,PF,SUL,SUDESTE,Nao se aplica,entre 30 e 39 anos,DICT,G2P,Pix,"145917,09",1103
202411,PF,PJ,SUL,NORTE,entre 20 e 29 anos,Nao se aplica,DICT,P2G,Pix,"5557,74",9
202411,PF,PF,SUL,Nao informado,entre 30 e 39 anos,mais de 60 anos,MANU,P2P,Pix,"204352,02",259
202411,PF,PF,NORTE,Nao informado,entre 20 e 29 anos,entre 20 e 29 anos,QRDN,P2P,Pix,"7567,87",205
202411,PF,PF,Nao informado,NORDESTE,entre 30 e 39 anos,entre 50 e 59 anos,MANU,P2P,Pix,"460322,21",1472
202411,PF,PF,SUDESTE,Nao informado,entre 50 e 59 anos,entre 40 e 49 anos,Nao disponivel,P2P,Nao disponivel,2063,8
202411,PJ,PF,NORTE,SUDESTE,Nao se aplica,até 19 anos,MANU,G2P,Pix,"1100,25",1
202411,PF,PJ,Nao informado,SUL,entre 50 e 59 anos,Nao se aplica,QRES,P2B,Pix,"5010150,28",2329
202411,PF,PJ,Nao informado,CENTRO-OESTE,entre 20 e 29 anos,Nao se aplica,QRES,P2G,Pix,"276,75",3
202411,PF,PF,CENTRO-OESTE,SUL,entre 50 e 59 anos,até 19 anos,DICT,P2P,Pix,"1709187,2",8300
202411,PF,PF,NORTE,NORTE,mais de 60 anos,entre 20 e 29 anos,Nao disponivel,P2P,Nao disponivel,"272253,9",1316
202411,PF,PF,Nao informado,NORDESTE,entre 20 e 29 anos,mais de 60 anos,QRES,P2P,Pix,"20534,34",810
202411,PJ,PF,SUDESTE,NORTE,Nao se aplica,até 19 anos,MANU,B2P,Pix,"17355092,89",96145
202411,PF,PF,Nao informado,Nao informado,mais de 60 anos,mais de 60 anos,Nao disponivel,P2P,Nao disponivel,"95,7",2
202411,PJ,PF,NORTE,NORDESTE,Nao se aplica,mais de 60 anos,MANU,B2P,Pix,"5663884,58",1583
202411,PF,PF,Nao informado,SUL,entre 30 e 39 anos,entre 20 e 29 anos,DICT,P2P,Pix,"2474485,76",7010
202411,PF,PJ,SUL,SUDESTE,entre 50 e 59 anos,Nao se aplica,DICT,P2B,Pix,"214937876,33",175210
202411,PF,PF,SUL,NORDESTE,entre 40 e 49 anos,entre 40 e 49 anos,MANU,P2P,Pix,"4791496,34",19942
202411,PJ,PJ,CENTRO-OESTE,NORTE,Nao se aplica,Nao se aplica,MANU,G2B,Pix,"108201499,77",2162
202411,PF,PF,Nao informado,NORDESTE,entre 50 e 59 anos,entre 20 e 29 anos,Nao disponivel,P2P,Nao disponivel,60,3
202411,PJ,PF,Nao informado,NORDESTE,Nao se aplica,entre 30 e 39 anos,QRDN,B2P,Pix,"9830,47",91
202411,PF,PJ,NORDESTE,NORDESTE,entre 30 e 39 anos,Nao se aplica,Nao disponivel,P2B,Nao disponivel,"16064151,1",12914
202411,PJ,PF,SUL,NORTE,Nao se aplica,Nao informado,DICT,B2P,Pix,"0,1",2
202411,PF,PF,SUL,NORTE,entre 20 e 29 anos,entre 20 e 29 anos,DICT,P2P,Pix,"31520791,41",243726
202411,PF,PF,SUDESTE,CENTRO-OESTE,entre 40 e 49 anos,entre 50 e 59 anos,MANU,P2P,Pix,"11233625,63",21627
202411,PF,PF,NORTE,SUDESTE,mais de 60 anos,entre 40 e 49 anos,QRES,P2P,Pix,"390711,31",3278
202411,PF,PJ,CENTRO-OESTE,NORDESTE,entre 40 e 49 anos,Nao se aplica,MANU,P2B,Pix,"10714137,08",22377
202411,PF,PJ,CENTRO-OESTE,SUDESTE,entre 40 e 49 anos,Nao se aplica,Nao disponivel,P2B,Nao disponivel,"652523,85",646
202411,PF,PJ,Nao informado,SUL,até 19 anos,Nao se aplica,MANU,P2B,Pix,"4702,09",92
202411,PF,PF,NORDESTE,SUDESTE,entre 20 e 29 anos,entre 20 e 29 anos,QRDN,P2P,Pix,"5109128,33",191835
202411,PJ,PF,CENTRO-OESTE,NORDESTE,Nao se aplica,entre 20 e 29 anos,Nao disponivel,B2P,Nao disponivel,"628846,11",4686
202411,PF,PF,SUDESTE,SUL,entre 20 e 29 anos,entre 50 e 59 anos,Nao disponivel,P2P,Nao disponivel,"387662,55",757
202411,PJ,PF,SUDESTE,NORDESTE,Nao se aplica,Nao informado,Nao disponivel,B2P,Nao disponivel,"13,33",1
202411,PF,PF,SUL,NORDESTE,entre 20 e 29 anos,mais de 60 anos,MANU,P2P,Pix,"2065763,57",3454
202411,PF,PF,SUDESTE,NORTE,entre 40 e 49 anos,entre 30 e 39 anos,Nao disponivel,P2P,Nao disponivel,"88580,51",550
202411,PF,PJ,CENTRO-OESTE,NORTE,entre 30 e 39 anos,Nao se aplica,MANU,P2B,Pix,"6155225,01",12699
202411,PF,PF,NORTE,Nao informado,entre 40 e 49 anos,entre 20 e 29 anos,QRES,P2P,Pix,"148462,75",752
202411,PJ,PJ,NORTE,NORDESTE,Nao se aplica,Nao se aplica,QRES,G2B,Pix,"97,74",1
202411,PF,PF,CENTRO-OESTE,Nao informado,entre 50 e 59 anos,até 19 anos,DICT,P2P,Pix,"69107,97",85
202411,PF,PF,SUDESTE,NORDESTE,mais de 60 anos,entre 40 e 49 anos,DICT,P2P,Pix,"131460469,61",353214
202411,PF,PF,SUDESTE,SUDESTE,entre 40 e 49 anos,entre 20 e 29 anos,DICT,P2P,Pix,"4246749415,28",21661691
202411,PF,PJ,SUDESTE,SUDESTE,entre 50 e 59 anos,Nao se aplica,QRDN,P2B,Pix Troco,"302803,61",973
202411,PJ,PF,NORTE,Nao informado,Nao se aplica,entre 40 e 49 anos,MANU,B2P,Pix,165100,267
202411,PF,PF,NORTE,SUL,entre 50 e 59 anos,entre 20 e 29 anos,QRES,P2P,Pix,"175636,35",2264
202411,PF,PF,NORDESTE,SUDESTE,entre 20 e 29 anos,entre 40 e 49 anos,QRDN,P2P,Pix,"9173491,65",366383
202411,PF,PF,Nao informado,CENTRO-OESTE,até 19 anos,entre 20 e 29 anos,MANU,P2P,Pix,"5007,46",35
202411,PF,PF,SUDESTE,NORDESTE,entre 30 e 39 anos,entre 40 e 49 anos,MANU,P2P,Pix,"49116949,96",241754
202411,PF,PJ,CENTRO-OESTE,CENTRO-OESTE,entre 20 e 29 anos,Nao se aplica,QRES,P2B,Pix,"293830837,59",2929191
202411,PF,PJ,NORDESTE,NORTE,mais de 60 anos,Nao se aplica,QRDN,P2G,Pix,"286105,32",329
202411,PF,PF,Nao informado,NORTE,entre 50 e 59 anos,entre 30 e 39 anos,QRES,P2P,Pix,"16914,51",229
202411,PJ,PF,Nao informado,SUL,Nao se aplica,entre 20 e 29 anos,QRDN,B2P,Pix,"584,61",15
202411,PF,PF,CENTRO-OESTE,SUDESTE,até 19 anos,até 19 anos,QRDN,P2P,Pix,"24787,9",1051
202411,PF,PF,SUL,SUDESTE,entre 30 e 39 anos,mais de 60 anos,DICT,P2P,Pix,"43601802,48",95206
202411,PJ,PJ,Nao informado,Nao informado,Nao se aplica,Nao se aplica,DICT,G2B,Pix,"3829,3",2
202411,PF,PF,Nao informado,SUL,entre 20 e 29 anos,entre 40 e 49 anos,MANU,P2P,Pix,"438783,7",959
202411,PF,PF,Nao informado,NORDESTE,entre 20 e 29 anos,até 19 anos,DICT,P2P,Pix,"196325,25",1437
202411,PF,PJ,SUL,NORDESTE,entre 30 e 39 anos,Nao se aplica,Nao disponivel,P2B,Nao disponivel,"187688,54",257
202411,PF,PF,SUDESTE,Nao informado,entre 40 e 49 anos,mais de 60 anos,MANU,P2P,Pix,"2492882,08",764
202411,PF,PJ,CENTRO-OESTE,SUL,até 19 anos,Nao se aplica,DICT,P2B,Pix,"3967351,25",12189
202411,PF,PF,SUL,SUDESTE,até 19 anos,entre 30 e 39 anos,MANU,P2P,Pix,"1083243,5",11169
202411,PF,PF,CENTRO-OESTE,SUL,entre 30 e 39 anos,até 19 anos,MANU,P2P,Pix,"1062667,96",3507
202411,PF,PF,CENTRO-OESTE,NORTE,entre 40 e 49 anos,entre 50 e 59 anos,DICT,P2P,Pix,"42135787,2",73694
202411,PF,PF,Nao informado,NORDESTE,entre 50 e 59 anos,até 19 anos,QRES,P2P,Pix,"7958,55",20
202411,PF,PJ,NORTE,NORDESTE,mais de 60 anos,Nao se aplica,DICT,P2G,Pix,30,1
202411,PF,PF,NORTE,SUL,entre 50 e 59 anos,entre 20 e 29 anos,QRDN,P2P,Pix,"71065,62",1947
202411,PF,PJ,NORTE,Nao informado,mais de 60 anos,Nao se aplica,QRDN,P2B,Pix,"33230,12",81
202411,PF,PF,NORDESTE,NORTE,entre 40 e 49 anos,entre 40 e 49 anos,QRDN,P2P,Pix,"1083326,89",34093
202411,PJ,PF,CENTRO-OESTE,Nao informado,Nao se aplica,entre 30 e 39 anos,MANU,B2P,Pix,"502300,86",631
202411,PF,PJ,NORTE,NORTE,entre 20 e 29 anos,Nao se aplica,DICT,P2B,Pix,"891303649,35",2591553
202411,PF,PJ,Nao informado,NORDESTE,entre 50 e 59 anos,Nao se aplica,QRES,P2B,Pix,"284907,84",1357
202411,PF,PF,Nao informado,Nao informado,até 19 anos,até 19 anos,QRDN,P2P,Pix,6,1
202411,PF,PF,NORTE,NORDESTE,entre 40 e 49 anos,entre 50 e 59 anos,QRES,P2P,Pix,"1769271,52",36940
202411,PF,PF,SUDESTE,NORDESTE,mais de 60 anos,mais de 60 anos,Nao disponivel,P2P,Nao disponivel,"61602,89",150
202411,PF,PF,NORDESTE,NORDESTE,entre 40 e 49 anos,entre 30 e 39 anos,QRES,P2P,Pix,"161852226,47",3234790
202411,PF,PF,Nao informado,SUL,entre 50 e 59 anos,entre 40 e 49 anos,MANU,P2P,Pix,"555050,12",524
202411,PJ,PJ,CENTRO-OESTE,SUL,Nao se aplica,Nao se aplica,MANU,B2G,Pix,"61439,24",201
202411,PF,PF,NORDESTE,SUL,entre 40 e 49 anos,até 19 anos,MANU,P2P,Pix,"472054,98",5644
202411,PF,PF,SUL,SUDESTE,entre 30 e 39 anos,entre 20 e 29 anos,Nao disponivel,P2P,Nao disponivel,"344144,33",1617
202411,PJ,PF,SUL,NORDESTE,Nao se aplica,entre 20 e 29 anos,QRES,B2P,Pix,"1142946,24",6520
202411,PF,PF,SUL,SUDESTE,entre 20 e 29 anos,entre 20 e 29 anos,MANU,P2P,Pix,"16753101,71",115211
202411,PF,PF,CENTRO-OESTE,Nao informado,entre 40 e 49 anos,entre 20 e 29 anos,QRES,P2P,Pix,"28709,31",210
202411,PF,PF,NORDESTE,NORTE,entre 50 e 59 anos,até 19 anos,DICT,P2P,Pix,"2085312,25",18583
202411,PF,PF,SUL,SUL,até 19 anos,entre 40 e 49 anos,DICT,P2P,Pix,"219779113,45",1606150
202411,PF,PF,CENTRO-OESTE,CENTRO-OESTE,entre 20 e 29 anos,entre 30 e 39 anos,INIC,P2P,Pix,230,2
202411,PJ,PF,SUDESTE,NORDESTE,Nao se aplica,entre 50 e 59 anos,DICT,G2P,Pix,"61215,95",72
202411,PF,PF,NORTE,SUDESTE,entre 20 e 29 anos,mais de 60 anos,QRES,P2P,Pix,"530738,29",14553
202411,PJ,PF,SUL,NORDESTE,Nao se aplica,até 19 anos,DICT,B2P,Pix,"29530658,12",203829
202411,PF,PF,SUL,Nao informado,entre 50 e 59 anos,entre 30 e 39 anos,Nao disponivel,P2P,Nao disponivel,"630,48",5
202411,PF,PF,CENTRO-OESTE,SUL,entre 50 e 59 anos,entre 40 e 49 anos,MANU,P2P,Pix,"2588661,11",5549
202411,PF,PF,SUDESTE,NORTE,entre 30 e 39 anos,mais de 60 anos,QRDN,P2P,Pix,"152805,19",5008
202411,PF,PF,CENTRO-OESTE,CENTRO-OESTE,até 19 anos,entre 30 e 39 anos,MANU,P2P,Pix,"28135383,93",270203
202411,PJ,PF,SUL,CENTRO-OESTE,Nao se aplica,entre 30 e 39 anos,DICT,B2P,Pix,"196909772,91",341493
202411,PF,PF,NORDESTE,CENTRO-OESTE,até 19 anos,até 19 anos,DICT,P2P,Pix,"2704857,09",81401
202411,PF,PF,CENTRO-OESTE,NORTE,mais de 60 anos,entre 40 e 49 anos,DICT,P2P,Pix,"37447205,07",46739
202411,PF,PF,SUDESTE,Nao informado,até 19 anos,entre 20 e 29 anos,Nao disponivel,P2P,Nao disponivel,"196,93",8
202411,PF,PF,SUDESTE,SUDESTE,entre 30 e 39 anos,entre 30 e 39 anos,MANU,P2P,Pix,"12325796143,99",33262695
202411,PF,PF,NORTE,SUDESTE,entre 40 e 49 anos,entre 20 e 29 anos,INIC,P2P,Pix,25,1
202411,PF,PF,SUL,NORTE,entre 40 e 49 anos,até 19 anos,Nao disponivel,P2P,Nao disponivel,"2680,72",132
202411,PF,PJ,NORTE,CENTRO-OESTE,entre 40 e 49 anos,Nao se aplica,QRES,P2G,Pix,"27003,73",333
202411,PF,PF,NORDESTE,NORTE,entre 50 e 59 anos,entre 30 e 39 anos,QRES,P2P,Pix,"671432,59",12918
202411,PF,PF,SUDESTE,NORTE,entre 50 e 59 anos,mais de 60 anos,MANU,P2P,Pix,"3635023,54",4057
202411,PF,PF,SUDESTE,SUL,entre 30 e 39 anos,entre 50 e 59 anos,INIC,P2P,Pix,"19,9",1
202411,PJ,PF,NORTE,Nao informado,Nao se aplica,entre 20 e 29 anos,DICT,B2P,Pix,"1526210,57",2926
202411,PF,PF,Nao informado,SUDESTE,Nao informado,até 19 anos,QRES,P2P,Pix,"141,24",6
202411,PF,PF,CENTRO-OESTE,SUDESTE,entre 30 e 39 anos,Nao informado,QRES,P2P,Pix,"936207,34",668
202411,PJ,PF,SUDESTE,CENTRO-OESTE,Nao se aplica,entre 50 e 59 anos,Nao disponivel,B2P,Nao disponivel,"7092841,97",58722
202411,PF,PF,NORTE,NORTE,até 19 anos,entre 30 e 39 anos,QRES,P2P,Pix,"10977462,1",513935
202411,PJ,PF,SUDESTE,CENTRO-OESTE,Nao se aplica,entre 20 e 29 anos,Nao disponivel,B2P,Nao disponivel,"21286627,94",273489
202411,PF,PF,NORTE,Nao informado,entre 50 e 59 anos,entre 50 e 59 anos,QRES,P2P,Pix,"15822,78",203
202411,PJ,PF,NORTE,NORTE,Nao se aplica,mais de 60 anos,MANU,G2P,Pix,"2471427,1",493
202411,PF,PF,NORDESTE,SUL,entre 20 e 29 anos,entre 50 e 59 anos,Nao disponivel,P2P,Nao disponivel,"89414,02",365
202411,PJ,PJ,NORTE,NORTE,Nao se aplica,Nao se aplica,Nao disponivel,B2B,Nao disponivel,"25479625,6",8139
202411,PF,PF,NORTE,NORDESTE,entre 20 e 29 anos,entre 50 e 59 anos,DICT,P2P,Pix,"18644603,96",93883
202411,PF,PF,NORTE,NORTE,entre 20 e 29 anos,entre 50 e 59 anos,QRES,P2P,Pix,"32532909,89",1256208
202411,PF,PJ,NORDESTE,SUL,entre 30 e 39 anos,Nao se aplica,DICT,P2G,Pix,"21813,17",70
202411,PF,PF,CENTRO-OESTE,CENTRO-OESTE,entre 40 e 49 anos,entre 30 e 39 anos,Nao disponivel,P2P,Nao disponivel,"3133754,79",10625
202411,PF,PJ,NORDESTE,SUDESTE,entre 50 e 59 anos,Nao se aplica,QRDN,P2G,Pix,"477970,68",1261
202411,PF,PF,Nao informado,SUDESTE,entre 20 e 29 anos,entre 40 e 49 anos,Nao disponivel,P2P,Nao disponivel,"4553,18",17
202411,PF,PF,Nao informado,Nao informado,até 19 anos,entre 30 e 39 anos,QRES,P2P,Pix,"6494,53",352
202411,PJ,PF,SUL,SUDESTE,Nao se aplica,até 19 anos,DICT,B2P,Pix,"48829914,16",249354
202411,PF,PJ,SUDESTE,SUL,entre 50 e 59 anos,Nao se aplica,DICT,P2G,Pix,"129582,01",56
202411,PF,PF,SUDESTE,NORDESTE,mais de 60 anos,até 19 anos,QRDN,P2P,Pix,"56385,9",1156
202411,PJ,PF,CENTRO-OESTE,NORTE,Nao se aplica,entre 30 e 39 anos,Nao disponivel,B2P,Nao disponivel,"613178,13",1899
202411,PF,PF,Nao informado,SUDESTE,entre 40 e 49 anos,entre 30 e 39 anos,MANU,P2P,Pix,"2457017,71",2703
202411,PF,PF,Nao informado,SUDESTE,entre 50 e 59 anos,entre 50 e 59 anos,QRES,P2P,Pix,"66052,94",324
202411,PF,PF,SUL,NORDESTE,mais de 60 anos,entre 30 e 39 anos,MANU,P2P,Pix,"2155379,83",4612
202411,PF,PF,NORDESTE,CENTRO-OESTE,entre 20 e 29 anos,entre 30 e 39 anos,INIC,P2P,Pix,1,1
202411,PF,PJ,CENTRO-OESTE,NORDESTE,mais de 60 anos,Nao se aplica,QRDN,P2G,Pix,"228524,01",425
202411,PF,PF,CENTRO-OESTE,CENTRO-OESTE,entre 50 e 59 anos,entre 30 e 39 anos,DICT,P2P,Pix,"1116142644,9",2943790
202411,PJ,PF,SUL,NORDESTE,Nao se aplica,mais de 60 anos,QRES,B2P,Pix,"327639,51",2198
202411,PJ,PF,NORDESTE,Nao informado,Nao se aplica,entre 40 e 49 anos,MANU,B2P,Pix,"347216,61",550
202411,PF,PF,Nao informado,Nao informado,até 19 anos,até 19 anos,DICT,P2P,Pix,"616588,58",4113
202411,PF,PJ,SUL,NORDESTE,entre 20 e 29 anos,Nao se aplica,DICT,P2B,Pix,"22149593,84",38426
202411,PF,PF,CENTRO-OESTE,CENTRO-OESTE,entre 50 e 59 anos,até 19 anos,QRES,P2P,Pix,"1439781,45",19103
202411,PF,PF,SUL,SUL,mais de 60 anos,até 19 anos,MANU,P2P,Pix,"7629449,83",56090
202411,PF,PJ,NORDESTE,NORDESTE,Nao informado,Nao se aplica,MANU,P2B,Pix,60,1
202411,PF,PF,NORTE,CENTRO-OESTE,entre 20 e 29 anos,entre 50 e 59 anos,Nao disponivel,P2P,Nao disponivel,"90688,13",240
202411,PF,PF,NORTE,Nao informado,entre 30 e 39 anos,entre 40 e 49 anos,MANU,P2P,Pix,"557628,46",3417
202411,PF,PJ,NORDESTE,SUL,até 19 anos,Nao se aplica,MANU,P2B,Pix,"499293,42",3044
202411,PF,PF,Nao informado,SUL,entre 20 e 29 anos,até 19 anos,QRES,P2P,Pix,"7006,5",88
202411,PF,PF,NORTE,SUDESTE,mais de 60 anos,mais de 60 anos,MANU,P2P,Pix,"3560778,76",2897
202411,PJ,PF,Nao informado,CENTRO-OESTE,Nao se aplica,até 19 anos,MANU,B2P,Pix,1591,2
202411,PF,PJ,Nao informado,Nao informado,mais de 60 anos,Nao se aplica,DICT,P2B,Pix,"55606,05",108
202411,PF,PF,Nao informado,SUL,entre 20 e 29 anos,entre 20 e 29 anos,MANU,P2P,Pix,"407415,08",1940
202411,PF,PF,NORTE,Nao informado,entre 40 e 49 anos,entre 30 e 39 anos,MANU,P2P,Pix,"613378,01",4675
202411,PF,PJ,SUL,NORTE,entre 30 e 39 anos,Nao se aplica,QRDN,P2B,Pix Saque,"654,86",7
202411,PF,PJ,CENTRO-OESTE,SUL,entre 40 e 49 anos,Nao se aplica,DICT,P2B,Pix,"129747215,16",84158
202411,PF,PF,NORTE,CENTRO-OESTE,mais de 60 anos,entre 20 e 29 anos,Nao disponivel,P2P,Nao disponivel,"6947,55",25
202411,PF,PF,CENTRO-OESTE,NORDESTE,entre 40 e 49 anos,entre 40 e 49 anos,QRDN,P2P,Pix,"1061072,91",30082
202411,PF,PF,NORTE,NORTE,entre 20 e 29 anos,mais de 60 anos,MANU,P2P,Pix,"58843512,93",417695
202411,PF,PJ,Nao informado,NORTE,entre 40 e 49 anos,Nao se aplica,MANU,P2B,Pix,"1398240,88",481
202411,PF,PF,CENTRO-OESTE,SUDESTE,entre 50 e 59 anos,entre 40 e 49 anos,Nao disponivel,P2P,Nao disponivel,"57928,91",285
202411,PF,PJ,NORDESTE,SUL,mais de 60 anos,Nao se aplica,QRDN,P2G,Pix,"239515,89",236
202411,PF,PF,NORDESTE,CENTRO-OESTE,entre 20 e 29 anos,entre 30 e 39 anos,MANU,P2P,Pix,"17336808,54",130133
202411,PF,PF,NORDESTE,CENTRO-OESTE,mais de 60 anos,entre 40 e 49 anos,MANU,P2P,Pix,"15236138,89",8265
202411,PF,PF,SUL,CENTRO-OESTE,entre 40 e 49 anos,entre 40 e 49 anos,MANU,P2P,Pix,"6831936,74",11910
202411,PF,PF,NORDESTE,Nao informado,até 19 anos,entre 30 e 39 anos,QRES,P2P,Pix,"7435,45",564
202411,PF,PF,NORTE,CENTRO-OESTE,entre 30 e 39 anos,entre 20 e 29 anos,DICT,P2P,Pix,"49230805,09",242505
202411,PF,PF,SUDESTE,SUL,entre 50 e 59 anos,entre 30 e 39 anos,QRDN,P2P,Pix,"393377,57",7933
202411,PJ,PJ,Nao informado,NORTE,Nao se aplica,Nao se aplica,QRDN,B2G,Pix,"3300,8",21
202411,PF,PF,NORDESTE,CENTRO-OESTE,entre 30 e 39 anos,entre 50 e 59 anos,Nao disponivel,P2P,Nao disponivel,"96623,83",391
202411,PF,PF,CENTRO-OESTE,SUL,mais de 60 anos,mais de 60 anos,Nao disponivel,P2P,Nao disponivel,"11524,81",31
202411,PF,PF,NORDESTE,Nao informado,entre 40 e 49 anos,entre 40 e 49 anos,QRES,P2P,Pix,"79536,98",1723
202411,PJ,PF,SUL,SUDESTE,Nao se aplica,entre 30 e 39 anos,MANU,G2P,Pix,"11900,48",16
202411,PF,PF,SUL,SUDESTE,entre 50 e 59 anos,entre 50 e 59 anos,MANU,P2P,Pix,"6610027,89",17280
202411,PF,PF,CENTRO-OESTE,SUL,mais de 60 anos,entre 30 e 39 anos,Nao disponivel,P2P,Nao disponivel,"19220,95",29
202411,PJ,PF,Nao informado,SUL,Nao se aplica,entre 30 e 39 anos,MANU,B2P,Pix,"466217,73",120
202411,PJ,PJ,SUL,SUL,Nao se aplica,Nao se aplica,Nao disponivel,B2B,Nao disponivel,"255313675,7",46737
202411,PF,PJ,Nao informado,SUDESTE,mais de 60 anos,Nao se aplica,MANU,P2B,Pix,"1953546,09",611
202411,PF,PF,CENTRO-OESTE,NORDESTE,até 19 anos,mais de 60 anos,MANU,P2P,Pix,"146568,9",2260
202411,PF,PF,CENTRO-OESTE,NORDESTE,entre 50 e 59 anos,entre 30 e 39 anos,QRES,P2P,Pix,"1151695,09",20254
202411,PJ,PJ,NORTE,CENTRO-OESTE,Nao se aplica,Nao se aplica,QRES,B2B,Pix,"17158728,57",14551
202411,PF,PF,NORTE,NORTE,entre 20 e 29 anos,entre 30 e 39 anos,INIC,P2P,Pix,"2,05",2
202411,PF,PF,Nao informado,NORTE,entre 20 e 29 anos,mais de 60 anos,QRDN,P2P,Pix,"3906,25",177
202411,PJ,PF,SUDESTE,CENTRO-OESTE,Nao se aplica,entre 40 e 49 anos,QRES,B2P,Pix,"2006955,39",6133
202411,PJ,PF,CENTRO-OESTE,Nao informado,Nao se aplica,entre 50 e 59 anos,MANU,B2P,Pix,"2355283,14",146
202411,PF,PF,SUL,CENTRO-OESTE,entre 30 e 39 anos,mais de 60 anos,MANU,P2P,Pix,"3183571,88",4334
202411,PF,PJ,NORTE,SUDESTE,mais de 60 anos,Nao se aplica,QRDN,P2B,Pix Saque,"41277,05",186
202411,PJ,PF,NORDESTE,NORDESTE,Nao se aplica,entre 30 e 39 anos,DICT,B2P,Pix,"8234476311,14",12721968
202411,PF,PF,CENTRO-OESTE,NORTE,entre 20 e 29 anos,mais de 60 anos,Nao disponivel,P2P,Nao disponivel,"25130,48",95
202411,PF,PJ,Nao informado,NORDESTE,Nao informado,Nao se aplica,DICT,P2B,Pix,"38,65",9
202411,PF,PF,SUDESTE,Nao informado,entre 40 e 49 anos,Nao informado,QRES,P2P,Pix,7,7
202411,PF,PF,NORTE,Nao informado,até 19 anos,entre 20 e 29 anos,Nao disponivel,P2P,Nao disponivel,272,5
202411,PJ,PF,NORDESTE,Nao informado,Nao se aplica,entre 50 e 59 anos,DICT,B2P,Pix,"2408220,91",3341
202411,PF,PF,SUL,NORDESTE,entre 40 e 49 anos,mais de 60 anos,Nao disponivel,P2P,Nao disponivel,"30537,39",59
202411,PF,PF,CENTRO-OESTE,Nao informado,entre 20 e 29 anos,entre 50 e 59 anos,QRES,P2P,Pix,"15492,93",377
202411,PF,PJ,Nao informado,SUL,até 19 anos,Nao se aplica,MANU,P2G,Pix,10,1
202411,PJ,PF,CENTRO-OESTE,SUDESTE,Nao se aplica,entre 30 e 39 anos,DICT,B2P,Pix,"340607967,12",397932
202411,PF,PF,NORDESTE,SUL,entre 30 e 39 anos,até 19 anos,DICT,P2P,Pix,"3869089,96",39021
202411,PF,PF,NORTE,NORTE,entre 50 e 59 anos,até 19 anos,QRDN,P2P,Pix,"530080,35",17206
202411,PF,PF,NORDESTE,CENTRO-OESTE,entre 20 e 29 anos,entre 30 e 39 anos,Nao disponivel,P2P,Nao disponivel,"295345,27",1951
202411,PJ,PF,SUL,CENTRO-OESTE,Nao se aplica,mais de 60 anos,MANU,B2P,Pix,"160387720,97",10140
202411,PF,PF,NORTE,SUL,entre 50 e 59 anos,entre 30 e 39 anos,Nao disponivel,P2P,Nao disponivel,"10513,77",46
202411,PF,PJ,CENTRO-OESTE,CENTRO-OESTE,entre 50 e 59 anos,Nao se aplica,QRES,P2G,Pix,"436839,08",4537
202411,PF,PF,NORDESTE,NORTE,mais de 60 anos,entre 30 e 39 anos,MANU,P2P,Pix,"2911811,7",11087
202411,PF,PF,NORTE,NORDESTE,entre 20 e 29 anos,mais de 60 anos,QRES,P2P,Pix,"874835,17",27613
202411,PF,PF,NORTE,SUDESTE,entre 40 e 49 anos,entre 40 e 49 anos,MANU,P2P,Pix,"7657641,69",35987
202411,PJ,PF,CENTRO-OESTE,SUL,Nao se aplica,entre 30 e 39 anos,DICT,G2P,Pix,"3897204,41",3468
202411,PF,PF,CENTRO-OESTE,NORDESTE,entre 50 e 59 anos,entre 50 e 59 anos,QRDN,P2P,Pix,"248366,65",6145
202411,PJ,PF,CENTRO-OESTE,NORTE,Nao se aplica,mais de 60 anos,DICT,B2P,Pix,"36610519,24",19879
202411,PJ,PJ,Nao informado,NORDESTE,Nao se aplica,Nao se aplica,QRES,B2B,Pix,"212264,51",547
202411,PJ,PF,NORDESTE,Nao informado,Nao se aplica,até 19 anos,MANU,B2P,Pix,"83579,49",39
202411,PF,PF,NORDESTE,SUDESTE,entre 20 e 29 anos,até 19 anos,DICT,P2P,Pix,"28820992,09",372809
202411,PF,PJ,Nao informado,CENTRO-OESTE,entre 50 e 59 anos,Nao se aplica,QRDN,P2B,Pix,"346315,79",2563
202411,PF,PF,SUDESTE,NORDESTE,entre 40 e 49 anos,entre 50 e 59 anos,MANU,P2P,Pix,"25220688,51",112272
202411,PJ,PJ,Nao informado,NORDESTE,Nao se aplica,Nao se aplica,QRDN,B2G,Pix,"34500,84",78
202411,PF,PF,CENTRO-OESTE,Nao informado,entre 20 e 29 anos,entre 30 e 39 anos,QRES,P2P,Pix,"73359,59",2126
202411,PF,PJ,NORDESTE,NORDESTE,até 19 anos,Nao se aplica,QRDN,P2B,Pix Troco,"2407,49",15
202411,PF,PJ,SUDESTE,SUDESTE,entre 30 e 39 anos,Nao se aplica,DICT,P2G,Pix,"5981395,35",13533
202411,PF,PF,SUDESTE,SUDESTE,mais de 60 anos,mais de 60 anos,INIC,P2P,Pix,"7043799,15",8147
202411,PF,PF,Nao informado,CENTRO-OESTE,entre 50 e 59 anos,entre 40 e 49 anos,QRDN,P2P,Pix,"9989,81",73
202411,PF,PF,SUDESTE,SUL,até 19 anos,entre 50 e 59 anos,Nao disponivel,P2P,Nao disponivel,"36084,33",289
202411,PF,PF,CENTRO-OESTE,NORTE,entre 20 e 29 anos,entre 40 e 49 anos,QRES,P2P,Pix,"1005988,06",28034
202411,PF,PF,SUDESTE,NORTE,entre 20 e 29 anos,entre 40 e 49 anos,QRES,P2P,Pix,"696367,09",21215
202411,PF,PF,SUDESTE,Nao informado,até 19 anos,entre 40 e 49 anos,QRDN,P2P,Pix,"6383,69",370
202411,PF,PJ,Nao informado,NORTE,entre 50 e 59 anos,Nao se aplica,QRDN,P2B,Pix Saque,"400,94",3
202411,PF,PF,NORTE,SUDESTE,entre 30 e 39 anos,entre 50 e 59 anos,Nao disponivel,P2P,Nao disponivel,"112040,7",252
202411,PF,PJ,NORDESTE,SUL,entre 20 e 29 anos,Nao se aplica,Nao disponivel,P2B,Nao disponivel,"420239,66",602
202411,PF,PF,NORTE,SUDESTE,até 19 anos,entre 50 e 59 anos,Nao disponivel,P2P,Nao disponivel,"13510,04",167
202411,PF,PF,SUDESTE,NORDESTE,Nao informado,entre 40 e 49 anos,DICT,P2P,Pix,53,2
202411,PF,PF,NORTE,NORTE,entre 20 e 29 anos,entre 20 e 29 anos,DICT,P2P,Pix,"4450521777,3",22111584
202411,PF,PF,NORTE,CENTRO-OESTE,entre 40 e 49 anos,até 19 anos,Nao disponivel,P2P,Nao disponivel,"2356,22",156
202411,PF,PJ,NORDESTE,NORTE,mais de 60 anos,Nao se aplica,QRES,P2B,Pix,"2332936,52",12850
202411,PF,PJ,NORDESTE,CENTRO-OESTE,entre 40 e 49 anos,Nao se aplica,QRES,P2B,Pix Saque,1116,3
202411,PJ,PF,NORTE,Nao informado,Nao se aplica,até 19 anos,QRES,B2P,Pix,313,3
202411,PF,PF,CENTRO-OESTE,NORTE,entre 30 e 39 anos,entre 40 e 49 anos,QRDN,P2P,Pix,"862250,29",25114
202411,PF,PJ,NORDESTE,NORDESTE,mais de 60 anos,Nao se aplica,QRDN,P2B,Pix,"433934637,94",4646588
202411,PF,PJ,SUDESTE,CENTRO-OESTE,entre 40 e 49 anos,Nao se aplica,QRDN,P2B,Pix Troco,"1355,01",7
202411,PF,PF,SUL,SUL,mais de 60 anos,entre 30 e 39 anos,DICT,P2P,Pix,"1385934738,81",2916315
202411,PF,PF,Nao informado,CENTRO-OESTE,Nao informado,até 19 anos,MANU,P2P,Pix,10,1
202411,PF,PJ,SUDESTE,CENTRO-OESTE,até 19 anos,Nao se aplica,QRDN,P2G,Pix,"4074518,02",65290
202411,PF,PF,NORTE,SUL,até 19 anos,mais de 60 anos,MANU,P2P,Pix,"114804,91",988
202411,PF,PF,CENTRO-OESTE,NORDESTE,entre 50 e 59 anos,entre 50 e 59 anos,MANU,P2P,Pix,"4496978,77",15246
202411,PF,PJ,Nao informado,NORTE,entre 40 e 49 anos,Nao se aplica,DICT,P2B,Pix,"2765388,9",1603
202411,PF,PF,SUL,Nao informado,entre 40 e 49 anos,entre 50 e 59 anos,MANU,P2P,Pix,"1072057,35",358
202411,PF,PJ,Nao informado,NORDESTE,entre 20 e 29 anos,Nao se aplica,QRES,P2G,Pix,27,3
202411,PJ,PJ,SUDESTE,SUL,Nao se aplica,Nao se aplica,QRDN,G2G,Pix,"2079,87",2
202411,PF,PF,SUDESTE,CENTRO-OESTE,entre 20 e 29 anos,mais de 60 anos,MANU,P2P,Pix,"4375190,71",10115
202411,PF,PF,CENTRO-OESTE,NORTE,entre 30 e 39 anos,entre 50 e 59 anos,MANU,P2P,Pix,"5919257,32",16423
202411,PF,PJ,NORTE,SUDESTE,até 19 anos,Nao se aplica,INIC,P2B,Pix,"4,99",1
202411,PF,PJ,NORTE,CENTRO-OESTE,até 19 anos,Nao se aplica,QRES,P2G,Pix,"2905,16",40
202411,PF,PJ,NORTE,SUL,entre 30 e 39 anos,Nao se aplica,INIC,P2B,Pix,"13755,54",68
202411,PF,PF,NORDESTE,NORTE,mais de 60 anos,entre 20 e 29 anos,DICT,P2P,Pix,"10847719,8",40325
202411,PF,PF,Nao informado,Nao informado,entre 20 e 29 anos,entre 50 e 59 anos,DICT,P2P,Pix,"397413,69",1626
202411,PF,PF,SUL,CENTRO-OESTE,até 19 anos,mais de 60 anos,DICT,P2P,Pix,"490056,99",3575
202411,PJ,PF,NORTE,NORDESTE,Nao se aplica,entre 30 e 39 anos,MANU,G2P,Pix,"29285,29",17
202411,PF,PF,NORTE,NORDESTE,entre 40 e 49 anos,entre 20 e 29 anos,MANU,P2P,Pix,"6085104,63",53890
202411,PJ,PF,SUL,NORDESTE,Nao se aplica,entre 30 e 39 anos,Nao disponivel,B2P,Nao disponivel,"7841688,41",35978
202411,PF,PF,NORDESTE,SUL,entre 30 e 39 anos,entre 30 e 39 anos,QRES,P2P,Pix,"1546858,93",30885
202411,PJ,PJ,SUL,SUL,Nao se aplica,Nao se aplica,QRDN,G2G,Pix,"1658812,27",199
202411,PF,PJ,Nao informado,SUL,entre 40 e 49 anos,Nao se aplica,MANU,P2G,Pix,"66,71",2
202411,PJ,PF,NORTE,SUDESTE,Nao se aplica,entre 40 e 49 anos,MANU,G2P,Pix,"74018,13",17
202411,PF,PJ,NORTE,SUL,entre 50 e 59 anos,Nao se aplica,MANU,P2G,Pix,305,4
202411,PF,PJ,Nao informado,SUL,entre 50 e 59 anos,Nao se aplica,QRDN,P2G,Pix,"127986,61",110
202411,PF,PF,NORTE,NORTE,entre 30 e 39 anos,entre 20 e 29 anos,DICT,P2P,Pix,"1314825146,39",8704778
202411,PJ,PF,SUL,NORTE,Nao se aplica,entre 50 e 59 anos,MANU,B2P,Pix,"15180819,93",11653
202411,PF,PF,NORTE,SUDESTE,entre 30 e 39 anos,entre 20 e 29 anos,DICT,P2P,Pix,42065495,237240
202411,PF,PJ,SUL,NORDESTE,entre 40 e 49 anos,Nao se aplica,MANU,P2G,Pix,74992,8
202411,PF,PF,SUDESTE,NORDESTE,entre 40 e 49 anos,entre 30 e 39 anos,Nao disponivel,P2P,Nao disponivel,"710846,98",3642
202411,PF,PF,CENTRO-OESTE,Nao informado,entre 40 e 49 anos,entre 40 e 49 anos,DICT,P2P,Pix,"3077621,79",3818
202411,PF,PJ,SUL,SUL,entre 50 e 59 anos,Nao se aplica,INIC,P2B,Pix,"98423,8",403
202411,PF,PF,NORTE,NORDESTE,mais de 60 anos,entre 40 e 49 anos,QRES,P2P,Pix,"599711,62",7995
202411,PJ,PJ,SUDESTE,SUL,Nao se aplica,Nao se aplica,Nao disponivel,B2G,Nao disponivel,"32185,56",29
202411,PF,PF,NORDESTE,CENTRO-OESTE,entre 40 e 49 anos,mais de 60 anos,Nao disponivel,P2P,Nao disponivel,"43551,05",118
202411,PF,PF,Nao informado,NORDESTE,Nao informado,entre 20 e 29 anos,MANU,P2P,Pix,"1729,25",13
202411,PF,PF,NORDESTE,SUDESTE,mais de 60 anos,entre 40 e 49 anos,QRDN,P2P,Pix,"590191,35",12287
202411,PF,PF,CENTRO-OESTE,NORDESTE,entre 20 e 29 anos,entre 20 e 29 anos,QRDN,P2P,Pix,"1584068,48",51195
202411,PF,PF,NORTE,NORDESTE,entre 40 e 49 anos,mais de 60 anos,QRES,P2P,Pix,"1013595,81",20934
202411,PF,PJ,NORDESTE,NORTE,entre 20 e 29 anos,Nao se aplica,DICT,P2G,Pix,"2019,83",14
202411,PF,PJ,SUL,CENTRO-OESTE,entre 40 e 49 anos,Nao se aplica,QRES,P2B,Pix Saque,112,1
202411,PF,PJ,SUL,SUL,mais de 60 anos,Nao se aplica,QRDN,P2B,Pix Saque,"7629749,08",29781
202411,PF,PF,NORTE,SUDESTE,entre 20 e 29 anos,entre 40 e 49 anos,MANU,P2P,Pix,"5713433,09",35365
202411,PF,PF,NORTE,SUL,entre 30 e 39 anos,entre 30 e 39 anos,DICT,P2P,Pix,"45494444,78",229826
202411,PF,PJ,Nao informado,SUDESTE,entre 20 e 29 anos,Nao se aplica,QRES,P2G,Pix,"442,65",8
202411,PF,PF,CENTRO-OESTE,SUDESTE,até 19 anos,entre 40 e 49 anos,Nao disponivel,P2P,Nao disponivel,"80869,41",692
202411,PF,PF,Nao informado,NORTE,até 19 anos,entre 40 e 49 anos,DICT,P2P,Pix,"51133,12",538
202411,PF,PJ,Nao informado,SUDESTE,entre 30 e 39 anos,Nao se aplica,INIC,P2B,Pix,"34,93",3
202411,PF,PF,Nao informado,NORTE,entre 20 e 29 anos,mais de 60 anos,DICT,P2P,Pix,"232424,78",939
202411,PF,PF,NORTE,SUDESTE,entre 30 e 39 anos,entre 50 e 59 anos,DICT,P2P,Pix,"30827372,64",108157
202411,PF,PF,NORDESTE,CENTRO-OESTE,mais de 60 anos,entre 30 e 39 anos,QRES,P2P,Pix,"298131,46",3517
202411,PJ,PF,NORDESTE,CENTRO-OESTE,Nao se aplica,entre 20 e 29 anos,QRES,B2P,Pix,"423833,68",2159
202411,PJ,PF,SUL,SUL,Nao se aplica,entre 30 e 39 anos,Nao disponivel,B2P,Nao disponivel,"23437468,25",87399
202411,PJ,PF,SUDESTE,SUDESTE,Nao se aplica,entre 20 e 29 anos,QRDN,B2P,Pix,"13329414,43",190183
202411,PJ,PF,SUDESTE,NORDESTE,Nao se aplica,entre 40 e 49 anos,DICT,B2P,Pix,"1498566744,81",7051670
202411,PF,PF,NORTE,CENTRO-OESTE,até 19 anos,até 19 anos,QRES,P2P,Pix,"67149,31",4191
202411,PF,PF,Nao informado,SUDESTE,entre 20 e 29 anos,mais de 60 anos,QRES,P2P,Pix,"21885,19",462
202411,PF,PF,SUDESTE,Nao informado,entre 50 e 59 anos,entre 30 e 39 anos,QRES,P2P,Pix,"58583,86",365
202411,PF,PF,NORTE,NORDESTE,entre 20 e 29 anos,entre 50 e 59 anos,QRES,P2P,Pix,"1428324,83",46538
202411,PJ,PJ,CENTRO-OESTE,CENTRO-OESTE,Nao se aplica,Nao se aplica,QRDN,B2B,Pix Troco,"53525,62",68
202411,PF,PF,SUDESTE,CENTRO-OESTE,entre 30 e 39 anos,entre 20 e 29 anos,Nao disponivel,P2P,Nao disponivel,"252501,37",1319
202411,PF,PF,SUDESTE,SUL,entre 40 e 49 anos,entre 30 e 39 anos,DICT,P2P,Pix,"117795108,95",361277
202411,PF,PF,NORTE,Nao informado,entre 50 e 59 anos,entre 50 e 59 anos,Nao disponivel,P2P,Nao disponivel,500,1
202411,PF,PJ,CENTRO-OESTE,CENTRO-OESTE,Nao informado,Nao se aplica,DICT,P2B,Pix,1115,6
202411,PF,PF,Nao informado,Nao informado,até 19 anos,entre 30 e 39 anos,MANU,P2P,Pix,"32873,19",453
202411,PJ,PF,NORDESTE,SUDESTE,Nao se aplica,mais de 60 anos,MANU,G2P,Pix,"1264584,02",85
202411,PJ,PJ,SUDESTE,NORDESTE,Nao se aplica,Nao se aplica,Nao disponivel,B2G,Nao disponivel,"14103,44",8
202411,PF,PJ,CENTRO-OESTE,SUL,entre 20 e 29 anos,Nao se aplica,QRDN,P2G,Pix,"324582,52",973
202411,PF,PF,Nao informado,NORTE,até 19 anos,até 19 anos,MANU,P2P,Pix,"5995,95",108
202411,PJ,PF,NORDESTE,CENTRO-OESTE,Nao se aplica,entre 30 e 39 anos,MANU,G2P,Pix,"756225,73",88
202411,PF,PF,SUL,Nao informado,entre 20 e 29 anos,entre 40 e 49 anos,MANU,P2P,Pix,"214108,37",754
202411,PF,PF,CENTRO-OESTE,NORDESTE,entre 50 e 59 anos,mais de 60 anos,QRES,P2P,Pix,"376479,2",7114
202411,PJ,PF,Nao informado,NORDESTE,Nao se aplica,entre 40 e 49 anos,DICT,B2P,Pix,"1460564,8",1473
202411,PF,PF,NORDESTE,CENTRO-OESTE,mais de 60 anos,entre 50 e 59 anos,MANU,P2P,Pix,"1994950,54",4821
202411,PF,PF,NORDESTE,NORDESTE,mais de 60 anos,entre 20 e 29 anos,Nao disponivel,P2P,Nao disponivel,"1266497,4",4720
202411,PF,PF,CENTRO-OESTE,NORTE,mais de 60 anos,até 19 anos,QRES,P2P,Pix,"18309,41",239
202411,PJ,PJ,NORDESTE,SUL,Nao se aplica,Nao se aplica,DICT,G2B,Pix,"773444,95",143
202411,PF,PF,NORDESTE,NORDESTE,mais de 60 anos,entre 50 e 59 anos,DICT,P2P,Pix,"1186038742,1",3650168
202411,PF,PF,NORTE,NORTE,entre 30 e 39 anos,entre 20 e 29 anos,QRES,P2P,Pix,"36045073,26",858511
202411,PJ,PF,NORTE,NORTE,Nao se aplica,entre 50 e 59 anos,DICT,B2P,Pix,"1469639542,72",1255928
202411,PF,PF,NORTE,CENTRO-OESTE,entre 30 e 39 anos,entre 50 e 59 anos,DICT,P2P,Pix,"40260094,46",120251
202411,PF,PF,SUL,SUDESTE,entre 20 e 29 anos,até 19 anos,Nao disponivel,P2P,Nao disponivel,"79203,53",2113
202411,PF,PF,Nao informado,Nao informado,entre 50 e 59 anos,entre 20 e 29 anos,DICT,P2P,Pix,"597825,94",1747
202411,PF,PJ,SUL,CENTRO-OESTE,entre 20 e 29 anos,Nao se aplica,QRES,P2G,Pix,"10871,54",158
202411,PF,PF,CENTRO-OESTE,Nao informado,entre 50 e 59 anos,entre 40 e 49 anos,QRES,P2P,Pix,"17765,96",140
202411,PF,PF,SUDESTE,NORTE,mais de 60 anos,entre 30 e 39 anos,DICT,P2P,Pix,"30185144,85",63419
202411,PJ,PF,NORDESTE,CENTRO-OESTE,Nao se aplica,entre 40 e 49 anos,MANU,G2P,Pix,"131268,3",32
202411,PJ,PJ,CENTRO-OESTE,NORDESTE,Nao se aplica,Nao se aplica,QRDN,G2B,Pix,"4670,46",5
202411,PF,PJ,SUL,SUDESTE,mais de 60 anos,Nao se aplica,MANU,P2B,Pix,"52609406,01",11553
202411,PF,PF,SUL,Nao informado,entre 20 e 29 anos,entre 30 e 39 anos,MANU,P2P,Pix,"379348,92",2103
202411,PF,PF,NORTE,SUDESTE,entre 20 e 29 anos,entre 20 e 29 anos,Nao disponivel,P2P,Nao disponivel,"248700,73",2030
202411,PJ,PJ,CENTRO-OESTE,NORTE,Nao se aplica,Nao se aplica,Nao disponivel,B2B,Nao disponivel,"2331313,49",428
202411,PJ,PJ,NORTE,NORDESTE,Nao se aplica,Nao se aplica,DICT,B2B,Pix,"501424454,41",62708
202411,PF,PF,CENTRO-OESTE,Nao informado,entre 50 e 59 anos,Nao informado,DICT,P2P,Pix,55,3
202411,PF,PF,CENTRO-OESTE,NORTE,entre 50 e 59 anos,entre 20 e 29 anos,MANU,P2P,Pix,"2473645,78",14464
202411,PF,PJ,SUL,NORTE,entre 50 e 59 anos,Nao se aplica,DICT,P2B,Pix,"22104730,56",10973
202411,PF,PF,NORDESTE,NORTE,entre 20 e 29 anos,até 19 anos,MANU,P2P,Pix,"1158963,33",18301
202411,PF,PF,NORTE,NORTE,Nao informado,entre 40 e 49 anos,QRDN,P2P,Pix,"158,25",10
202411,PF,PF,NORTE,CENTRO-OESTE,até 19 anos,mais de 60 anos,Nao disponivel,P2P,Nao disponivel,"6568,37",35
202411,PF,PF,CENTRO-OESTE,SUDESTE,entre 50 e 59 anos,entre 40 e 49 anos,QRDN,P2P,Pix,"444214,4",8578
202411,PJ,PF,SUDESTE,NORTE,Nao se aplica,entre 50 e 59 anos,QRDN,B2P,Pix,73532,1128
202411,PF,PF,SUDESTE,SUDESTE,entre 40 e 49 anos,entre 20 e 29 anos,QRES,P2P,Pix,"86099259,2",1365650
202411,PF,PF,SUL,SUL,entre 20 e 29 anos,entre 40 e 49 anos,MANU,P2P,Pix,"259914137,61",1345095
202411,PF,PF,CENTRO-OESTE,SUL,entre 20 e 29 anos,entre 20 e 29 anos,QRDN,P2P,Pix,"235547,16",6879
202411,PF,PF,Nao informado,NORDESTE,entre 30 e 39 anos,entre 40 e 49 anos,Nao disponivel,P2P,Nao disponivel,"12058,75",30
202411,PF,PF,SUL,SUDESTE,entre 50 e 59 anos,entre 50 e 59 anos,DICT,P2P,Pix,"53455720,05",114419
202411,PF,PF,CENTRO-OESTE,SUL,mais de 60 anos,entre 50 e 59 anos,QRDN,P2P,Pix,"27060,09",457
202411,PJ,PF,CENTRO-OESTE,CENTRO-OESTE,Nao se aplica,entre 30 e 39 anos,Nao disponivel,B2P,Nao disponivel,"7346344,72",25268
202411,PF,PF,SUL,NORTE,mais de 60 anos,entre 50 e 59 anos,QRES,P2P,Pix,"56490,3",878
202411,PF,PF,SUL,SUL,entre 50 e 59 anos,entre 40 e 49 anos,DICT,P2P,Pix,"1466674254,58",3968770
202411,PJ,PF,SUL,SUL,Nao se aplica,entre 20 e 29 anos,QRES,B2P,Pix,"37124555,53",104184
202411,PF,PF,NORTE,CENTRO-OESTE,mais de 60 anos,entre 50 e 59 anos,Nao disponivel,P2P,Nao disponivel,"11795,08",28
202411,PF,PF,SUDESTE,Nao informado,até 19 anos,entre 20 e 29 anos,MANU,P2P,Pix,"18327,19",181
202411,PF,PJ,NORTE,CENTRO-OESTE,até 19 anos,Nao se aplica,QRES,P2B,Pix,"2185198,54",29829
202411,PF,PF,CENTRO-OESTE,NORDESTE,entre 30 e 39 anos,entre 40 e 49 anos,QRDN,P2P,Pix,"1363013,55",43432
202411,PF,PF,SUDESTE,CENTRO-OESTE,até 19 anos,mais de 60 anos,DICT,P2P,Pix,"1439987,3",11620
202411,PF,PF,CENTRO-OESTE,CENTRO-OESTE,Nao informado,entre 30 e 39 anos,MANU,P2P,Pix,"874,74",5
202411,PF,PF,NORDESTE,Nao informado,entre 40 e 49 anos,entre 30 e 39 anos,QRES,P2P,Pix,"46635,65",914
202411,PF,PF,NORTE,SUL,entre 40 e 49 anos,entre 50 e 59 anos,MANU,P2P,Pix,"3052639,76",8472
202411,PF,PF,SUDESTE,Nao informado,entre 50 e 59 anos,entre 30 e 39 anos,QRDN,P2P,Pix,"2937,26",85
202411,PJ,PF,Nao informado,SUL,Nao se aplica,entre 50 e 59 anos,QRDN,B2P,Pix,"446,43",13
202411,PJ,PJ,NORDESTE,SUDESTE,Nao se aplica,Nao se aplica,Nao disponivel,B2B,Nao disponivel,"7406008,12",16467
202411,PF,PF,NORTE,SUL,entre 30 e 39 anos,entre 20 e 29 anos,MANU,P2P,Pix,"3795688,35",31009
202411,PF,PF,NORDESTE,NORDESTE,Nao informado,entre 50 e 59 anos,QRDN,P2P,Pix,97,2
202411,PF,PJ,NORDESTE,NORDESTE,entre 20 e 29 anos,Nao se aplica,QRES,P2G,Pix,"290219,11",6852
202411,PF,PJ,NORDESTE,NORDESTE,entre 20 e 29 anos,Nao se aplica,QRES,P2B,Pix Saque,"101107,33",626
202411,PJ,PF,CENTRO-OESTE,SUL,Nao se aplica,até 19 anos,MANU,B2P,Pix,"411957,08",691
202411,PF,PF,SUDESTE,NORDESTE,entre 20 e 29 anos,entre 50 e 59 anos,QRDN,P2P,Pix,"1902676,18",86015
202411,PF,PF,CENTRO-OESTE,SUL,entre 50 e 59 anos,entre 30 e 39 anos,QRDN,P2P,Pix,"141119,52",2427
202411,PF,PF,NORTE,NORTE,Nao informado,entre 20 e 29 anos,QRES,P2P,Pix,7746,9
202411,PJ,PF,NORDESTE,Nao informado,Nao se aplica,entre 20 e 29 anos,MANU,B2P,Pix,"189961,75",1143
202411,PF,PF,NORDESTE,NORTE,entre 40 e 49 anos,entre 20 e 29 anos,QRES,P2P,Pix,"981961,18",21690
202411,PF,PF,NORDESTE,NORTE,até 19 anos,até 19 anos,DICT,P2P,Pix,"1865542,17",67414
202411,PF,PF,NORDESTE,Nao informado,entre 40 e 49 anos,entre 30 e 39 anos,DICT,P2P,Pix,"3599708,23",17945
202411,PF,PF,Nao informado,CENTRO-OESTE,entre 30 e 39 anos,entre 20 e 29 anos,QRES,P2P,Pix,"25332,1",323
202411,PF,PF,NORTE,Nao informado,entre 20 e 29 anos,até 19 anos,MANU,P2P,Pix,"28285,43",310
202411,PF,PF,NORDESTE,NORTE,mais de 60 anos,até 19 anos,QRDN,P2P,Pix,"4793,72",154
202411,PF,PF,SUDESTE,SUDESTE,entre 50 e 59 anos,entre 30 e 39 anos,QRES,P2P,Pix,"71907570,09",943016
202411,PF,PF,SUL,SUL,entre 40 e 49 anos,até 19 anos,MANU,P2P,Pix,"54993837,37",513609
202411,PJ,PF,Nao informado,CENTRO-OESTE,Nao se aplica,entre 20 e 29 anos,MANU,B2P,Pix,"53260,34",59
202411,PF,PF,SUDESTE,Nao informado,mais de 60 anos,entre 50 e 59 anos,QRES,P2P,Pix,"92549,45",125
202411,PF,PF,NORTE,Nao informado,mais de 60 anos,mais de 60 anos,QRDN,P2P,Pix,"3306,07",16
202411,PJ,PJ,NORDESTE,SUL,Nao se aplica,Nao se aplica,QRES,B2G,Pix,"1534,32",19
202411,PF,PF,SUDESTE,NORTE,entre 30 e 39 anos,entre 40 e 49 anos,QRDN,P2P,Pix,"597300,12",19416
202411,PF,PF,NORDESTE,NORTE,entre 50 e 59 anos,entre 50 e 59 anos,QRDN,P2P,Pix,"247629,18",6345
202411,PF,PJ,SUDESTE,NORTE,entre 20 e 29 anos,Nao se aplica,QRDN,P2B,Pix Saque,"5538,51",21
202411,PF,PF,SUDESTE,SUL,entre 30 e 39 anos,até 19 anos,QRDN,P2P,Pix,"225406,15",2038
202411,PF,PF,NORDESTE,NORDESTE,mais de 60 anos,entre 50 e 59 anos,Nao disponivel,P2P,Nao disponivel,"901111,3",3041
202411,PF,PF,SUDESTE,NORDESTE,entre 40 e 49 anos,Nao informado,DICT,P2P,Pix,2864,13
202411,PF,PJ,SUL,NORDESTE,até 19 anos,Nao se aplica,QRES,P2G,Pix,23,4
202411,PF,PF,Nao informado,Nao informado,entre 20 e 29 anos,entre 20 e 29 anos,DICT,P2P,Pix,"22697574,11",62687
202411,PF,PF,Nao informado,NORDESTE,entre 30 e 39 anos,entre 20 e 29 anos,MANU,P2P,Pix,"310373,77",1925
202411,PF,PF,SUL,SUDESTE,entre 20 e 29 anos,Nao informado,QRES,P2P,Pix,"843318,99",1042
202411,PJ,PF,NORTE,NORTE,Nao se aplica,entre 20 e 29 anos,QRES,G2P,Pix,12,1
202411,PF,PF,Nao informado,SUDESTE,mais de 60 anos,mais de 60 anos,QRDN,P2P,Pix,"2822,27",54
202411,PJ,PF,CENTRO-OESTE,CENTRO-OESTE,Nao se aplica,entre 40 e 49 anos,MANU,B2P,Pix,"865900055,47",347562
202411,PF,PF,NORDESTE,SUDESTE,entre 30 e 39 anos,entre 50 e 59 anos,QRES,P2P,Pix,"8497193,75",223295
202411,PF,PF,NORDESTE,Nao informado,mais de 60 anos,entre 20 e 29 anos,MANU,P2P,Pix,"178145,41",2239
202411,PJ,PF,NORTE,SUDESTE,Nao se aplica,até 19 anos,QRDN,B2P,Pix,"15781,58",97
202411,PF,PF,NORTE,SUDESTE,entre 20 e 29 anos,entre 30 e 39 anos,MANU,P2P,Pix,"7628016,14",58305
202411,PJ,PJ,CENTRO-OESTE,NORDESTE,Nao se aplica,Nao se aplica,MANU,G2B,Pix,"174705525,43",6907
202411,PF,PF,NORTE,Nao informado,entre 20 e 29 anos,entre 30 e 39 anos,QRES,P2P,Pix,"109648,99",3922
202411,PF,PF,NORDESTE,SUDESTE,até 19 anos,entre 30 e 39 anos,QRDN,P2P,Pix,"1337434,37",71674
202411,PF,PF,NORTE,Nao informado,entre 30 e 39 anos,mais de 60 anos,Nao disponivel,P2P,Nao disponivel,10,1
202411,PF,PF,NORTE,NORTE,entre 50 e 59 anos,Nao informado,MANU,P2P,Pix,2062,34
202411,PF,PJ,CENTRO-OESTE,NORTE,mais de 60 anos,Nao se aplica,DICT,P2G,Pix,"57120,09",20
202411,PF,PF,SUL,NORDESTE,entre 30 e 39 anos,até 19 anos,DICT,P2P,Pix,"4345334,27",43062
202411,PF,PJ,SUL,SUDESTE,entre 40 e 49 anos,Nao se aplica,Nao disponivel,P2B,Nao disponivel,"1455924,94",815
202411,PF,PJ,NORDESTE,SUDESTE,até 19 anos,Nao se aplica,INIC,P2B,Pix,"7418,96",12
202411,PF,PF,NORDESTE,Nao informado,entre 50 e 59 anos,mais de 60 anos,Nao disponivel,P2P,Nao disponivel,"596,9",3
202411,PF,PJ,Nao informado,CENTRO-OESTE,entre 50 e 59 anos,Nao se aplica,DICT,P2G,Pix,"1398,73",2
202411,PF,PF,NORTE,SUDESTE,entre 50 e 59 anos,entre 20 e 29 anos,Nao disponivel,P2P,Nao disponivel,"25562,57",85
202411,PJ,PJ,NORTE,SUDESTE,Nao se aplica,Nao se aplica,QRES,G2B,Pix,"14357,29",27
202411,PJ,PJ,SUL,SUL,Nao se aplica,Nao se aplica,DICT,G2B,Pix,"237738294,57",33550
202411,PF,PF,SUDESTE,Nao informado,até 19 anos,até 19 anos,QRES,P2P,Pix,490,15
202411,PF,PJ,SUL,NORDESTE,entre 40 e 49 anos,Nao se aplica,DICT,P2G,Pix,"487,04",8
202411,PF,PF,NORTE,CENTRO-OESTE,até 19 anos,até 19 anos,QRDN,P2P,Pix,"26340,17",1199
202411,PJ,PJ,SUDESTE,Nao informado,Nao se aplica,Nao se aplica,QRES,B2B,Pix,"347261,83",20
202411,PF,PF,NORDESTE,NORDESTE,Nao informado,entre 30 e 39 anos,DICT,P2P,Pix,"10139,74",77
202411,PF,PF,NORTE,Nao informado,entre 40 e 49 anos,entre 30 e 39 anos,QRES,P2P,Pix,"102294,61",1377
202411,PF,PF,Nao informado,NORDESTE,entre 20 e 29 anos,entre 20 e 29 anos,QRES,P2P,Pix,"52265,43",1431
202411,PF,PJ,NORTE,SUDESTE,entre 40 e 49 anos,Nao se aplica,DICT,P2G,Pix,"25073,91",52
202411,PJ,PJ,Nao informado,SUL,Nao se aplica,Nao se aplica,QRES,B2B,Pix,"152010,74",607
202411,PF,PJ,SUDESTE,SUDESTE,entre 20 e 29 anos,Nao se aplica,Nao disponivel,P2G,Nao disponivel,"6384,72",13
202411,PF,PF,NORDESTE,SUL,entre 20 e 29 anos,entre 30 e 39 anos,QRES,P2P,Pix,"1739267,28",42048
202411,PF,PF,Nao informado,Nao informado,entre 20 e 29 anos,mais de 60 anos,DICT,P2P,Pix,"124370,88",437
202411,PF,PF,Nao informado,CENTRO-OESTE,entre 50 e 59 anos,entre 30 e 39 anos,DICT,P2P,Pix,"1615090,97",2006
202411,PJ,PF,SUDESTE,NORTE,Nao se aplica,entre 20 e 29 anos,MANU,B2P,Pix,"283079180,11",976465
202411,PJ,PF,SUDESTE,SUDESTE,Nao se aplica,mais de 60 anos,QRES,B2P,Pix,"46466081,77",226898
202411,PF,PF,Nao informado,SUDESTE,entre 40 e 49 anos,entre 30 e 39 anos,DICT,P2P,Pix,"8534674,69",12879
202411,PF,PJ,Nao informado,SUDESTE,entre 30 e 39 anos,Nao se aplica,MANU,P2G,Pix,"282,8",2
202411,PF,PF,NORTE,Nao informado,até 19 anos,entre 30 e 39 anos,DICT,P2P,Pix,"154440,38",2232
202411,PF,PF,SUDESTE,SUL,entre 50 e 59 anos,entre 30 e 39 anos,QRES,P2P,Pix,"1153124,07",14060
202411,PF,PF,CENTRO-OESTE,NORDESTE,entre 20 e 29 anos,entre 20 e 29 anos,MANU,P2P,Pix,"17159261,26",143119
202411,PF,PF,Nao informado,SUDESTE,entre 20 e 29 anos,entre 20 e 29 anos,DICT,P2P,Pix,"4015086,82",11739
202411,PF,PF,SUDESTE,SUDESTE,entre 20 e 29 anos,entre 40 e 49 anos,MANU,P2P,Pix,"952994303,19",5110368
202411,PJ,PJ,NORTE,NORTE,Nao se aplica,Nao se aplica,MANU,B2G,Pix,"38482750,19",466
202411,PF,PF,NORTE,Nao informado,entre 20 e 29 anos,entre 30 e 39 anos,QRDN,P2P,Pix,"31809,68",1167
202411,PF,PF,NORTE,CENTRO-OESTE,entre 50 e 59 anos,entre 20 e 29 anos,MANU,P2P,Pix,"2128178,67",12058
202411,PF,PJ,CENTRO-OESTE,NORTE,entre 20 e 29 anos,Nao se aplica,QRDN,P2B,Pix Saque,"32962,6",84
202411,PJ,PJ,NORTE,NORTE,Nao se aplica,Nao se aplica,INIC,B2B,Pix,"146517,71",93
202411,PF,PF,CENTRO-OESTE,Nao informado,entre 40 e 49 anos,entre 50 e 59 anos,QRDN,P2P,Pix,"6672,7",189
202411,PF,PF,NORDESTE,NORDESTE,entre 40 e 49 anos,entre 20 e 29 anos,Nao disponivel,P2P,Nao disponivel,"5068846,97",29413
202411,PF,PF,Nao informado,Nao informado,entre 40 e 49 anos,mais de 60 anos,QRES,P2P,Pix,"5984,9",55
202411,PF,PF,SUDESTE,SUDESTE,entre 40 e 49 anos,entre 20 e 29 anos,MANU,P2P,Pix,"664516414,49",4004609
202411,PF,PF,NORTE,SUDESTE,entre 30 e 39 anos,entre 20 e 29 anos,Nao disponivel,P2P,Nao disponivel,"141030,54",643
202411,PF,PF,SUL,Nao informado,entre 20 e 29 anos,até 19 anos,QRDN,P2P,Pix,32,1
202411,PJ,PF,CENTRO-OESTE,NORTE,Nao se aplica,mais de 60 anos,QRES,B2P,Pix,"97322,75",932
202411,PF,PF,SUDESTE,Nao informado,entre 50 e 59 anos,mais de 60 anos,MANU,P2P,Pix,"1582591,97",666
202411,PF,PF,NORTE,NORDESTE,entre 20 e 29 anos,mais de 60 anos,DICT,P2P,Pix,"9012834,79",42255
202411,PF,PF,CENTRO-OESTE,NORDESTE,entre 50 e 59 anos,entre 20 e 29 anos,Nao disponivel,P2P,Nao disponivel,"46887,64",299
202411,PF,PF,NORDESTE,Nao informado,até 19 anos,entre 40 e 49 anos,QRDN,P2P,Pix,"2000,07",119
202411,PF,PF,SUL,SUL,entre 20 e 29 anos,entre 40 e 49 anos,INIC,P2P,Pix,126,3
202411,PF,PF,Nao informado,SUL,até 19 anos,entre 20 e 29 anos,Nao disponivel,P2P,Nao disponivel,"405,5",3
202411,PF,PJ,NORDESTE,SUDESTE,até 19 anos,Nao se aplica,QRDN,P2G,Pix,"47490,32",247
202411,PF,PF,Nao informado,CENTRO-OESTE,entre 20 e 29 anos,entre 40 e 49 anos,DICT,P2P,Pix,1192378,2898
202411,PF,PF,NORTE,CENTRO-OESTE,entre 30 e 39 anos,mais de 60 anos,Nao disponivel,P2P,Nao disponivel,"36377,98",103
202411,PJ,PF,SUL,SUL,Nao se aplica,entre 30 e 39 anos,QRDN,B2P,Pix,"7521571,81",84033
202411,PF,PF,NORDESTE,Nao informado,até 19 anos,entre 30 e 39 anos,QRDN,P2P,Pix,"2588,6",155
202411,PF,PF,SUL,CENTRO-OESTE,até 19 anos,entre 20 e 29 anos,QRDN,P2P,Pix,"171295,28",1980
202411,PF,PF,NORTE,SUL,entre 50 e 59 anos,mais de 60 anos,DICT,P2P,Pix,"6576195,28",14263
202411,PJ,PJ,NORTE,SUDESTE,Nao se aplica,Nao se aplica,DICT,B2G,Pix,"6879,27",14
202411,PF,PF,NORDESTE,NORDESTE,entre 50 e 59 anos,até 19 anos,QRDN,P2P,Pix,"2270333,19",61241
202411,PF,PF,SUL,SUDESTE,entre 50 e 59 anos,mais de 60 anos,QRDN,P2P,Pix,"165974,9",3218
202411,PF,PF,NORDESTE,CENTRO-OESTE,até 19 anos,entre 40 e 49 anos,Nao disponivel,P2P,Nao disponivel,"44590,27",463
202411,PF,PF,SUDESTE,SUDESTE,entre 30 e 39 anos,entre 50 e 59 anos,QRDN,P2P,Pix,"58094251,41",2186623
202411,PF,PJ,NORTE,NORTE,entre 20 e 29 anos,Nao se aplica,QRDN,P2B,Pix Troco,"2023,76",6
202411,PF,PF,NORDESTE,SUDESTE,entre 40 e 49 anos,até 19 anos,QRES,P2P,Pix,"959256,4",10910
202411,PF,PF,SUDESTE,NORDESTE,entre 40 e 49 anos,entre 20 e 29 anos,QRDN,P2P,Pix,"4300346,08",127692
202411,PF,PF,Nao informado,CENTRO-OESTE,Nao informado,entre 40 e 49 anos,DICT,P2P,Pix,"6,7",2
202411,PF,PF,SUL,NORDESTE,entre 20 e 29 anos,entre 50 e 59 anos,QRES,P2P,Pix,"445313,08",12467
202411,PF,PJ,NORDESTE,NORDESTE,entre 30 e 39 anos,Nao se aplica,MANU,P2G,Pix,"388347,67",546
202411,PF,PF,SUL,NORDESTE,entre 30 e 39 anos,entre 50 e 59 anos,MANU,P2P,Pix,"2887665,6",11054
202411,PF,PF,SUL,Nao informado,entre 40 e 49 anos,entre 30 e 39 anos,DICT,P2P,Pix,"3906843,31",6985
202411,PF,PF,Nao informado,NORTE,até 19 anos,até 19 anos,DICT,P2P,Pix,"16860,83",415
202411,PF,PF,NORTE,CENTRO-OESTE,mais de 60 anos,entre 30 e 39 anos,QRES,P2P,Pix,"257468,53",2740
202411,PF,PF,CENTRO-OESTE,Nao informado,até 19 anos,entre 30 e 39 anos,DICT,P2P,Pix,"126013,68",502
202411,PF,PJ,SUDESTE,Nao informado,mais de 60 anos,Nao se aplica,Nao disponivel,P2B,Nao disponivel,"1843,66",3
202411,PF,PJ,SUDESTE,SUDESTE,até 19 anos,Nao se aplica,MANU,P2B,Pix,"57227540,49",535746
202411,PF,PF,NORDESTE,NORTE,até 19 anos,entre 20 e 29 anos,QRES,P2P,Pix,"319496,07",14453
202411,PJ,PF,SUDESTE,NORDESTE,Nao se aplica,entre 20 e 29 anos,DICT,B2P,Pix,"2456135068,36",12430535
202411,PF,PF,SUL,SUL,até 19 anos,até 19 anos,DICT,P2P,Pix,"490088080,23",4034773
202411,PF,PJ,NORTE,NORTE,entre 40 e 49 anos,Nao se aplica,MANU,P2G,Pix,"405209,05",270
202411,PF,PF,CENTRO-OESTE,CENTRO-OESTE,entre 40 e 49 anos,entre 40 e 49 anos,MANU,P2P,Pix,"1957952012,32",3809093
202411,PF,PJ,SUDESTE,CENTRO-OESTE,entre 20 e 29 anos,Nao se aplica,QRDN,P2G,Pix,"65146463,91",556190
202411,PF,PF,SUDESTE,NORDESTE,até 19 anos,entre 20 e 29 anos,Nao disponivel,P2P,Nao disponivel,"323438,29",4331
202411,PF,PF,CENTRO-OESTE,Nao informado,mais de 60 anos,entre 20 e 29 anos,QRES,P2P,Pix,"3017,69",41
202411,PF,PJ,NORDESTE,Nao informado,entre 40 e 49 anos,Nao se aplica,DICT,P2B,Pix,"279105,31",367
202411,PF,PF,Nao informado,CENTRO-OESTE,até 19 anos,mais de 60 anos,DICT,P2P,Pix,"28457,2",46
202411,PF,PF,SUDESTE,SUL,entre 50 e 59 anos,entre 20 e 29 anos,MANU,P2P,Pix,"5001561,22",23098
202411,PF,PF,Nao informado,CENTRO-OESTE,entre 20 e 29 anos,entre 50 e 59 anos,DICT,P2P,Pix,"576084,84",1435
202411,PF,PF,Nao informado,Nao informado,entre 40 e 49 anos,entre 40 e 49 anos,QRES,P2P,Pix,"1562323,51",1228
202411,PF,PJ,SUL,NORDESTE,entre 50 e 59 anos,Nao se aplica,DICT,P2G,Pix,"647,8",11
202411,PF,PJ,SUL,NORTE,até 19 anos,Nao se aplica,QRDN,P2G,Pix,"3582,68",30
202411,PF,PJ,NORTE,NORDESTE,entre 40 e 49 anos,Nao se aplica,QRES,P2B,Pix,"10745766,43",126564
202411,PF,PF,Nao informado,NORDESTE,entre 20 e 29 anos,entre 30 e 39 anos,Nao disponivel,P2P,Nao disponivel,"3245,44",29
202411,PF,PJ,NORDESTE,Nao informado,entre 50 e 59 anos,Nao se aplica,MANU,P2B,Pix,"49274,95",80
202411,PF,PJ,SUL,SUL,entre 40 e 49 anos,Nao se aplica,QRDN,P2B,Pix Troco,"93324,01",240
202411,PF,PF,CENTRO-OESTE,NORDESTE,até 19 anos,entre 40 e 49 anos,QRES,P2P,Pix,"358227,21",17459
202411,PF,PJ,NORTE,SUL,até 19 anos,Nao se aplica,QRDN,P2B,Pix,"29014566,51",697513
202411,PJ,PF,SUDESTE,Nao informado,Nao se aplica,entre 30 e 39 anos,DICT,G2P,Pix,"1561,09",1
202411,PF,PF,SUDESTE,SUDESTE,entre 20 e 29 anos,entre 50 e 59 anos,QRES,P2P,Pix,"93581737,27",2510631
202411,PF,PF,NORTE,SUL,mais de 60 anos,entre 40 e 49 anos,QRDN,P2P,Pix,"27452,99",465
202411,PF,PF,SUDESTE,SUDESTE,entre 40 e 49 anos,entre 50 e 59 anos,DICT,P2P,Pix,"4911677335,83",16218750
202411,PF,PJ,NORTE,SUL,entre 50 e 59 anos,Nao se aplica,QRDN,P2B,Pix,"72841596,23",834551
202411,PF,PF,NORDESTE,SUDESTE,entre 50 e 59 anos,mais de 60 anos,QRDN,P2P,Pix,"437552,71",12150
202411,PF,PF,NORDESTE,NORDESTE,entre 40 e 49 anos,entre 20 e 29 anos,MANU,P2P,Pix,"464889399,82",3919334
202411,PF,PF,Nao informado,SUL,entre 50 e 59 anos,entre 30 e 39 anos,Nao disponivel,P2P,Nao disponivel,"3399,8",4
202411,PF,PF,SUDESTE,SUL,entre 30 e 39 anos,entre 50 e 59 anos,QRDN,P2P,Pix,"601481,63",17109
202411,PJ,PF,NORDESTE,SUL,Nao se aplica,entre 30 e 39 anos,MANU,G2P,Pix,"109376,33",18
202411,PF,PF,Nao informado,SUL,entre 50 e 59 anos,mais de 60 anos,QRDN,P2P,Pix,"3226,98",61
202411,PF,PJ,NORTE,NORTE,entre 20 e 29 anos,Nao se aplica,Nao disponivel,P2B,Nao disponivel,"4009366,55",4815
202411,PF,PF,SUDESTE,Nao informado,mais de 60 anos,até 19 anos,QRES,P2P,Pix,502,10
202411,PJ,PJ,SUDESTE,SUDESTE,Nao se aplica,Nao se aplica,DICT,G2B,Pix,"139527260,63",29330
202411,PJ,PF,CENTRO-OESTE,NORTE,Nao se aplica,mais de 60 anos,Nao disponivel,B2P,Nao disponivel,"62003,27",212
202411,PJ,PF,CENTRO-OESTE,SUDESTE,Nao se aplica,entre 50 e 59 anos,QRES,B2P,Pix,"1700068,51",4965
202411,PF,PF,SUL,Nao informado,entre 50 e 59 anos,entre 40 e 49 anos,MANU,P2P,Pix,"384091,33",465
202411,PF,PF,Nao informado,SUL,Nao informado,até 19 anos,DICT,P2P,Pix,40,3
202411,PF,PF,NORDESTE,NORTE,até 19 anos,entre 20 e 29 anos,Nao disponivel,P2P,Nao disponivel,"70606,81",905
202411,PF,PF,SUL,NORDESTE,mais de 60 anos,mais de 60 anos,QRDN,P2P,Pix,"39336,9",709
202411,PF,PJ,SUL,NORTE,entre 50 e 59 anos,Nao se aplica,MANU,P2G,Pix,30,1
202411,PF,PF,NORTE,SUDESTE,entre 40 e 49 anos,entre 20 e 29 anos,QRDN,P2P,Pix,"387256,67",10022
202411,PF,PJ,Nao informado,SUL,entre 40 e 49 anos,Nao se aplica,Nao disponivel,P2B,Nao disponivel,"11730,86",13
202411,PF,PF,NORTE,SUL,até 19 anos,até 19 anos,Nao disponivel,P2P,Nao disponivel,"17033,54",672
202411,PJ,PF,CENTRO-OESTE,NORTE,Nao se aplica,até 19 anos,MANU,B2P,Pix,"1017616,97",2136
202411,PF,PF,Nao informado,SUL,Nao informado,entre 30 e 39 anos,DICT,P2P,Pix,"62,35",9
202411,PF,PF,NORDESTE,SUDESTE,entre 40 e 49 anos,entre 20 e 29 anos,QRES,P2P,Pix,"4963604,66",76767
202411,PF,PF,NORTE,CENTRO-OESTE,entre 50 e 59 anos,entre 50 e 59 anos,QRES,P2P,Pix,"516628,47",6913
202411,PF,PF,SUL,Nao informado,até 19 anos,mais de 60 anos,QRDN,P2P,Pix,365,5
202411,PJ,PF,NORDESTE,CENTRO-OESTE,Nao se aplica,até 19 anos,MANU,G2P,Pix,1318,2
202411,PF,PF,SUL,SUDESTE,entre 50 e 59 anos,Nao informado,INIC,P2P,Pix,"94,54",1
202411,PF,PF,SUL,NORDESTE,entre 40 e 49 anos,até 19 anos,QRDN,P2P,Pix,"27207,61",873
202411,PF,PF,CENTRO-OESTE,NORDESTE,mais de 60 anos,até 19 anos,QRDN,P2P,Pix,"14982,66",219
202411,PF,PF,NORDESTE,NORDESTE,entre 30 e 39 anos,até 19 anos,Nao disponivel,P2P,Nao disponivel,"1116677,7",16177
202411,PF,PF,NORTE,NORTE,entre 20 e 29 anos,até 19 anos,QRDN,P2P,Pix,"1842436,78",76209
202411,PF,PF,SUL,CENTRO-OESTE,entre 30 e 39 anos,entre 40 e 49 anos,MANU,P2P,Pix,"4025213,6",12782
202411,PF,PF,CENTRO-OESTE,SUDESTE,até 19 anos,entre 50 e 59 anos,MANU,P2P,Pix,"327245,76",4082
202411,PF,PF,SUL,SUL,entre 30 e 39 anos,até 19 anos,QRDN,P2P,Pix,"852337,98",22911
202411,PF,PF,Nao informado,SUDESTE,entre 30 e 39 anos,entre 30 e 39 anos,Nao disponivel,P2P,Nao disponivel,"58561,34",62
202411,PF,PJ,CENTRO-OESTE,NORDESTE,mais de 60 anos,Nao se aplica,QRES,P2B,Pix,"2642861,36",20929
202411,PF,PF,NORTE,NORTE,entre 30 e 39 anos,entre 40 e 49 anos,DICT,P2P,Pix,"1604168359,75",7582541
202411,PF,PF,NORTE,SUDESTE,entre 30 e 39 anos,mais de 60 anos,MANU,P2P,Pix,"4732161,76",11406
202411,PF,PF,CENTRO-OESTE,NORDESTE,mais de 60 anos,entre 30 e 39 anos,Nao disponivel,P2P,Nao disponivel,"20151,92",143
202411,PJ,PF,NORDESTE,SUDESTE,Nao se aplica,até 19 anos,DICT,B2P,Pix,"127206423,04",1079963
202411,PF,PF,SUDESTE,Nao informado,entre 20 e 29 anos,entre 20 e 29 anos,QRDN,P2P,Pix,"1185,16",74
202411,PF,PJ,NORTE,NORTE,até 19 anos,Nao se aplica,QRES,P2G,Pix,"13328,24",308
202411,PF,PF,NORTE,SUL,entre 20 e 29 anos,entre 40 e 49 anos,QRDN,P2P,Pix,660207,24283
202411,PF,PF,SUDESTE,NORDESTE,entre 20 e 29 anos,entre 30 e 39 anos,Nao disponivel,P2P,Nao disponivel,"968627,57",6019
202411,PF,PF,SUDESTE,CENTRO-OESTE,até 19 anos,entre 20 e 29 anos,QRES,P2P,Pix,"373823,61",16211
202411,PF,PF,SUL,SUL,entre 30 e 39 anos,entre 40 e 49 anos,QRDN,P2P,Pix,"17913518,15",463642
202411,PF,PF,NORTE,NORDESTE,entre 40 e 49 anos,até 19 anos,MANU,P2P,Pix,"1049526,68",14060
202411,PF,PF,NORTE,SUDESTE,até 19 anos,Nao informado,INIC,P2P,Pix,"56,35",1
202411,PF,PF,NORTE,CENTRO-OESTE,entre 40 e 49 anos,entre 40 e 49 anos,QRDN,P2P,Pix,"965834,6",25897
202411,PF,PF,SUDESTE,NORDESTE,entre 30 e 39 anos,entre 40 e 49 anos,QRDN,P2P,Pix,"5346945,09",191770
202411,PF,PF,Nao informado,CENTRO-OESTE,entre 20 e 29 anos,entre 40 e 49 anos,Nao disponivel,P2P,Nao disponivel,2330,8
202411,PJ,PJ,SUL,SUL,Nao se aplica,Nao se aplica,QRDN,B2G,Pix,"352333982,36",312964
202411,PJ,PJ,NORDESTE,NORDESTE,Nao se aplica,Nao se aplica,INIC,B2B,Pix,"519546,46",148
202411,PF,PF,NORDESTE,SUDESTE,mais de 60 anos,entre 50 e 59 anos,QRES,P2P,Pix,"1166541,82",13641
202411,PF,PJ,Nao informado,NORTE,Nao informado,Nao se aplica,DICT,P2B,Pix,533,9
202411,PF,PJ,CENTRO-OESTE,CENTRO-OESTE,entre 30 e 39 anos,Nao se aplica,MANU,P2B,Pix Saque,2440,5
202411,PF,PJ,SUDESTE,NORDESTE,entre 20 e 29 anos,Nao se aplica,QRDN,P2G,Pix,"1016602,46",3058
202411,PF,PF,CENTRO-OESTE,SUDESTE,entre 40 e 49 anos,mais de 60 anos,QRDN,P2P,Pix,"328139,94",8669
202411,PF,PJ,Nao informado,NORTE,Nao informado,Nao se aplica,QRDN,P2B,Pix,"539,76",28
202411,PF,PF,NORDESTE,SUL,entre 20 e 29 anos,entre 30 e 39 anos,QRDN,P2P,Pix,"1036288,88",35394
202411,PF,PF,NORTE,SUL,até 19 anos,mais de 60 anos,DICT,P2P,Pix,680822,6274
202411,PF,PF,SUDESTE,SUDESTE,entre 40 e 49 anos,entre 40 e 49 anos,QRES,P2P,Pix,"782093252,96",3712197
202411,PF,PF,SUDESTE,CENTRO-OESTE,entre 50 e 59 anos,entre 40 e 49 anos,QRDN,P2P,Pix,"419365,11",9563
202411,PF,PJ,Nao informado,SUDESTE,Nao informado,Nao se aplica,MANU,P2B,Pix,"139821,83",67
202411,PF,PJ,NORTE,CENTRO-OESTE,Nao informado,Nao se aplica,QRDN,P2B,Pix,"1250,55",9
202411,PF,PF,CENTRO-OESTE,CENTRO-OESTE,entre 30 e 39 anos,entre 50 e 59 anos,QRDN,P2P,Pix,"14224721,28",450615
202411,PJ,PF,SUDESTE,CENTRO-OESTE,Nao se aplica,mais de 60 anos,DICT,G2P,Pix,"48344,03",20
202411,PJ,PF,SUL,SUDESTE,Nao se aplica,até 19 anos,Nao disponivel,B2P,Nao disponivel,"6505505,39",47907
202411,PF,PF,SUL,SUDESTE,entre 30 e 39 anos,entre 20 e 29 anos,QRDN,P2P,Pix,"854402,35",21616
202411,PF,PF,NORTE,Nao informado,mais de 60 anos,entre 30 e 39 anos,QRES,P2P,Pix,"13976,63",153
202411,PF,PJ,CENTRO-OESTE,NORDESTE,Nao informado,Nao se aplica,QRDN,P2B,Pix,10,1
202411,PF,PJ,CENTRO-OESTE,CENTRO-OESTE,até 19 anos,Nao se aplica,QRDN,P2B,Pix Troco,"2517,17",3
202411,PF,PF,SUL,NORTE,entre 50 e 59 anos,entre 30 e 39 anos,Nao disponivel,P2P,Nao disponivel,"69707,18",112
202411,PF,PF,CENTRO-OESTE,SUL,mais de 60 anos,entre 20 e 29 anos,QRES,P2P,Pix,"110470,83",807
202411,PF,PF,NORTE,Nao informado,entre 20 e 29 anos,entre 50 e 59 anos,QRDN,P2P,Pix,"6244,99",252
202411,PF,PF,SUDESTE,NORTE,entre 40 e 49 anos,entre 40 e 49 anos,QRES,P2P,Pix,"1051453,63",22080
202411,PF,PF,NORDESTE,SUDESTE,entre 30 e 39 anos,entre 20 e 29 anos,MANU,P2P,Pix,"38527275,58",305880
202411,PF,PJ,SUDESTE,CENTRO-OESTE,entre 50 e 59 anos,Nao se aplica,DICT,P2B,Pix,"151456427,28",94359
202411,PJ,PF,Nao informado,Nao informado,Nao se aplica,até 19 anos,DICT,B2P,Pix,"21412,67",52
202411,PF,PF,Nao informado,CENTRO-OESTE,entre 50 e 59 anos,mais de 60 anos,Nao disponivel,P2P,Nao disponivel,10,1
202411,PF,PJ,Nao informado,SUDESTE,entre 50 e 59 anos,Nao se aplica,MANU,P2G,Pix,500,1
202411,PF,PF,SUDESTE,Nao informado,entre 40 e 49 anos,até 19 anos,QRDN,P2P,Pix,"413,33",12
202411,PF,PJ,CENTRO-OESTE,SUDESTE,entre 40 e 49 anos,Nao se aplica,QRES,P2G,Pix,"57691,12",393
202411,PF,PJ,SUDESTE,SUL,até 19 anos,Nao se aplica,INIC,P2B,Pix,"34,99",1
202411,PF,PJ,NORDESTE,SUDESTE,entre 30 e 39 anos,Nao se aplica,MANU,P2B,Pix,"83383669,55",189444
202411,PF,PF,CENTRO-OESTE,SUDESTE,entre 20 e 29 anos,entre 50 e 59 anos,QRES,P2P,Pix,"1191966,68",28496
202411,PF,PJ,CENTRO-OESTE,NORTE,entre 30 e 39 anos,Nao se aplica,QRDN,P2B,Pix,"42194510,33",832599
202411,PF,PF,SUDESTE,SUDESTE,mais de 60 anos,mais de 60 anos,DICT,P2P,Pix,"9803679509,33",13144408
202411,PF,PF,SUDESTE,CENTRO-OESTE,entre 50 e 59 anos,Nao informado,DICT,P2P,Pix,295,2
202411,PF,PF,NORDESTE,NORDESTE,entre 40 e 49 anos,entre 30 e 39 anos,INIC,P2P,Pix,5,1
202411,PF,PJ,NORDESTE,Nao informado,até 19 anos,Nao se aplica,QRES,P2B,Pix,"3951,99",225
202411,PF,PF,SUDESTE,SUDESTE,mais de 60 anos,Nao informado,QRES,P2P,Pix,"1381053,78",1004
202411,PF,PJ,SUDESTE,NORTE,entre 20 e 29 anos,Nao se aplica,QRDN,P2B,Pix,"79005215,49",2084179
202411,PF,PF,Nao informado,SUDESTE,mais de 60 anos,entre 30 e 39 anos,MANU,P2P,Pix,"694298,91",869
202411,PJ,PF,CENTRO-OESTE,NORDESTE,Nao se aplica,entre 30 e 39 anos,QRDN,B2P,Pix,"363152,55",5442
202411,PF,PF,NORDESTE,SUDESTE,mais de 60 anos,entre 20 e 29 anos,QRDN,P2P,Pix,"233592,87",5253
202411,PF,PJ,NORDESTE,Nao informado,entre 40 e 49 anos,Nao se aplica,MANU,P2B,Pix,"136123,37",63
202411,PJ,PJ,SUDESTE,SUL,Nao se aplica,Nao se aplica,DICT,G2G,Pix,"2680,54",1
202411,PF,PF,SUDESTE,SUL,entre 30 e 39 anos,entre 20 e 29 anos,Nao disponivel,P2P,Nao disponivel,"290475,43",1675
202411,PF,PJ,NORTE,SUL,entre 40 e 49 anos,Nao se aplica,DICT,P2B,Pix,"53650808,44",71248
202411,PJ,PF,SUDESTE,Nao informado,Nao se aplica,mais de 60 anos,Nao disponivel,B2P,Nao disponivel,"256306,96",466
202411,PF,PJ,NORTE,CENTRO-OESTE,entre 20 e 29 anos,Nao se aplica,QRDN,P2B,Pix Saque,"252387,36",578
202411,PF,PF,SUDESTE,Nao informado,entre 30 e 39 anos,até 19 anos,QRDN,P2P,Pix,"991,27",25
202411,PJ,PF,NORDESTE,NORTE,Nao se aplica,até 19 anos,MANU,G2P,Pix,"1303,1",1
202411,PF,PF,SUDESTE,CENTRO-OESTE,entre 50 e 59 anos,mais de 60 anos,DICT,P2P,Pix,"45690131,54",48810
202411,PF,PJ,CENTRO-OESTE,SUL,até 19 anos,Nao se aplica,DICT,P2G,Pix,"1035,42",5
202411,PF,PF,SUDESTE,NORTE,entre 20 e 29 anos,entre 50 e 59 anos,MANU,P2P,Pix,"2372981,31",8798
202411,PF,PJ,CENTRO-OESTE,CENTRO-OESTE,entre 40 e 49 anos,Nao se aplica,MANU,P2G,Pix,"159660,55",260
202411,PF,PF,SUDESTE,SUL,mais de 60 anos,entre 30 e 39 anos,Nao disponivel,P2P,Nao disponivel,"127743,62",203
202411,PF,PF,NORTE,Nao informado,entre 50 e 59 anos,entre 50 e 59 anos,MANU,P2P,Pix,"65235,93",347
202411,PF,PF,NORTE,CENTRO-OESTE,mais de 60 anos,entre 40 e 49 anos,MANU,P2P,Pix,"2785877,32",4544
202411,PF,PF,SUDESTE,SUL,entre 30 e 39 anos,até 19 anos,MANU,P2P,Pix,"1428141,94",13386
202411,PJ,PF,CENTRO-OESTE,NORDESTE,Nao se aplica,até 19 anos,MANU,B2P,Pix,"1500653,83",2914
202411,PF,PJ,NORDESTE,SUDESTE,entre 30 e 39 anos,Nao se aplica,DICT,P2B,Pix,"633299583,58",856201
202411,PF,PJ,SUDESTE,NORDESTE,entre 30 e 39 anos,Nao se aplica,INIC,P2B,Pix,6,3
202411,PF,PF,SUL,CENTRO-OESTE,até 19 anos,mais de 60 anos,MANU,P2P,Pix,"111262,74",610
202411,PF,PJ,CENTRO-OESTE,NORTE,entre 50 e 59 anos,Nao se aplica,QRDN,P2G,Pix,"735544,68",1071
202411,PF,PJ,Nao informado,SUDESTE,entre 30 e 39 anos,Nao se aplica,DICT,P2G,Pix,"1076,51",5
202411,PF,PF,SUL,CENTRO-OESTE,entre 20 e 29 anos,entre 20 e 29 anos,DICT,P2P,Pix,"23986864,16",129862
202411,PF,PF,NORDESTE,CENTRO-OESTE,entre 20 e 29 anos,entre 20 e 29 anos,DICT,P2P,Pix,"86764300,81",638164
202411,PJ,PF,NORTE,NORDESTE,Nao se aplica,mais de 60 anos,Nao disponivel,B2P,Nao disponivel,"29035,53",199
202411,PF,PF,NORDESTE,SUDESTE,até 19 anos,até 19 anos,DICT,P2P,Pix,"8480242,43",306438
202411,PF,PF,SUDESTE,Nao informado,mais de 60 anos,mais de 60 anos,DICT,P2P,Pix,"4049370,3",2507
202411,PF,PF,NORDESTE,NORDESTE,mais de 60 anos,entre 50 e 59 anos,MANU,P2P,Pix,"140543372,09",571988
202411,PF,PF,NORTE,CENTRO-OESTE,entre 50 e 59 anos,entre 50 e 59 anos,QRDN,P2P,Pix,"224724,83",5404
202411,PF,PF,SUDESTE,Nao informado,entre 40 e 49 anos,entre 30 e 39 anos,QRES,P2P,Pix,"129663,1",1032
202411,PF,PF,NORDESTE,NORDESTE,entre 50 e 59 anos,entre 20 e 29 anos,MANU,P2P,Pix,"281731139,01",2101481
202411,PF,PF,CENTRO-OESTE,CENTRO-OESTE,entre 40 e 49 anos,entre 50 e 59 anos,QRDN,P2P,Pix,"11091541,65",322339
202411,PF,PJ,SUL,CENTRO-OESTE,entre 40 e 49 anos,Nao se aplica,QRDN,P2B,Pix Troco,"195,86",1
202411,PF,PF,NORDESTE,SUDESTE,até 19 anos,mais de 60 anos,QRES,P2P,Pix,"475632,27",30599
202411,PF,PF,CENTRO-OESTE,SUL,entre 50 e 59 anos,entre 40 e 49 anos,DICT,P2P,Pix,"22493695,06",42243
202411,PJ,PF,SUDESTE,CENTRO-OESTE,Nao se aplica,mais de 60 anos,MANU,G2P,Pix,"60499,7",26
202411,PF,PF,SUL,CENTRO-OESTE,entre 30 e 39 anos,mais de 60 anos,Nao disponivel,P2P,Nao disponivel,"32209,58",88
202411,PF,PF,NORDESTE,NORTE,até 19 anos,até 19 anos,MANU,P2P,Pix,"411063,83",13530
202411,PJ,PF,SUDESTE,NORTE,Nao se aplica,Nao informado,MANU,B2P,Pix,"3445,68",9
202411,PF,PF,NORTE,NORTE,entre 40 e 49 anos,até 19 anos,DICT,P2P,Pix,"188204172,22",2086010
202411,PF,PF,CENTRO-OESTE,NORDESTE,entre 20 e 29 anos,entre 20 e 29 anos,DICT,P2P,Pix,"82380011,78",602651
202411,PF,PF,SUDESTE,Nao informado,entre 30 e 39 anos,mais de 60 anos,QRDN,P2P,Pix,"3847,42",128
202411,PF,PF,CENTRO-OESTE,NORDESTE,entre 40 e 49 anos,até 19 anos,Nao disponivel,P2P,Nao disponivel,"21084,13",361
202411,PJ,PF,SUDESTE,NORDESTE,Nao se aplica,entre 40 e 49 anos,QRDN,B2P,Pix,"861991,03",13214
202411,PJ,PF,CENTRO-OESTE,Nao informado,Nao se aplica,entre 40 e 49 anos,QRES,B2P,Pix,"34001,22",83
202411,PF,PF,SUL,Nao informado,entre 30 e 39 anos,entre 30 e 39 anos,Nao disponivel,P2P,Nao disponivel,"6686,91",25
202411,PF,PF,SUDESTE,SUDESTE,Nao informado,entre 30 e 39 anos,QRES,P2P,Pix,70,2
202411,PF,PF,NORTE,Nao informado,entre 40 e 49 anos,até 19 anos,DICT,P2P,Pix,"274758,11",934
202411,PF,PF,NORDESTE,NORTE,entre 40 e 49 anos,entre 30 e 39 anos,QRES,P2P,Pix,"1831591,41",38142
202411,PF,PF,CENTRO-OESTE,NORDESTE,entre 20 e 29 anos,até 19 anos,QRDN,P2P,Pix,"127493,17",2572
202411,PF,PF,CENTRO-OESTE,SUL,entre 30 e 39 anos,entre 50 e 59 anos,QRES,P2P,Pix,"427047,51",7487
202411,PF,PF,CENTRO-OESTE,SUL,até 19 anos,até 19 anos,QRES,P2P,Pix,"45145,15",2378
202411,PF,PJ,SUDESTE,SUL,entre 40 e 49 anos,Nao se aplica,QRES,P2G,Pix,"30781,09",347
202411,PF,PF,CENTRO-OESTE,NORDESTE,entre 30 e 39 anos,até 19 anos,MANU,P2P,Pix,"1654829,38",20409
202411,PJ,PF,CENTRO-OESTE,CENTRO-OESTE,Nao se aplica,entre 20 e 29 anos,DICT,B2P,Pix,"2534145863,36",3206010
202411,PF,PF,NORDESTE,SUDESTE,mais de 60 anos,Nao informado,INIC,P2P,Pix,"171,77",2
202411,PJ,PJ,CENTRO-OESTE,NORDESTE,Nao se aplica,Nao se aplica,QRDN,B2G,Pix,"5777865,56",84652
202411,PF,PF,Nao informado,Nao informado,entre 20 e 29 anos,mais de 60 anos,Nao disponivel,P2P,Nao disponivel,1960,3
202411,PF,PF,SUL,SUDESTE,entre 30 e 39 anos,entre 30 e 39 anos,MANU,P2P,Pix,"27433306,12",103889
202411,PF,PF,NORTE,SUL,entre 20 e 29 anos,até 19 anos,Nao disponivel,P2P,Nao disponivel,"15566,8",454
202411,PF,PF,SUL,SUL,mais de 60 anos,entre 30 e 39 anos,MANU,P2P,Pix,"110991918,96",274772
202411,PF,PF,NORDESTE,CENTRO-OESTE,mais de 60 anos,entre 40 e 49 anos,Nao disponivel,P2P,Nao disponivel,"30560,55",79
202411,PF,PF,SUDESTE,NORDESTE,entre 50 e 59 anos,entre 50 e 59 anos,MANU,P2P,Pix,"20378916,24",76549
202411,PF,PF,SUL,CENTRO-OESTE,entre 50 e 59 anos,até 19 anos,MANU,P2P,Pix,"144927,83",1265
202411,PJ,PF,SUL,SUL,Nao se aplica,entre 40 e 49 anos,MANU,G2P,Pix,"1486756,27",1126
